1724166879526834500,1,513.0,587.8,217.29999999999995,49.60000000000002,1,2,1.0
1724166879590238800,1,513.1,591.77,216.0,45.17000000000007,1,2,1.0
1724166879655045300,1,512.8,596.57,203.71000000000004,39.64999999999998,1,2,1.0
1724166879723100100,1,511.1,600.43,201.41999999999996,35.15000000000009,1,2,1.0
1724166879789213000,1,507.5,601.17,204.83000000000004,32.50999999999999,1,2,1.0
1724166879850803700,1,509.07,607.29,201.63000000000005,24.030000000000086,1,2,1.0
1724166879920598100,1,503.91,605.45,204.43,23.229999999999905,1,2,1.0
1724166879970507300,1,499.7,607.74,205.47999999999996,22.210000000000036,1,2,1.0
1724166880033781300,1,501.5,608.39,198.55999999999995,20.389999999999986,1,2,1.0
1724166880102776800,1,498.2,607.06,202.99000000000007,21.440000000000055,1,2,1.0
1724166880164874000,1,494.29,607.56,205.53000000000003,20.550000000000068,1,2,1.0
1724166880228170200,1,492.48,605.87,204.72000000000003,24.82000000000005,1,2,1.0
1724166880295112600,1,493.86,608.0,202.26999999999998,22.789999999999964,1,2,1.0
1724166880365484900,1,493.6,605.85,201.25,24.539999999999964,1,2,1.0
1724166880419279700,1,491.41,607.03,206.08999999999997,25.269999999999982,1,2,1.0
1724166880491887200,1,496.4,606.01,195.26,26.850000000000023,1,2,1.0
1724166880554600700,1,494.11,604.05,201.78999999999996,27.629999999999995,1,2,1.0
1724166880623117800,1,484.74,602.16,210.15999999999997,28.82000000000005,1,2,1.0
1724166880677092700,1,482.64,600.89,209.56000000000006,32.629999999999995,1,2,1.0
1724166880747561700,1,483.7,601.89,210.3,30.41999999999996,1,2,1.0
1724166880805073000,1,482.14,600.53,206.87,32.84000000000003,1,2,1.0
1724166880871875300,1,480.68,598.1,210.21999999999997,38.43999999999994,1,2,1.0
1724166880871875300,2,656.71,635.32,20.559999999999945,7.1099999999999,1,1,1.0
1724166880954225500,1,484.72,600.34,206.77999999999997,37.74000000000001,1,2,1.0
1724166880954225500,2,649.61,634.56,27.389999999999986,8.6400000000001,1,1,1.0
1724166881018102300,1,479.79,599.17,211.10999999999996,37.23000000000002,1,2,1.0
1724166881018102300,2,648.64,635.35,28.269999999999982,8.769999999999982,1,1,1.0
1724166881060273900,1,477.85,597.78,214.54999999999995,38.25,1,2,1.0
1724166881060273900,2,644.84,631.84,27.75999999999999,15.059999999999945,1,1,1.0
1724166881123498200,1,479.9,599.05,212.39999999999998,37.15000000000009,1,2,1.0
1724166881123498200,2,645.78,632.31,27.75999999999999,15.06000000000006,1,1,1.0
1724166881190381200,1,482.82,599.33,205.57999999999998,36.14999999999998,1,2,1.0
1724166881190381200,2,643.9,632.15,27.75999999999999,15.06000000000006,1,1,1.0
1724166881264815100,1,482.42,600.44,208.18,31.139999999999986,1,2,1.0
1724166881264815100,2,641.39,629.64,32.31000000000006,16.659999999999968,1,1,1.0
1724166881317158800,1,483.34,600.34,210.26000000000005,33.16999999999996,1,2,1.0
1724166881317158800,2,639.79,630.91,36.91000000000008,15.490000000000009,1,1,1.0
1724166881391387800,1,485.4,599.39,209.89999999999998,31.460000000000036,1,2,1.0
1724166881391387800,2,640.96,631.0,36.33999999999992,15.200000000000045,1,1,1.0
1724166881445194300,1,483.27,600.84,212.43000000000006,30.539999999999964,1,2,1.0
1724166881445194300,2,633.12,630.01,43.98000000000002,17.99000000000001,1,1,1.0
1724166881510252900,1,481.05,599.98,214.55,30.840000000000032,1,2,1.0
1724166881510252900,2,635.38,629.88,41.32000000000005,19.620000000000005,1,1,1.0
1724166881576053800,1,487.31,601.37,205.88000000000005,28.67999999999995,1,2,1.0
1724166881576053800,2,603.29,625.4,72.50999999999999,23.600000000000023,1,1,1.0
1724166881637090100,1,484.62,600.29,212.30999999999995,30.83000000000004,1,2,1.0
1724166881637090100,2,623.09,626.98,55.809999999999945,20.819999999999936,1,1,1.0
1724166881720308300,1,484.43,601.48,209.79000000000002,26.860000000000014,1,2,1.0
1724166881720308300,2,599.67,625.41,79.73000000000002,23.290000000000077,1,1,1.0
1724166881768768100,1,482.27,600.09,214.49,27.799999999999955,1,2,1.0
1724166881768768100,2,628.06,627.43,53.84000000000003,20.870000000000005,1,1,1.0
1724166881831841600,1,481.46,599.53,221.62000000000006,28.360000000000014,1,2,1.0
1724166881831841600,2,616.89,625.04,63.210000000000036,21.56000000000006,1,1,1.0
1724166881891607800,1,487.92,600.17,210.73999999999995,28.300000000000068,1,2,1.0
1724166881891607800,2,619.15,626.46,61.14999999999998,21.339999999999918,1,1,1.0
1724166881965287900,1,480.04,599.42,217.74999999999994,27.960000000000036,1,2,1.0
1724166881965287900,2,618.14,625.63,62.460000000000036,20.870000000000005,1,1,1.0
1724166882023170700,1,480.56,598.95,217.7,28.519999999999982,1,2,1.0
1724166882023170700,2,621.2,624.35,56.799999999999955,24.049999999999955,1,1,1.0
1724166882083413800,1,481.21,599.46,219.61000000000007,27.649999999999977,1,2,1.0
1724166882083413800,2,621.57,624.73,57.52999999999997,22.970000000000027,1,1,1.0
1724166882156716400,1,485.88,599.82,216.96000000000004,27.299999999999955,1,2,1.0
1724166882156716400,2,613.18,623.58,69.12,24.120000000000005,1,1,1.0
1724166882221558900,1,480.09,599.24,215.54000000000002,27.379999999999995,1,2,1.0
1724166882221558900,2,600.41,623.78,73.29000000000008,21.420000000000073,1,1,1.0
1724166882278810700,1,479.79,598.41,219.2,28.019999999999982,1,2,1.0
1724166882278810700,2,610.4,624.06,68.39999999999998,21.040000000000077,1,1,1.0
1724166882349743300,1,481.92,599.24,218.67000000000002,27.5,1,2,1.0
1724166882349743300,2,598.99,624.79,77.63,21.040000000000077,1,1,1.0
1724166882405781500,1,476.24,596.0,228.36,29.190000000000055,1,2,1.0
1724166882405781500,2,615.58,625.27,62.41999999999996,21.029999999999973,1,1,1.0
1724166882475813000,1,479.41,596.14,216.86999999999995,29.75,1,2,1.0
1724166882475813000,2,600.33,625.34,79.66999999999996,20.659999999999968,1,1,1.0
1724166882533474300,1,477.55,597.01,218.84999999999997,29.289999999999964,1,2,1.0
1724166882533474300,2,599.4,622.63,74.88999999999999,24.590000000000032,1,1,1.0
1724166882597289900,1,479.15,596.33,217.20000000000005,30.699999999999932,1,2,1.0
1724166882597289900,2,599.57,622.88,71.0,26.690000000000055,1,1,1.0
1724166882669243100,1,481.19,596.67,216.05,30.910000000000082,1,2,1.0
1724166882669243100,2,600.04,621.51,66.66000000000008,27.389999999999986,1,1,1.0
1724166882725725400,1,477.51,597.79,222.59000000000003,30.430000000000064,1,2,1.0
1724166882725725400,2,599.71,621.79,69.18999999999994,27.25999999999999,1,1,1.0
1724166882796128700,1,478.52,595.52,217.38,31.200000000000045,1,2,1.0
1724166882796128700,2,598.31,622.17,73.30000000000007,27.970000000000027,1,1,1.0
1724166882865147500,1,482.13,595.0,217.31000000000006,31.75,1,2,1.0
1724166882865147500,2,600.69,622.84,75.46999999999991,27.600000000000023,1,1,1.0
1724166882919706000,1,477.44,593.99,218.34999999999997,33.09000000000003,1,2,1.0
1724166882919706000,2,602.32,622.35,72.80999999999995,28.18999999999994,1,1,1.0
1724166882979340700,1,478.49,596.11,218.59000000000003,30.370000000000005,1,2,1.0
1724166882979340700,2,606.78,623.55,69.52999999999997,25.540000000000077,1,1,1.0
1724166883053951000,1,475.02,593.68,221.32000000000005,33.680000000000064,1,2,1.0
1724166883053951000,2,596.58,623.43,77.63999999999999,25.06000000000006,1,1,1.0
1724166883113044200,1,474.47,592.25,220.83999999999992,35.58000000000004,1,2,1.0
1724166883113044200,2,601.73,623.81,75.06999999999994,24.8900000000001,1,1,1.0
1724166883178800300,1,478.25,593.61,213.16999999999996,34.809999999999945,1,2,1.0
1724166883178800300,2,596.59,624.7,69.37,25.17999999999995,1,1,1.0
1724166883239080200,1,473.8,592.29,221.95,36.40000000000009,1,2,1.0
1724166883239080200,2,598.36,622.42,71.03999999999996,28.629999999999995,1,1,1.0
1724166883308056800,1,472.99,591.17,221.90999999999997,36.74000000000001,1,2,1.0
1724166883308056800,2,596.94,623.75,74.45999999999992,27.110000000000014,1,1,1.0
1724166883362249800,1,472.76,590.3,224.21000000000004,38.379999999999995,1,2,1.0
1724166883362249800,2,599.32,623.02,67.07999999999993,28.879999999999995,1,1,1.0
1724166883432760800,1,477.12,591.79,215.27999999999997,36.23000000000002,1,2,1.0
1724166883432760800,2,596.85,624.15,71.94999999999993,26.649999999999977,1,1,1.0
1724166883492180000,1,474.37,591.97,220.98000000000002,36.49000000000001,1,2,1.0
1724166883492180000,2,600.12,624.5,67.88,27.600000000000023,1,1,1.0
1724166883563560100,1,479.32,595.32,216.62000000000006,31.219999999999914,1,2,1.0
1724166883563560100,2,593.23,623.44,75.23000000000002,26.8599999999999,1,1,1.0
1724166883624975500,1,481.35,595.28,212.77999999999997,31.75999999999999,1,2,1.0
1724166883624975500,2,586.22,622.92,79.83999999999992,27.49000000000001,1,1,1.0
1724166883687702000,1,480.1,597.19,214.82999999999993,30.699999999999932,1,2,1.0
1724166883687702000,2,586.71,623.21,77.37,28.16999999999996,1,1,1.0
1724166883750153000,1,475.62,596.73,225.15999999999997,29.949999999999932,1,2,1.0
1724166883750153000,2,586.3,622.61,68.5,28.600000000000023,1,1,1.0
1724166883830441100,1,480.67,600.36,222.15000000000003,25.83000000000004,1,2,1.0
1724166883830441100,2,584.0,622.05,58.99000000000001,27.800000000000068,1,1,1.0
1724166883882490100,1,488.0,601.54,214.01999999999998,24.32000000000005,1,2,1.0
1724166883882490100,2,567.09,621.55,77.94999999999993,30.610000000000014,1,1,1.0
1724166883945915300,1,489.88,605.68,207.78999999999996,18.81000000000006,1,2,1.0
1724166883945915300,2,558.73,622.86,82.59000000000003,28.799999999999955,1,1,1.0
1724166884024368800,1,496.62,604.97,207.28999999999996,20.809999999999945,1,2,1.0
1724166884024368800,2,559.72,619.94,79.69999999999993,33.25999999999999,1,1,1.0
1724166884073715500,1,495.56,605.84,199.64000000000004,18.41999999999996,1,2,1.0
1724166884073715500,2,559.86,620.79,75.22000000000003,30.110000000000014,1,1,1.0
1724166884073715500,3,663.97,631.76,17.639999999999986,10.470000000000027,1,1,1.0
1724166884140855600,1,500.27,604.91,208.47000000000003,19.610000000000014,1,2,1.0
1724166884140855600,2,559.8,620.5,85.90000000000009,32.39999999999998,1,1,1.0
1724166884140855600,3,660.67,630.9,20.629999999999995,11.610000000000014,1,1,1.0
1724166884222825700,1,495.28,605.15,217.89,19.090000000000032,1,2,1.0
1724166884222825700,2,560.05,620.2,78.36000000000001,31.819999999999936,1,1,1.0
1724166884222825700,3,660.75,630.62,21.91999999999996,12.419999999999959,1,1,1.0
1724166884284994100,1,494.0,602.96,223.26,21.789999999999964,1,2,1.0
1724166884284994100,2,554.65,623.91,68.55000000000007,28.440000000000055,1,1,1.0
1724166884284994100,3,658.54,630.4,21.920000000000073,12.420000000000073,1,1,1.0
1724166884332416700,1,497.0,602.88,214.99,22.58000000000004,1,2,1.0
1724166884332416700,2,554.18,624.9,61.22000000000003,28.50999999999999,1,1,1.0
1724166884332416700,3,656.77,630.6,25.230000000000018,14.209999999999923,1,1,1.0
1724166884393460100,1,498.5,600.61,218.59000000000003,23.659999999999968,1,2,1.0
1724166884393460100,2,546.98,624.8,61.120000000000005,29.879999999999995,1,1,1.0
1724166884393460100,3,654.33,631.26,25.24000000000001,14.899999999999977,1,1,1.0
1724166884456723900,1,496.9,600.48,220.32000000000005,23.18999999999994,1,2,1.0
1724166884456723900,2,544.18,627.2,63.22000000000003,28.159999999999968,1,1,1.0
1724166884456723900,3,656.5,629.31,23.799999999999955,14.190000000000055,1,1,1.0
1724166884515601400,1,496.7,601.62,217.65000000000003,21.700000000000045,1,2,1.0
1724166884515601400,2,539.91,626.2,65.19000000000005,26.829999999999927,1,1,1.0
1724166884515601400,3,654.79,626.18,34.31000000000006,16.120000000000005,1,1,1.0
1724166884580440500,1,497.2,601.45,218.34999999999997,22.569999999999936,1,2,1.0
1724166884580440500,2,540.38,627.99,63.72000000000003,25.66999999999996,1,1,1.0
1724166884580440500,3,653.61,630.07,26.090000000000032,13.92999999999995,1,1,1.0
1724166884647657300,1,498.3,601.67,219.89000000000004,22.550000000000068,1,2,1.0
1724166884647657300,2,539.26,629.35,62.74000000000001,26.350000000000023,1,1,1.0
1724166884647657300,3,654.21,631.64,24.089999999999918,11.56000000000006,1,1,1.0
1724166884710738600,1,499.1,600.4,214.62,22.930000000000064,1,2,1.0
1724166884710738600,2,542.56,625.4,77.04000000000008,30.590000000000032,1,1,1.0
1724166884710738600,3,656.42,631.86,20.180000000000064,11.139999999999986,1,1,1.0
1724166884772983900,1,496.99,600.63,213.40999999999997,22.92999999999995,1,2,1.0
1724166884772983900,2,540.35,626.1,72.34000000000003,31.350000000000023,1,1,1.0
1724166884772983900,3,658.86,632.53,20.840000000000032,12.470000000000027,1,1,1.0
1724166884848899400,1,497.8,602.92,211.65000000000003,20.870000000000005,1,2,1.0
1724166884848899400,2,534.1,628.4,73.89999999999998,24.590000000000032,1,1,1.0
1724166884848899400,3,659.52,633.86,17.08000000000004,11.139999999999986,1,1,1.0
1724166884904183200,1,492.68,604.66,215.12999999999994,19.220000000000027,1,2,1.0
1724166884904183200,2,537.2,628.1,66.09999999999991,24.899999999999977,1,1,1.0
1724166884976788200,1,489.45,604.11,216.10999999999996,20.289999999999964,1,2,1.0
1724166884976788200,2,534.85,624.76,67.04999999999995,27.950000000000045,1,1,1.0
1724166885036638700,1,488.24,604.11,216.11,20.289999999999964,1,2,1.0
1724166885036638700,2,535.92,628.5,65.28000000000009,25.100000000000023,1,1,1.0
1724166885036638700,4,542.84,643.74,13.730000000000018,13.279999999999973,1,1,1.0
1724166885133711700,1,489.22,603.87,211.89,21.970000000000027,1,2,1.0
1724166885133711700,2,539.3,628.0,62.40000000000009,20.799999999999955,1,1,1.0
1724166885133711700,4,545.88,650.7,13.740000000000009,11.299999999999955,1,1,1.0
1724166885159825000,1,481.2,601.1,221.05,24.819999999999936,1,2,1.0
1724166885159825000,2,536.28,626.79,64.16000000000008,24.110000000000014,1,1,1.0
1724166885159825000,4,541.75,642.65,13.730000000000018,17.649999999999977,1,1,1.0
1724166885224501500,1,482.6,597.3,218.69999999999993,31.90000000000009,1,2,1.0
1724166885224501500,2,518.7,624.33,82.88,26.539999999999964,1,1,1.0
1724166885224501500,4,545.23,649.18,13.740000000000009,12.220000000000027,1,1,1.0
1724166885284547400,1,479.82,598.38,217.88000000000005,30.519999999999982,1,2,1.0
1724166885284547400,2,518.59,626.1,82.10000000000002,25.899999999999977,1,1,1.0
1724166885352533200,1,475.62,596.96,224.38,33.539999999999964,1,2,1.0
1724166885352533200,2,520.5,622.18,79.20000000000005,24.920000000000073,1,1,1.0
1724166885416509200,1,480.94,596.21,219.26000000000005,32.93999999999994,1,2,1.0
1724166885416509200,2,521.2,619.87,78.39999999999998,27.129999999999995,1,1,1.0
1724166885480934500,1,480.49,596.6,216.13,32.799999999999955,1,2,1.0
1724166885480934500,2,525.02,622.37,67.08000000000004,24.029999999999973,1,1,1.0
1724166885545383900,1,477.32,595.87,219.07,33.39999999999998,1,2,1.0
1724166885545383900,2,522.82,619.8,69.38,26.300000000000068,1,1,1.0
1724166885604034400,1,475.96,593.04,214.58999999999997,36.83000000000004,1,2,1.0
1724166885604034400,2,523.87,618.61,66.42999999999995,26.389999999999986,1,1,1.0
1724166885669140800,1,475.26,589.78,222.64,42.25,1,2,1.0
1724166885669140800,2,524.66,620.21,64.54000000000008,25.889999999999986,1,1,1.0
1724166885737132300,1,469.5,587.3,227.41999999999996,43.65000000000009,1,2,1.0
1724166885737132300,2,524.05,619.29,66.05000000000007,26.110000000000014,1,1,1.0
1724166885812482300,1,469.0,587.8,228.65999999999997,43.57000000000005,1,2,1.0
1724166885812482300,2,524.9,617.73,61.10000000000002,21.16999999999996,1,1,1.0
1724166885812482300,5,526.73,631.11,20.25999999999999,12.850000000000023,1,1,1.0
1724166885868681400,1,467.6,587.4,226.59000000000003,44.22000000000003,1,2,1.0
1724166885868681400,2,524.79,617.63,75.71000000000004,23.269999999999982,1,1,1.0
1724166885868681400,5,529.1,633.94,18.110000000000014,12.8599999999999,1,1,1.0
1724166885930078600,1,470.22,585.96,226.18999999999994,44.93999999999994,1,2,1.0
1724166885930078600,2,523.82,616.83,68.88,20.969999999999914,1,1,1.0
1724166885930078600,5,533.5,633.51,20.24000000000001,13.490000000000009,1,1,1.0
1724166885995525000,1,473.38,588.2,224.01,42.219999999999914,1,2,1.0
1724166885995525000,2,521.4,615.1,66.80000000000007,21.799999999999955,1,1,1.0
1724166885995525000,5,538.72,632.2,20.25,17.0,1,1,1.0
1724166886054259200,1,467.82,588.06,233.38000000000005,40.24000000000001,1,2,1.0
1724166886054259200,2,522.14,616.75,77.56000000000006,20.450000000000045,1,1,1.0
1724166886054259200,5,541.12,637.86,20.24000000000001,12.43999999999994,1,1,1.0
1724166886119172100,1,463.08,581.94,236.12000000000006,47.3599999999999,1,2,1.0
1724166886119172100,2,519.42,614.77,72.38,24.029999999999973,1,1,1.0
1724166886119172100,5,538.7,640.26,16.129999999999995,11.740000000000009,1,1,1.0
1724166886179289000,1,455.36,576.59,245.34000000000003,51.309999999999945,1,2,1.0
1724166886179289000,2,516.89,614.91,60.40999999999997,20.49000000000001,1,1,1.0
1724166886261284000,1,455.86,576.91,247.17999999999995,49.17000000000007,1,2,1.0
1724166886261284000,2,516.41,615.04,60.690000000000055,18.460000000000036,1,1,1.0
1724166886319204500,1,457.52,577.84,244.35000000000002,48.139999999999986,1,2,1.0
1724166886319204500,2,516.65,613.06,58.950000000000045,22.6400000000001,1,1,1.0
1724166886370554400,1,452.92,575.47,247.16000000000003,48.559999999999945,1,2,1.0
1724166886370554400,2,515.78,613.9,60.82000000000005,17.399999999999977,1,1,1.0
1724166886440042300,1,452.19,574.49,254.7,47.76999999999998,1,2,1.0
1724166886440042300,2,511.09,608.76,60.230000000000075,21.24000000000001,1,1,1.0
1724166886501837600,1,459.5,577.91,251.65999999999997,42.82000000000005,1,2,1.0
1724166886501837600,2,523.5,610.28,61.39999999999998,20.220000000000027,1,1,1.0
1724166886568693200,1,461.25,578.69,245.36,42.479999999999905,1,2,1.0
1724166886568693200,2,504.53,609.63,71.26999999999998,23.57000000000005,1,1,1.0
1724166886632839000,1,459.34,573.89,251.50000000000006,44.31000000000006,1,2,1.0
1724166886632839000,2,502.75,610.76,70.64999999999998,18.74000000000001,1,1,1.0
1724166886692264300,1,458.82,577.61,254.20999999999998,38.889999999999986,1,2,1.0
1724166886692264300,2,502.43,610.58,56.06999999999999,18.319999999999936,1,1,1.0
1724166886755413200,1,456.48,577.61,261.39,37.370000000000005,1,2,1.0
1724166886755413200,2,498.24,610.83,58.860000000000014,17.370000000000005,1,1,1.0
1724166886826477900,1,459.9,578.45,258.4200000000001,35.969999999999914,1,2,1.0
1724166886826477900,2,498.01,608.9,58.49000000000001,20.100000000000023,1,1,1.0
1724166886887138000,1,458.9,580.08,254.46000000000004,34.27999999999997,1,2,1.0
1724166886887138000,2,498.36,610.09,51.84000000000003,14.909999999999968,1,1,1.0
1724166886951238900,1,460.2,577.4,256.89000000000004,36.90999999999997,1,2,1.0
1724166886951238900,2,499.84,610.71,52.36000000000007,15.490000000000009,1,1,1.0
1724166887020439200,1,459.5,578.1,258.62,35.42999999999995,1,2,1.0
1724166887020439200,2,499.0,610.94,45.799999999999955,13.159999999999968,1,1,1.0
1724166887073388600,1,467.65,583.1,248.83000000000004,30.389999999999986,1,2,1.0
1724166887073388600,2,503.51,610.9,41.690000000000055,16.700000000000045,1,1,1.0
1724166887149220700,1,464.11,583.36,256.98,28.470000000000027,1,2,1.0
1724166887149220700,2,503.14,611.35,41.860000000000014,17.449999999999932,1,1,1.0
1724166887203446200,1,461.59,583.51,261.8,27.799999999999955,1,2,1.0
1724166887203446200,2,502.54,609.15,39.35999999999996,21.25,1,1,1.0
1724166887269720400,1,467.6,584.65,257.9,27.180000000000064,1,2,1.0
1724166887269720400,2,506.99,612.91,36.40999999999997,15.990000000000009,1,1,1.0
1724166887332366300,1,465.37,584.59,250.96000000000004,26.93999999999994,1,2,1.0
1724166887332366300,2,511.12,613.35,29.17999999999995,16.449999999999932,1,1,1.0
1724166887414093200,1,469.51,586.19,246.01999999999998,26.789999999999964,1,2,1.0
1724166887414093200,2,504.82,616.6,28.880000000000052,14.5,1,1,1.0
1724166887459707200,1,467.4,586.84,250.19000000000005,24.709999999999923,1,2,1.0
1724166887459707200,2,507.17,615.35,29.430000000000007,15.649999999999977,1,1,1.0
1724166887525256700,1,470.67,587.04,253.22999999999996,25.129999999999995,1,2,1.0
1724166887525256700,2,507.83,620.55,22.27000000000004,11.350000000000023,1,1,1.0
1724166887588995300,1,471.3,588.06,245.07999999999998,25.410000000000082,1,2,1.0
1724166887588995300,2,508.03,620.95,21.470000000000027,11.319999999999936,1,1,1.0
1724166887650963300,1,472.3,588.55,242.36999999999995,23.3900000000001,1,2,1.0
1724166887650963300,2,508.23,621.35,20.66999999999996,11.279999999999973,1,1,1.0
1724166887726997800,1,476.58,589.36,237.32,23.449999999999932,1,2,1.0
1724166887726997800,2,508.44,621.75,16.859999999999957,11.25,1,1,1.0
1724166887778178000,1,475.7,590.72,234.45,24.149999999999977,1,2,1.0
1724166887778178000,2,509.8,621.75,15.699999999999989,10.950000000000045,1,1,1.0
1724166887851955700,1,481.97,592.0,229.32999999999993,23.360000000000014,1,2,1.0
1724166887851955700,2,506.92,620.7,19.37999999999994,13.699999999999932,1,1,1.0
1724166887910166500,1,478.25,589.52,232.11,26.720000000000027,1,2,1.0
1724166887910166500,2,511.16,622.21,15.63999999999993,11.889999999999986,1,1,1.0
1724166887975433200,1,475.87,591.81,227.87,25.57000000000005,1,2,1.0
1724166887975433200,2,516.0,627.5,9.700000000000045,7.7000000000000455,1,1,1.0
1724166888034164600,1,480.65,592.56,226.42000000000007,25.410000000000082,1,2,1.0
1724166888034164600,2,511.61,621.45,10.43999999999994,9.949999999999932,1,1,1.0
1724166888111728000,1,478.98,594.28,229.63,25.620000000000005,1,2,1.0
1724166888111728000,2,511.01,624.33,11.190000000000055,10.269999999999982,1,1,1.0
1724166888166680800,1,476.7,593.17,234.2,26.840000000000032,1,2,1.0
1724166888166680800,2,510.9,617.82,16.290000000000077,14.67999999999995,1,1,1.0
1724166888228975300,1,479.62,594.02,225.01,26.409999999999968,1,2,1.0
1724166888228975300,2,511.8,621.0,11.160000000000025,9.799999999999955,1,1,1.0
1724166888296061300,1,482.63,596.04,225.39,24.620000000000005,1,2,1.0
1724166888490899600,1,480.5,595.64,223.42999999999995,26.210000000000036,1,2,1.0
1724166888516759500,1,480.3,595.1,224.54000000000002,27.090000000000032,1,2,1.0
1724166888577702500,1,480.1,594.5,225.57999999999993,28.409999999999968,1,2,1.0
1724166888630166200,1,480.24,597.3,218.73000000000002,25.690000000000055,1,2,1.0
1724166888678072600,1,482.2,598.3,222.50000000000006,25.56000000000006,1,2,1.0
1724166888717840900,1,484.61,600.05,219.89,23.730000000000018,1,2,1.0
1724166888781143000,1,483.53,600.14,216.02999999999997,24.039999999999964,1,2,1.0
1724166888825541700,1,482.14,600.61,220.13,24.470000000000027,1,2,1.0
1724166888871851300,1,488.1,601.44,206.36,25.339999999999918,1,2,1.0
1724166888992333300,1,485.62,601.73,217.38,23.730000000000018,1,2,1.0
1724166889060820900,1,487.11,603.88,215.49,21.789999999999964,1,2,1.0
1724166889112491500,1,490.07,603.98,215.93,20.909999999999968,1,2,1.0
1724166889170746300,1,489.43,605.46,213.55,19.649999999999977,1,2,1.0
1724166889331996800,1,490.78,605.35,214.12,20.25,1,2,1.0
1724166889358063700,1,488.77,605.78,210.83000000000004,22.279999999999973,1,2,1.0
1724166889428309600,1,491.4,606.25,207.59000000000003,22.159999999999968,1,2,1.0
1724166889467504700,1,491.19,605.66,206.82999999999998,22.160000000000082,1,2,1.0
1724166889513409800,1,499.07,608.91,198.93,21.08000000000004,1,2,1.0
1724166889560658600,1,501.03,609.54,198.64,20.06000000000006,1,2,1.0
1724166889607457200,1,496.96,611.24,204.95999999999998,19.860000000000014,1,2,1.0
1724166889668019600,1,505.17,612.43,193.71999999999997,21.670000000000073,1,2,1.0
1724166889711600300,1,502.11,612.75,192.43999999999994,19.08000000000004,1,2,1.0
1724166889772998300,1,501.34,612.72,194.16000000000003,19.43999999999994,1,2,1.0
1724166889832796200,1,500.81,613.44,190.04000000000002,18.41999999999996,1,2,1.0
1724166889894936200,1,500.69,614.21,192.08999999999997,19.730000000000018,1,2,1.0
1724166889956900300,1,501.23,614.68,191.66999999999996,19.06000000000006,1,2,1.0
1724166890032432700,1,502.8,615.8,188.22999999999996,19.360000000000014,1,2,1.0
1724166890090443700,1,503.41,614.8,186.14999999999992,19.910000000000082,1,2,1.0
1724166890151749500,1,502.95,616.17,185.62000000000006,19.65000000000009,1,2,1.0
1724166890210480300,1,503.91,614.93,183.41000000000003,20.720000000000027,1,2,1.0
1724166890276361300,1,504.52,615.44,182.96000000000004,20.819999999999936,1,2,1.0
1724166890343395800,1,507.45,617.29,173.01000000000005,18.75,1,2,1.0
1724166890401466500,1,501.51,615.11,187.99,21.100000000000023,1,2,1.0
1724166890473205400,1,501.0,615.02,187.97000000000003,21.32000000000005,1,2,1.0
1724166890532251800,1,501.41,614.3,186.97999999999996,22.610000000000014,1,2,1.0
1724166890594827500,1,505.93,615.0,182.94,20.99000000000001,1,2,1.0
1724166890669900500,1,503.14,615.2,184.83000000000004,20.579999999999927,1,2,1.0
1724166890723198800,1,500.96,614.9,189.14000000000004,20.720000000000027,1,2,1.0
1724166890799027600,1,505.28,616.76,183.02999999999997,21.639999999999986,1,2,1.0
1724166890857143000,1,502.05,616.24,186.62999999999994,18.68999999999994,1,2,1.0
1724166890918811600,1,499.76,615.53,195.03999999999996,20.25999999999999,1,2,1.0
1724166890983572200,1,500.97,614.09,191.52999999999997,21.110000000000014,1,2,1.0
1724166891064840700,1,502.95,615.78,190.55,19.920000000000073,1,2,1.0
1724166891108236100,1,504.95,614.34,186.97999999999996,20.41999999999996,1,2,1.0
1724166891183417200,1,502.21,614.92,186.45,20.5,1,2,1.0
1724166891239304800,1,505.7,614.39,183.7,18.899999999999977,1,2,1.0
1724166891310474900,1,503.2,615.2,193.2,18.75999999999999,1,2,1.0
1724166891368061300,1,503.23,613.67,188.47000000000003,20.25,1,2,1.0
1724166891449734700,1,503.03,616.05,188.86,18.610000000000014,1,2,1.0
1724166891503209800,1,505.26,613.91,188.89999999999998,22.389999999999986,1,2,1.0
1724166891558015500,1,501.08,613.27,192.02000000000004,23.230000000000018,1,2,1.0
1724166891623794300,1,502.85,614.9,191.55999999999995,19.230000000000018,1,2,1.0
1724166891683921700,1,506.9,614.19,187.70000000000005,19.309999999999945,1,2,1.0
1724166891756028400,1,501.56,615.11,189.48999999999995,18.210000000000036,1,2,1.0
1724166891816953500,1,500.93,614.87,189.17000000000002,19.299999999999955,1,2,1.0
1724166891878800200,1,501.4,614.54,191.14,19.460000000000036,1,2,1.0
1724166891951811900,1,506.4,614.37,184.30000000000007,19.74000000000001,1,2,1.0
1724166892009875000,1,502.8,614.51,190.59999999999997,18.5,1,2,1.0
1724166892070885600,1,502.91,614.92,189.94,19.180000000000064,1,2,1.0
1724166892130504000,1,503.61,614.62,187.86,18.82000000000005,1,2,1.0
1724166892198269800,1,500.87,614.69,190.40999999999997,18.699999999999932,1,2,1.0
1724166892262952300,1,499.7,615.55,192.69,19.600000000000023,1,2,1.0
1724166892327348900,1,499.13,614.76,196.48000000000002,19.210000000000036,1,2,1.0
1724166892398433400,1,501.7,614.77,188.02000000000004,18.230000000000018,1,2,1.0
1724166892472811600,1,497.79,614.29,195.05,18.5,1,2,1.0
1724166892513101300,1,500.94,614.05,193.06,18.950000000000045,1,2,1.0
1724166892587228000,1,501.06,613.56,192.44,17.840000000000032,1,2,1.0
1724166892673367100,1,504.01,614.04,190.68000000000006,16.639999999999986,1,2,1.0
1724166892730365800,1,500.71,613.1,195.58999999999997,17.480000000000018,1,2,1.0
1724166892818635100,1,501.22,613.36,196.44999999999993,16.99000000000001,1,2,1.0
1724166892850651700,1,497.35,613.92,198.86,16.639999999999986,1,2,1.0
1724166892915984600,1,503.47,611.53,193.0,19.440000000000055,1,2,1.0
1724166892972398700,1,503.66,612.03,195.75999999999993,17.279999999999973,1,2,1.0
1724166893030138000,1,498.46,610.89,198.55,18.430000000000064,1,2,1.0
1724166893091596900,1,501.47,611.27,193.73000000000002,17.930000000000064,1,2,1.0
1724166893163437300,1,500.7,611.15,199.91000000000003,19.210000000000036,1,2,1.0
1724166893227483300,1,498.13,611.03,199.41999999999996,17.800000000000068,1,2,1.0
1724166893284960900,1,502.11,610.54,196.02999999999997,19.110000000000014,1,2,1.0
1724166893346824000,1,503.04,611.64,197.29000000000002,19.08000000000004,1,2,1.0
1724166893412734900,1,503.09,610.58,198.42000000000002,22.120000000000005,1,2,1.0
1724166893475395300,1,502.12,610.56,199.99,18.770000000000095,1,2,1.0
1724166893541182500,1,502.59,609.65,199.75000000000006,20.639999999999986,1,2,1.0
1724166893607806200,1,499.8,609.57,201.60999999999996,22.729999999999905,1,2,1.0
1724166893670819400,1,501.68,609.86,197.22999999999996,20.129999999999995,1,2,1.0
1724166893739673000,1,500.73,609.44,196.51,21.16999999999996,1,2,1.0
1724166893806533500,1,503.5,609.54,197.39999999999998,21.25,1,2,1.0
1724166893859723200,1,504.89,610.48,197.90999999999997,21.360000000000014,1,2,1.0
1724166893931090200,1,508.03,610.34,193.87,20.75,1,2,1.0
1724166893987895500,1,499.92,608.6,201.90000000000003,22.120000000000005,1,2,1.0
1724166894053646800,1,500.61,608.95,196.24,22.75999999999999,1,2,1.0
1724166894175489100,1,502.27,610.95,193.60000000000002,19.0,1,2,1.0
1724166894238931600,1,504.92,610.08,198.21999999999997,22.969999999999914,1,2,1.0
1724166894294304200,1,503.19,611.23,197.01000000000005,19.18999999999994,1,2,1.0
1724166894350869100,1,502.65,610.78,198.46000000000004,19.25,1,2,1.0
1724166894382478000,1,506.97,611.08,196.33999999999992,20.589999999999918,1,2,1.0
1724166894460390300,1,505.17,610.59,198.24999999999994,20.819999999999936,1,2,1.0
1724166894505699700,1,502.79,610.75,204.36999999999995,20.059999999999945,1,2,1.0
1724166894567732600,1,505.75,609.6,200.45000000000005,20.980000000000018,1,2,1.0
1724166894631878100,1,505.29,610.9,201.50999999999993,19.32000000000005,1,2,1.0
1724166894698155600,1,503.6,610.77,204.01999999999998,22.389999999999986,1,2,1.0
1724166894765028300,1,500.3,610.3,203.2,19.33000000000004,1,2,1.0
1724166894831527900,1,502.97,609.44,201.36,21.449999999999932,1,2,1.0
1724166894886362300,1,499.69,609.9,204.67000000000002,19.019999999999982,1,2,1.0
1724166894947717500,1,500.11,609.7,210.80999999999995,19.43999999999994,1,2,1.0
1724166895016591100,1,502.55,605.6,206.95,24.00999999999999,1,2,1.0
1724166895076607600,1,498.96,604.5,212.54000000000002,24.860000000000014,1,2,1.0
1724166895144287900,1,499.71,607.94,205.19,21.61999999999989,1,2,1.0
1724166895203921200,1,500.67,608.28,204.23999999999995,21.149999999999977,1,2,1.0
1724166895274361700,1,499.31,607.49,202.66000000000003,21.720000000000027,1,2,1.0
1724166895343706200,1,497.69,606.55,207.48999999999995,23.15000000000009,1,2,1.0
1724166895404767700,1,502.16,605.35,206.32999999999998,23.350000000000023,1,2,1.0
1724166895470275400,1,501.11,605.77,206.65999999999997,23.129999999999995,1,2,1.0
1724166895525414000,1,502.44,605.65,204.16000000000003,23.710000000000036,1,2,1.0
1724166895590868800,1,500.55,605.11,210.07999999999998,22.519999999999982,1,2,1.0
1724166895665721800,1,499.61,605.73,208.79999999999995,23.159999999999968,1,2,1.0
1724166895720910300,1,500.15,605.91,201.75,22.350000000000023,1,2,1.0
1724166895784498300,1,501.65,605.94,203.43000000000006,26.659999999999968,1,2,1.0
1724166895852977300,1,495.52,605.1,209.03999999999996,26.199999999999932,1,2,1.0
1724166895911529700,1,493.06,605.91,210.10999999999996,23.889999999999986,1,2,1.0
1724166895978183800,1,493.02,605.7,213.24,24.399999999999977,1,2,1.0
1724166896041076000,1,492.5,606.18,211.72000000000003,21.700000000000045,1,2,1.0
1724166896105339100,1,492.23,606.01,211.99,21.659999999999968,1,2,1.0
1724166896170583400,1,492.79,606.23,212.37999999999994,22.069999999999936,1,2,1.0
1724166896237348000,1,492.52,607.01,210.18000000000006,21.629999999999995,1,2,1.0
1724166896296425300,1,492.27,606.05,211.27999999999997,22.25999999999999,1,2,1.0
1724166896365774800,1,493.76,606.51,209.04999999999995,21.57000000000005,1,2,1.0
1724166896426177800,1,494.95,606.99,204.38000000000005,21.049999999999955,1,2,1.0
1724166896495378300,1,492.62,607.28,206.66999999999996,21.290000000000077,1,2,1.0
1724166896551035900,1,495.72,607.57,207.58999999999992,22.559999999999945,1,2,1.0
1724166896618644100,1,496.68,606.88,201.92000000000002,22.24000000000001,1,2,1.0
1724166896680114900,1,498.23,606.42,199.36,22.75999999999999,1,2,1.0
1724166896745969400,1,493.62,606.28,206.53999999999996,23.700000000000045,1,2,1.0
1724166896811781900,1,489.33,604.13,208.13000000000005,23.92999999999995,1,2,1.0
1724166896873371400,1,489.43,604.21,207.52000000000004,23.17999999999995,1,2,1.0
1724166896934843700,1,494.43,603.78,202.96999999999997,23.620000000000005,1,2,1.0
1724166896997335900,1,491.08,604.95,210.67000000000002,22.66999999999996,1,2,1.0
1724166897061639800,1,495.92,604.63,209.63999999999993,23.620000000000005,1,2,1.0
1724166897124956400,1,491.85,604.36,210.97000000000003,22.809999999999945,1,2,1.0
1724166897205954800,1,491.99,603.38,211.64999999999998,23.24000000000001,1,2,1.0
1724166897251928300,1,493.82,603.13,209.09999999999997,22.399999999999977,1,2,1.0
1724166897329156700,1,495.73,603.22,209.53999999999996,22.16999999999996,1,2,1.0
1724166897384544900,1,491.64,603.13,210.68000000000006,21.620000000000005,1,2,1.0
1724166897452021800,1,494.3,603.42,210.57999999999998,22.75,1,2,1.0
1724166897506553100,1,489.5,603.07,216.80999999999995,23.899999999999977,1,2,1.0
1724166897571629200,1,490.33,600.48,221.37000000000006,22.129999999999995,1,2,1.0
1724166897643511500,1,490.79,600.94,218.16000000000003,22.50999999999999,1,2,1.0
1724166897699520000,1,491.49,600.03,222.25,21.99000000000001,1,2,1.0
1724166897764866900,1,489.27,600.12,221.33000000000004,22.200000000000045,1,2,1.0
1724166897838107100,1,488.64,598.35,225.26,21.91999999999996,1,2,1.0
1724166897906809200,1,489.66,597.33,226.43,21.68999999999994,1,2,1.0
1724166897972603100,1,485.85,597.42,225.51,21.730000000000018,1,2,1.0
1724166898033045500,1,490.5,596.25,223.82000000000005,21.659999999999968,1,2,1.0
1724166898083048500,1,489.22,594.07,227.54999999999995,22.329999999999927,1,2,1.0
1724166898152079000,1,485.75,594.44,230.39,21.839999999999918,1,2,1.0
1724166898217970500,1,487.77,594.12,226.69000000000005,21.649999999999977,1,2,1.0
1724166898285033600,1,485.99,593.01,226.46000000000004,22.960000000000036,1,2,1.0
1724166898345666400,1,483.01,592.74,235.62,21.850000000000023,1,2,1.0
1724166898408546600,1,482.38,591.44,239.97000000000003,22.039999999999964,1,2,1.0
1724166898478962600,1,487.15,590.87,229.89999999999998,23.379999999999995,1,2,1.0
1724166898543176700,1,481.8,590.99,241.10999999999996,21.889999999999986,1,2,1.0
1724166898606496800,1,479.66,588.47,245.09999999999997,22.66999999999996,1,2,1.0
1724166898661352700,1,482.69,586.14,232.91000000000003,27.370000000000005,1,2,1.0
1724166898731424000,1,480.44,588.27,245.41000000000003,23.340000000000032,1,2,1.0
1724166898793545500,1,480.3,586.56,245.66000000000003,23.710000000000036,1,2,1.0
1724166898854658500,1,480.88,585.61,250.76,25.5,1,2,1.0
1724166898916382600,1,475.5,583.66,253.36,26.99000000000001,1,2,1.0
1724166898980946500,1,484.26,583.04,241.85000000000002,26.519999999999982,1,2,1.0
1724166899046582400,1,481.82,581.97,244.50000000000006,26.799999999999955,1,2,1.0
1724166899176265700,1,478.47,579.98,255.69999999999993,26.68999999999994,1,2,1.0
1724166899210500200,1,478.24,579.42,254.98000000000002,28.379999999999995,1,2,1.0
1724166899257407400,1,477.3,578.46,255.69,26.389999999999986,1,2,1.0
1724166899312495900,1,470.85,577.87,263.85,25.68999999999994,1,2,1.0
1724166899369152500,1,474.32,577.56,262.14000000000004,27.06000000000006,1,2,1.0
1724166899434324100,1,467.28,576.1,269.08000000000004,28.199999999999932,1,2,1.0
1724166899495721000,1,473.01,573.74,269.08000000000004,28.200000000000045,1,2,1.0
1724166899563236200,1,467.16,572.9,274.43,28.200000000000045,1,2,1.0
1724166899622631400,1,469.19,573.62,275.18,25.67999999999995,1,2,1.0
1724166899684570700,1,470.5,573.25,275.38,27.25,1,2,1.0
1724166899754674700,1,468.91,569.89,275.38999999999993,30.050000000000068,1,2,1.0
1724166899810999800,1,466.45,567.7,278.29,31.969999999999914,1,2,1.0
1724166899878886200,1,468.87,567.87,269.61,31.289999999999964,1,2,1.0
1724166899959522300,1,468.76,565.06,282.99,35.25,1,2,1.0
1724166900008720800,1,465.98,564.69,289.5,32.129999999999995,1,2,1.0
1724166900067946500,1,467.75,566.81,279.51,31.170000000000073,1,2,1.0
1724166900132576000,1,464.31,563.27,292.29,34.65999999999997,1,2,1.0
1724166900209981600,1,466.67,562.81,289.29,34.60000000000002,1,2,1.0
1724166900263911400,1,467.8,561.77,291.44,35.02999999999997,1,2,1.0
1724166900324741300,1,464.72,563.33,285.0899999999999,33.610000000000014,1,2,1.0
1724166900437768900,1,465.69,563.5,290.44,33.85000000000002,1,2,1.0
1724166900475177300,1,467.28,561.65,287.72,36.35000000000002,1,2,1.0
1724166900533371000,1,464.05,561.92,288.95,33.690000000000055,1,2,1.0
1724166900581693000,1,463.68,562.58,291.01000000000005,33.389999999999986,1,2,1.0
1724166900647423300,1,463.6,562.59,285.09000000000003,33.049999999999955,1,2,1.0
1724166900713197000,1,457.4,563.6,296.68000000000006,29.18999999999994,1,2,1.0
1724166900784090400,1,455.31,563.31,291.05,28.960000000000036,1,2,1.0
1724166900844576700,1,458.19,563.09,297.31,29.149999999999977,1,2,1.0
1724166900915283800,1,455.48,562.01,299.92999999999995,28.370000000000005,1,2,1.0
1724166900966121300,1,460.55,563.01,294.71999999999997,26.81000000000006,1,2,1.0
1724166901037623200,1,456.9,563.17,288.23,26.340000000000032,1,2,1.0
1724166901142659100,1,455.31,562.42,297.11999999999995,26.99000000000001,1,2,1.0
1724166901179172200,1,453.49,562.33,301.11,26.769999999999982,1,2,1.0
1724166901236500300,1,455.56,563.49,295.60999999999996,25.18999999999994,1,2,1.0
1724166901236500300,6,490.5,600.95,21.25999999999999,13.849999999999909,1,1,1.0
1724166901290356700,1,450.01,562.32,301.70000000000005,24.43999999999994,1,2,1.0
1724166901290356700,6,488.2,599.6,24.240000000000066,14.600000000000023,1,1,1.0
1724166901352288100,1,445.19,562.34,308.46,23.129999999999995,1,2,1.0
1724166901352288100,6,491.5,596.58,25.980000000000018,17.620000000000005,1,1,1.0
1724166901414871800,1,446.29,562.53,305.98999999999995,22.389999999999986,1,2,1.0
1724166901414871800,6,488.3,593.34,34.410000000000025,20.959999999999923,1,1,1.0
1724166901485202300,1,445.64,560.14,310.39,23.409999999999968,1,2,1.0
1724166901485202300,6,490.6,592.29,37.110000000000014,22.410000000000082,1,1,1.0
1724166901560257300,1,445.27,560.06,309.9,22.850000000000023,1,2,1.0
1724166901560257300,6,496.54,592.47,33.03000000000003,21.399999999999977,1,1,1.0
1724166901609949700,1,444.14,559.89,310.73,23.269999999999982,1,2,1.0
1724166901609949700,6,491.7,591.78,37.339999999999975,24.720000000000027,1,1,1.0
1724166901668323400,1,442.3,558.92,310.49999999999994,23.629999999999995,1,2,1.0
1724166901668323400,6,492.65,591.29,36.930000000000064,26.710000000000036,1,1,1.0
1724166901733630800,1,443.48,558.06,313.22,23.360000000000014,1,2,1.0
1724166901733630800,6,500.33,590.14,37.490000000000066,28.75999999999999,1,1,1.0
1724166901804114600,1,435.5,555.72,323.0,25.819999999999936,1,2,1.0
1724166901804114600,6,498.52,590.98,41.200000000000045,20.120000000000005,1,1,1.0
1724166901867578400,1,439.55,556.58,318.47999999999996,23.589999999999918,1,2,1.0
1724166901867578400,6,507.02,590.73,41.200000000000045,15.169999999999959,1,1,1.0
1724166901921411100,1,440.18,557.15,317.21999999999997,22.909999999999968,1,2,1.0
1724166901921411100,6,511.74,592.18,41.200000000000045,9.32000000000005,1,1,1.0
1724166901995837400,1,440.67,556.43,313.59,23.360000000000014,1,2,1.0
1724166902057388800,1,439.4,556.33,317.01,24.24000000000001,1,2,1.0
1724166902139752300,1,442.45,556.68,314.09,23.280000000000086,1,2,1.0
1724166902183005300,1,437.8,556.94,319.64000000000004,23.559999999999945,1,2,1.0
1724166902245348900,1,439.47,557.94,319.78999999999996,22.229999999999905,1,2,1.0
1724166902312177300,1,441.9,557.97,319.25,23.00999999999999,1,2,1.0
1724166902377022600,1,436.25,556.71,326.52,22.969999999999914,1,2,1.0
1724166902437254500,1,434.6,557.44,327.24,23.209999999999923,1,2,1.0
1724166902519354100,1,432.7,554.42,324.57,25.540000000000077,1,2,1.0
1724166902569357500,1,442.43,557.52,317.09999999999997,23.139999999999986,1,2,1.0
1724166902644400700,1,440.85,558.68,317.1,23.129999999999995,1,2,1.0
1724166902708295000,1,439.14,557.69,320.1,23.309999999999945,1,2,1.0
1724166902763245500,1,439.27,558.6,319.05000000000007,22.620000000000005,1,2,1.0
1724166902831396100,1,440.93,555.9,320.46,25.110000000000014,1,2,1.0
1724166902886169900,1,441.78,556.68,316.11,24.030000000000086,1,2,1.0
1724166902949915700,1,443.14,559.36,311.88,22.210000000000036,1,2,1.0
1724166903013349400,1,442.44,559.56,311.21999999999997,23.210000000000036,1,2,1.0
1724166903082227600,1,447.08,557.34,307.94,23.68999999999994,1,2,1.0
1724166903148769700,1,444.52,558.25,312.15999999999997,23.340000000000032,1,2,1.0
1724166903206256700,1,442.11,559.41,316.1,21.74000000000001,1,2,1.0
1724166903277190100,1,442.59,556.58,315.08,25.25,1,2,1.0
1724166903345522700,1,446.69,557.44,313.07,23.93999999999994,1,2,1.0
1724166903401857100,1,445.59,556.11,317.37000000000006,24.059999999999945,1,2,1.0
1724166903401857100,7,499.48,600.03,34.129999999999995,23.210000000000036,1,1,1.0
1724166903466260800,1,448.09,555.1,312.8500000000001,25.329999999999927,1,2,1.0
1724166903466260800,7,494.98,599.53,39.51999999999998,25.970000000000027,1,1,1.0
1724166903529708300,1,442.99,557.14,314.72,23.289999999999964,1,2,1.0
1724166903529708300,7,497.9,607.87,24.629999999999995,16.529999999999973,1,1,1.0
1724166903588685500,1,443.34,556.16,315.68,23.629999999999995,1,2,1.0
1724166903588685500,7,496.1,601.08,37.799999999999955,26.120000000000005,1,1,1.0
1724166903660060100,1,442.23,555.48,320.63,25.019999999999982,1,2,1.0
1724166903660060100,7,496.4,601.47,41.47000000000003,27.129999999999995,1,1,1.0
1724166903725983000,1,441.42,553.87,319.59999999999997,27.18999999999994,1,2,1.0
1724166903725983000,7,496.77,601.48,45.49000000000001,27.620000000000005,1,1,1.0
1724166903780982700,1,453.61,554.42,310.68999999999994,26.840000000000032,1,2,1.0
1724166903780982700,7,497.42,602.55,49.95999999999998,28.850000000000023,1,1,1.0
1724166903856740500,1,447.5,556.47,319.07000000000005,25.230000000000018,1,2,1.0
1724166903856740500,7,494.8,603.32,74.47999999999996,28.379999999999995,1,1,1.0
1724166903909033300,1,447.81,554.69,317.31,26.84999999999991,1,2,1.0
1724166903909033300,7,500.3,602.14,71.68,28.56000000000006,1,1,1.0
1724166903974921100,1,448.0,553.69,318.62,27.069999999999936,1,2,1.0
1724166903974921100,7,502.0,599.52,72.26999999999998,32.879999999999995,1,1,1.0
1724166904041959700,1,450.85,553.32,313.65,28.289999999999964,1,2,1.0
1724166904041959700,7,513.1,597.44,88.51999999999998,34.75999999999999,1,1,1.0
1724166904101330700,1,452.91,551.89,313.13999999999993,29.960000000000036,1,2,1.0
1724166904101330700,7,513.71,596.96,86.38999999999999,35.639999999999986,1,1,1.0
1724166904175061000,1,450.72,550.04,314.24,32.79000000000008,1,2,1.0
1724166904175061000,7,517.25,597.8,84.45000000000005,35.97000000000003,1,1,1.0
1724166904240843500,1,450.73,551.96,316.63,30.91999999999996,1,2,1.0
1724166904240843500,7,518.95,597.7,82.64999999999998,34.44999999999993,1,1,1.0
1724166904299990400,1,449.8,552.23,314.33,30.779999999999973,1,2,1.0
1724166904299990400,7,537.75,596.93,71.97000000000003,28.07000000000005,1,1,1.0
1724166904355648300,1,451.31,550.29,317.78000000000003,33.620000000000005,1,2,1.0
1724166904355648300,7,521.16,595.26,110.63999999999999,32.639999999999986,1,1,1.0
1724166904419201400,1,451.08,550.69,319.18,31.799999999999955,1,2,1.0
1724166904419201400,7,541.83,593.16,92.37,30.840000000000032,1,1,1.0
1724166904484298300,1,448.55,551.42,321.12999999999994,30.65000000000009,1,2,1.0
1724166904484298300,7,545.9,594.71,93.50999999999999,30.66999999999996,1,1,1.0
1724166904572610400,1,445.49,553.39,326.63,28.399999999999977,1,2,1.0
1724166904572610400,7,552.78,592.89,107.89999999999998,33.26999999999998,1,1,1.0
1724166904649171100,1,445.61,558.12,316.12,23.539999999999964,1,2,1.0
1724166904649171100,7,583.41,591.41,75.80000000000007,35.82000000000005,1,1,1.0
1724166904692645900,1,452.13,559.4,300.5,22.159999999999968,1,2,1.0
1724166904692645900,7,594.9,595.0,81.89999999999998,31.529999999999973,1,1,1.0
1724166904747862200,1,434.69,555.11,313.08,27.460000000000036,1,2,1.0
1724166904747862200,7,600.4,598.2,88.62,32.68999999999994,1,1,1.0
1724166904816297400,1,432.17,553.84,317.11999999999995,29.0,1,2,1.0
1724166904816297400,7,608.0,598.4,86.13,30.210000000000036,1,1,1.0
1724166904892184400,1,423.49,552.6,323.87,32.18999999999994,1,2,1.0
1724166904892184400,7,614.2,601.6,81.9799999999999,29.329999999999927,1,1,1.0
1724166904942208200,1,433.25,549.58,315.07000000000005,34.129999999999995,1,2,1.0
1724166904942208200,7,622.1,601.5,74.63999999999999,30.32000000000005,1,1,1.0
1724166905038491300,1,434.54,548.78,309.41,36.59000000000003,1,2,1.0
1724166905038491300,7,649.6,604.9,48.20999999999992,25.100000000000023,1,1,1.0
1724166905086858000,1,435.65,548.93,310.83000000000004,36.72000000000003,1,2,1.0
1724166905086858000,7,660.36,601.4,39.24000000000001,29.24000000000001,1,1,1.0
1724166905130659800,1,425.75,548.86,321.15,34.27999999999997,1,2,1.0
1724166905130659800,7,664.09,600.5,38.14999999999998,27.210000000000036,1,1,1.0
1724166905196463000,1,429.84,551.5,320.94,30.82000000000005,1,2,1.0
1724166905196463000,7,663.8,600.1,37.360000000000014,25.149999999999977,1,1,1.0
1724166905250414400,1,427.98,551.45,327.64,29.319999999999936,1,2,1.0
1724166905250414400,7,667.8,602.4,36.3900000000001,21.5,1,1,1.0
1724166905326940700,1,426.88,549.15,327.23,30.850000000000023,1,2,1.0
1724166905326940700,7,667.9,599.5,36.79000000000008,23.139999999999986,1,1,1.0
1724166905387892600,1,428.35,550.77,328.78,29.370000000000005,1,2,1.0
1724166905576848400,1,434.15,551.22,325.49,26.559999999999945,1,2,1.0
1724166905604283500,1,448.45,552.99,309.35999999999996,23.289999999999964,1,2,1.0
1724166905656939300,1,441.43,552.17,321.84,23.74000000000001,1,2,1.0
1724166905724738200,1,441.43,552.17,325.07,23.74000000000001,1,2,1.0
1724166905764088100,1,442.97,552.39,320.28,23.74000000000001,1,2,1.0
1724166905810781900,1,442.13,551.95,318.29999999999995,24.00999999999999,1,2,1.0
1724166905854516800,1,444.39,552.88,320.47,23.340000000000032,1,2,1.0
1724166905911803700,1,443.79,551.88,330.49999999999994,25.91999999999996,1,2,1.0
1724166905961750900,1,447.86,554.03,321.74,24.81000000000006,1,2,1.0
1724166906035731200,1,444.39,554.49,326.21000000000004,24.629999999999995,1,2,1.0
1724166906084904900,1,450.6,554.81,305.29999999999995,26.38000000000011,1,2,1.0
1724166906157193900,1,453.33,557.5,298.27000000000004,27.360000000000014,1,2,1.0
1724166906157193900,8,722.33,573.33,20.569999999999936,14.870000000000005,1,1,1.0
1724166906211929800,1,448.46,556.69,316.55,29.42999999999995,1,2,1.0
1724166906211929800,8,722.0,575.07,21.799999999999955,15.42999999999995,1,1,1.0
1724166906417698100,1,450.74,555.93,314.51,29.290000000000077,1,2,1.0
1724166906417698100,8,718.42,577.14,25.58000000000004,13.960000000000036,1,1,1.0
1724166906443165100,1,455.49,557.94,310.78999999999996,29.6099999999999,1,2,1.0
1724166906443165100,8,716.35,577.89,25.579999999999927,15.759999999999991,1,1,1.0
1724166906501486300,1,453.11,558.03,305.79999999999995,30.450000000000045,1,2,1.0
1724166906501486300,8,714.28,579.58,25.58000000000004,14.319999999999936,1,1,1.0
1724166906559108400,1,456.43,561.17,309.02000000000004,26.700000000000045,1,2,1.0
1724166906559108400,8,711.46,582.59,22.339999999999918,12.209999999999923,1,1,1.0
1724166906607451200,1,457.24,562.66,304.26,24.81000000000006,1,2,1.0
1724166906607451200,8,713.91,582.59,23.290000000000077,13.509999999999991,1,1,1.0
1724166906649867800,1,459.51,562.37,301.98,27.149999999999977,1,2,1.0
1724166906649867800,8,708.83,583.35,27.569999999999936,13.549999999999955,1,1,1.0
1724166906708808200,1,459.1,561.69,304.28999999999996,28.42999999999995,1,2,1.0
1724166906708808200,8,706.0,583.16,30.600000000000023,15.840000000000032,1,1,1.0
1724166906756630900,1,459.4,564.35,295.57000000000005,26.74000000000001,1,2,1.0
1724166906756630900,8,702.04,582.42,32.860000000000014,16.379999999999995,1,1,1.0
1724166906798419800,1,458.98,563.9,298.65,26.100000000000023,1,2,1.0
1724166906798419800,8,700.91,583.07,31.49000000000001,17.129999999999995,1,1,1.0
1724166906866454900,1,463.14,564.45,292.68000000000006,26.769999999999982,1,2,1.0
1724166906866454900,8,701.68,583.94,31.620000000000005,14.759999999999991,1,1,1.0
1724166906920675300,1,462.17,565.45,291.88999999999993,25.529999999999973,1,2,1.0
1724166906920675300,8,702.17,584.11,30.730000000000018,15.289999999999964,1,1,1.0
1724166906979784800,1,457.76,566.05,297.40999999999997,24.230000000000018,1,2,1.0
1724166906979784800,8,705.05,586.68,30.930000000000064,13.660000000000082,1,1,1.0
1724166907045591500,1,455.8,564.2,295.42,27.6099999999999,1,2,1.0
1724166907045591500,8,715.8,590.01,14.900000000000091,8.990000000000009,1,1,1.0
1724166907114105300,1,460.06,564.76,290.95,26.91999999999996,1,2,1.0
1724166907114105300,8,703.11,587.5,28.389999999999986,15.32000000000005,1,1,1.0
1724166907192152700,1,459.0,566.22,290.70000000000005,23.639999999999986,1,2,1.0
1724166907192152700,8,699.33,589.54,30.370000000000005,13.759999999999991,1,1,1.0
1724166907241107900,1,461.89,565.94,279.07000000000005,24.92999999999995,1,2,1.0
1724166907241107900,8,696.13,590.13,27.269999999999982,16.269999999999982,1,1,1.0
1724166907298833600,1,460.08,565.86,281.36000000000007,26.789999999999964,1,2,1.0
1724166907298833600,8,695.98,588.39,32.319999999999936,17.909999999999968,1,1,1.0
1724166907365516300,1,457.05,565.9,292.35999999999996,27.370000000000005,1,2,1.0
1724166907365516300,8,691.77,588.58,35.83000000000004,19.41999999999996,1,1,1.0
1724166907429442900,1,468.1,565.38,281.3299999999999,27.220000000000027,1,2,1.0
1724166907429442900,8,691.87,587.81,35.42999999999995,19.190000000000055,1,1,1.0
1724166907501559600,1,467.0,565.05,286.17999999999995,27.3900000000001,1,2,1.0
1724166907501559600,8,685.53,588.86,41.76999999999998,17.639999999999986,1,1,1.0
1724166907556844000,1,461.39,564.66,293.70000000000005,29.420000000000073,1,2,1.0
1724166907556844000,8,684.88,587.73,43.82000000000005,17.970000000000027,1,1,1.0
1724166907621569000,1,462.54,564.62,292.49999999999994,29.75,1,2,1.0
1724166907621569000,8,683.32,589.52,43.479999999999905,20.680000000000064,1,1,1.0
1724166907688684800,1,462.42,562.98,293.59999999999997,31.779999999999973,1,2,1.0
1724166907688684800,8,683.77,589.23,45.129999999999995,21.66999999999996,1,1,1.0
1724166907751139200,1,474.08,563.91,281.41,31.07000000000005,1,2,1.0
1724166907751139200,8,682.79,591.26,45.54000000000008,16.110000000000014,1,1,1.0
1724166907813765500,1,465.96,564.01,288.51000000000005,33.379999999999995,1,2,1.0
1724166907813765500,8,677.02,591.32,48.77999999999997,16.579999999999927,1,1,1.0
1724166907880011700,1,467.35,564.24,284.49,34.0,1,2,1.0
1724166907880011700,8,678.45,590.33,48.14999999999998,17.969999999999914,1,1,1.0
1724166907947159800,1,464.07,565.15,288.65000000000003,31.860000000000014,1,2,1.0
1724166907947159800,8,671.19,590.8,32.809999999999945,17.300000000000068,1,1,1.0
1724166908001996600,1,463.61,564.68,291.30999999999995,33.06000000000006,1,2,1.0
1724166908001996600,8,668.0,591.37,49.700000000000045,17.629999999999995,1,1,1.0
1724166908067459900,1,467.62,565.6,286.95000000000005,34.22000000000003,1,2,1.0
1724166908067459900,8,666.64,590.12,54.360000000000014,18.279999999999973,1,1,1.0
1724166908141376900,1,470.31,565.12,282.79,34.00999999999999,1,2,1.0
1724166908141376900,8,668.1,591.51,31.629999999999995,17.99000000000001,1,1,1.0
1724166908212690500,1,467.44,566.81,286.57,32.520000000000095,1,2,1.0
1724166908212690500,8,667.36,594.78,53.93999999999994,14.120000000000005,1,1,1.0
1724166908260445100,1,467.64,567.57,283.46000000000004,32.629999999999995,1,2,1.0
1724166908260445100,8,667.35,592.64,45.14999999999998,16.360000000000014,1,1,1.0
1724166908323267800,1,466.7,569.68,286.35999999999996,31.32000000000005,1,2,1.0
1724166908323267800,8,666.76,593.53,40.24000000000001,14.769999999999982,1,1,1.0
1724166908390381900,1,466.63,571.51,283.73,29.340000000000032,1,2,1.0
1724166908390381900,8,665.54,594.93,39.56000000000006,11.970000000000027,1,1,1.0
1724166908459753900,1,465.2,570.88,284.90000000000003,29.789999999999964,1,2,1.0
1724166908459753900,8,667.3,593.47,40.30000000000007,15.069999999999936,1,1,1.0
1724166908516586000,1,465.45,570.12,283.72999999999996,29.809999999999945,1,2,1.0
1724166908582679000,1,469.75,572.4,277.70000000000005,27.340000000000032,1,2,1.0
1724166908660896900,1,466.27,574.05,278.25,25.300000000000068,1,2,1.0
1724166908715928600,1,468.75,573.97,278.75,23.649999999999977,1,2,1.0
1724166908774431100,1,464.79,572.85,280.3,25.949999999999932,1,2,1.0
1724166908841711600,1,470.64,573.51,275.90999999999997,24.909999999999968,1,2,1.0
1724166908910418400,1,465.06,572.95,277.46999999999997,24.389999999999986,1,2,1.0
1724166908976946000,1,463.8,572.93,278.47999999999996,25.08000000000004,1,2,1.0
1724166909038184200,1,463.41,573.44,280.53000000000003,25.089999999999918,1,2,1.0
1724166909099125600,1,466.0,573.4,275.47,24.74000000000001,1,2,1.0
1724166909157092000,1,461.6,572.46,279.36,26.00999999999999,1,2,1.0
1724166909220475600,1,463.95,570.64,277.79,25.279999999999973,1,2,1.0
1724166909297968700,1,463.37,569.6,282.08000000000004,29.079999999999927,1,2,1.0
1724166909354894400,1,467.93,567.44,276.8,27.219999999999914,1,2,1.0
1724166909421709900,1,461.71,567.02,285.96,28.50999999999999,1,2,1.0
1724166909477270500,1,462.59,567.1,287.21999999999997,28.079999999999927,1,2,1.0
1724166909555673100,1,462.27,563.95,283.15999999999997,29.16999999999996,1,2,1.0
1724166909611797800,1,460.46,565.2,288.02000000000004,29.329999999999927,1,2,1.0
1724166909674058700,1,454.19,563.8,300.71,29.550000000000068,1,2,1.0
1724166909740940900,1,453.79,561.5,296.78000000000003,30.860000000000014,1,2,1.0
1724166909807516300,1,455.54,559.57,296.86999999999995,32.43999999999994,1,2,1.0
1724166909860834400,1,458.09,558.56,298.39000000000004,36.460000000000036,1,2,1.0
1724166909924082300,1,461.87,558.3,299.89,36.22000000000003,1,2,1.0
1724166909992646700,1,458.3,557.25,304.28000000000003,35.07000000000005,1,2,1.0
1724166910054846600,1,459.55,556.11,303.47999999999996,37.289999999999964,1,2,1.0
1724166910117682900,1,458.46,556.45,305.71,39.069999999999936,1,2,1.0
1724166910182376600,1,464.21,557.22,299.56,37.72000000000003,1,2,1.0
1724166910250293200,1,454.6,557.24,305.0,36.960000000000036,1,2,1.0
1724166910315155700,1,456.3,557.15,303.83,39.110000000000014,1,2,1.0
1724166910371490600,1,456.7,558.38,306.46999999999997,37.5,1,2,1.0
1724166910442192400,1,461.15,559.88,283.45000000000005,34.91999999999996,1,2,1.0
1724166910505160100,1,458.2,559.58,302.25000000000006,34.039999999999964,1,2,1.0
1724166910572751600,1,461.38,560.49,293.95000000000005,33.92999999999995,1,2,1.0
1724166910631485900,1,459.9,562.97,293.80000000000007,34.049999999999955,1,2,1.0
1724166910696787300,1,460.44,562.29,291.36999999999995,33.07000000000005,1,2,1.0
1724166910760332800,1,460.5,562.42,292.62,32.80000000000007,1,2,1.0
1724166910823155000,1,460.14,564.18,291.94000000000005,29.970000000000027,1,2,1.0
1724166910886463800,1,459.38,566.34,291.67999999999995,29.219999999999914,1,2,1.0
1724166910946883700,1,452.36,567.04,295.34000000000003,25.730000000000018,1,2,1.0
1724166911021407800,1,450.05,567.69,295.79,24.379999999999995,1,2,1.0
1724166911075080700,1,454.31,565.01,294.79,26.50999999999999,1,2,1.0
1724166911147068400,1,452.73,568.77,289.67999999999995,23.440000000000055,1,2,1.0
1724166911205016500,1,454.5,567.17,292.74,28.090000000000032,1,2,1.0
1724166911273047800,1,457.82,566.3,294.09999999999997,27.770000000000095,1,2,1.0
1724166911338412700,1,456.97,567.14,286.5799999999999,29.460000000000036,1,2,1.0
1724166911535624700,1,456.37,566.41,290.45000000000005,26.58000000000004,1,2,1.0
1724166911561465900,1,459.87,568.6,289.77,25.43999999999994,1,2,1.0
1724166911619278700,1,458.78,565.03,286.37,30.600000000000023,1,2,1.0
1724166911665318400,1,455.59,565.67,289.68,27.920000000000073,1,2,1.0
1724166911722462900,1,454.73,566.15,291.13,29.720000000000027,1,2,1.0
1724166911768031600,1,455.9,566.53,290.68000000000006,29.399999999999977,1,2,1.0
1724166911811830200,1,455.12,567.79,294.08000000000004,28.24000000000001,1,2,1.0
1724166911865048400,1,462.69,565.08,284.07,28.219999999999914,1,2,1.0
1724166911920338500,1,459.19,565.78,287.98999999999995,28.090000000000032,1,2,1.0
1724166911972191000,1,453.89,566.16,296.68000000000006,28.81000000000006,1,2,1.0
1724166912041035800,1,458.31,566.83,290.19,26.84999999999991,1,2,1.0
1724166912100588100,1,459.1,568.78,289.85,27.58000000000004,1,2,1.0
1724166912167416900,1,462.75,566.28,291.07000000000005,26.710000000000036,1,2,1.0
1724166912234129600,1,457.08,569.64,297.43,23.870000000000005,1,2,1.0
1724166912300413200,1,459.61,568.83,293.18999999999994,23.069999999999936,1,2,1.0
1724166912365742800,1,456.26,567.28,298.48,26.24000000000001,1,2,1.0
1724166912365742800,9,623.27,602.85,26.529999999999973,11.649999999999977,1,1,1.0
1724166912365742800,10,690.6,600.82,26.91999999999996,15.219999999999914,1,1,1.0
1724166912424434000,1,459.02,568.03,296.83000000000004,26.800000000000068,1,2,1.0
1724166912424434000,9,632.77,604.39,14.830000000000041,9.710000000000036,1,1,1.0
1724166912424434000,10,701.12,598.8,17.17999999999995,13.200000000000045,1,1,1.0
1724166912532183900,1,461.66,570.8,285.24999999999994,24.65000000000009,1,2,1.0
1724166912532183900,9,624.72,602.49,26.529999999999973,11.649999999999977,1,1,1.0
1724166912532183900,10,700.72,599.2,17.17999999999995,13.199999999999932,1,1,1.0
1724166912582291800,1,459.11,572.0,280.22,23.059999999999945,1,2,1.0
1724166912582291800,9,624.72,602.49,31.67999999999995,11.610000000000014,1,1,1.0
1724166912627714500,1,456.38,571.77,292.06000000000006,23.07000000000005,1,2,1.0
1724166912627714500,9,620.93,601.9,37.07000000000005,13.830000000000041,1,1,1.0
1724166912627714500,10,695.05,602.04,17.180000000000064,13.200000000000045,1,1,1.0
1724166912686483600,1,458.37,570.1,289.03,26.049999999999955,1,2,1.0
1724166912686483600,9,618.76,602.71,37.07000000000005,13.829999999999927,1,1,1.0
1724166912686483600,10,691.21,600.01,20.589999999999918,16.690000000000055,1,1,1.0
1724166912754918500,1,461.52,569.94,287.71000000000004,24.34999999999991,1,2,1.0
1724166912754918500,9,620.66,603.53,25.139999999999986,13.82000000000005,1,1,1.0
1724166912754918500,10,689.99,599.61,23.210000000000036,17.889999999999986,1,1,1.0
1724166912813696400,1,461.94,570.78,287.77000000000004,23.440000000000055,1,2,1.0
1724166912813696400,9,621.74,609.76,15.159999999999968,10.039999999999964,1,1,1.0
1724166912813696400,10,685.95,600.42,26.84999999999991,16.680000000000064,1,1,1.0
1724166912874150600,1,460.38,570.79,288.22,22.940000000000055,1,2,1.0
1724166912874150600,9,619.57,609.49,18.92999999999995,11.110000000000014,1,1,1.0
1724166912874150600,10,660.45,598.4,51.94999999999993,21.100000000000023,1,1,1.0
1724166912930772000,1,465.87,570.81,274.26,22.870000000000005,1,2,1.0
1724166912930772000,9,617.1,607.59,29.24000000000001,13.809999999999945,1,1,1.0
1724166912930772000,10,665.47,598.24,46.52999999999997,21.559999999999945,1,1,1.0
1724166912999276500,1,462.05,571.63,284.34,22.399999999999977,1,2,1.0
1724166912999276500,9,616.9,607.86,25.110000000000014,13.539999999999964,1,1,1.0
1724166912999276500,10,682.2,603.59,30.0,17.00999999999999,1,1,1.0
1724166913076422300,1,462.5,570.51,282.75,22.379999999999995,1,2,1.0
1724166913076422300,9,612.5,608.4,29.779999999999973,14.399999999999977,1,1,1.0
1724166913076422300,10,680.23,603.16,31.16999999999996,18.040000000000077,1,1,1.0
1724166913127327600,1,459.15,569.74,290.35,23.470000000000027,1,2,1.0
1724166913127327600,9,612.8,608.13,30.290000000000077,14.970000000000027,1,1,1.0
1724166913127327600,10,680.15,606.94,33.14999999999998,17.159999999999968,1,1,1.0
1724166913194754000,1,463.06,568.8,288.3,27.620000000000005,1,2,1.0
1724166913194754000,9,613.6,609.22,25.149999999999977,14.980000000000018,1,1,1.0
1724166913194754000,10,684.2,606.94,20.0,15.3599999999999,1,1,1.0
1724166913259583000,1,459.46,569.54,279.92,25.970000000000027,1,2,1.0
1724166913259583000,9,610.59,607.86,27.079999999999927,18.539999999999964,1,1,1.0
1724166913259583000,10,681.7,607.81,23.799999999999955,18.190000000000055,1,1,1.0
1724166913317324600,1,460.14,569.24,291.30000000000007,25.039999999999964,1,2,1.0
1724166913317324600,9,609.8,617.62,17.57000000000005,12.580000000000041,1,1,1.0
1724166913317324600,10,674.95,605.45,33.84999999999991,19.75,1,1,1.0
1724166913392253600,1,464.86,568.44,286.30999999999995,26.379999999999995,1,2,1.0
1724166913392253600,9,606.5,619.24,16.809999999999945,12.059999999999945,1,1,1.0
1724166913392253600,10,688.91,606.87,22.090000000000032,14.529999999999973,1,1,1.0
1724166913446034600,1,465.61,568.72,283.80999999999995,26.620000000000005,1,2,1.0
1724166913446034600,9,598.7,621.41,22.709999999999923,13.090000000000032,1,1,1.0
1724166913446034600,10,680.92,605.84,28.08000000000004,18.159999999999968,1,1,1.0
1724166913508111600,1,464.85,569.11,280.14,27.24000000000001,1,2,1.0
1724166913508111600,9,598.2,619.24,24.019999999999982,16.059999999999945,1,1,1.0
1724166913508111600,10,696.91,606.65,12.290000000000077,12.450000000000045,1,1,1.0
1724166913583898400,1,462.21,568.94,284.39000000000004,29.8599999999999,1,2,1.0
1724166913583898400,9,596.0,619.24,28.120000000000005,17.960000000000036,1,1,1.0
1724166913583898400,10,695.29,603.62,12.290000000000077,12.43999999999994,1,1,1.0
1724166913640462800,1,463.61,567.95,283.41999999999996,31.469999999999914,1,2,1.0
1724166913640462800,9,592.2,620.06,34.89999999999998,19.340000000000032,1,1,1.0
1724166913697516500,1,462.43,568.2,291.87999999999994,32.0,1,2,1.0
1724166913697516500,9,584.0,616.88,42.98000000000002,25.519999999999982,1,1,1.0
1724166913697516500,10,698.13,595.93,13.269999999999982,17.670000000000073,1,1,1.0
1724166913767742600,1,461.33,568.36,287.09,31.43999999999994,1,2,1.0
1724166913767742600,9,580.9,616.56,44.32000000000005,26.850000000000023,1,1,1.0
1724166913767742600,10,700.76,600.58,12.240000000000009,12.219999999999914,1,1,1.0
1724166913828338900,1,465.13,568.9,279.52,30.700000000000045,1,2,1.0
1724166913828338900,9,564.46,616.72,65.23000000000002,32.539999999999964,1,1,1.0
1724166913894009000,1,464.98,570.19,275.03,29.42999999999995,1,2,1.0
1724166913894009000,9,569.18,615.23,73.42000000000007,34.64999999999998,1,1,1.0
1724166913961845200,1,465.71,568.95,281.24000000000007,27.92999999999995,1,2,1.0
1724166913961845200,9,564.95,619.34,67.44999999999993,31.68999999999994,1,1,1.0
1724166914023427500,1,462.81,567.94,283.21,32.389999999999986,1,2,1.0
1724166914023427500,9,559.3,622.64,61.0,26.970000000000027,1,1,1.0
1724166914081737900,1,463.18,568.71,283.92,31.209999999999923,1,2,1.0
1724166914081737900,9,563.51,624.83,50.389999999999986,22.659999999999968,1,1,1.0
1724166914168223000,1,463.18,568.71,289.82,31.209999999999923,1,2,1.0
1724166914168223000,9,566.78,628.81,51.01999999999998,20.790000000000077,1,1,1.0
1724166914211816200,1,463.6,566.5,289.9,34.309999999999945,1,2,1.0
1724166914211816200,9,567.2,630.03,50.39999999999998,21.670000000000073,1,1,1.0
1724166914275092600,1,463.99,567.29,282.52,32.35000000000002,1,2,1.0
1724166914275092600,9,563.58,628.86,59.719999999999914,21.340000000000032,1,1,1.0
1724166914343104300,1,466.18,568.82,285.59999999999997,32.319999999999936,1,2,1.0
1724166914343104300,9,559.06,628.72,77.04000000000008,24.579999999999927,1,1,1.0
1724166914413896000,1,466.01,566.24,286.14,36.48000000000002,1,2,1.0
1724166914413896000,9,554.71,629.21,65.99000000000001,21.089999999999918,1,1,1.0
1724166914469829100,1,463.7,568.64,283.84,34.05000000000007,1,2,1.0
1724166914469829100,9,550.73,629.14,84.16999999999996,25.960000000000036,1,1,1.0
1724166914539448600,1,465.42,568.89,284.67,33.639999999999986,1,2,1.0
1724166914539448600,9,548.15,630.16,64.05000000000007,17.940000000000055,1,1,1.0
1724166914598038900,1,465.88,567.94,286.1,34.36999999999989,1,2,1.0
1724166914598038900,9,547.41,630.76,61.49000000000001,18.039999999999964,1,1,1.0
1724166914674456500,1,468.91,568.0,285.17,33.710000000000036,1,2,1.0
1724166914674456500,9,542.85,631.46,65.04999999999995,15.639999999999986,1,1,1.0
1724166914738870200,1,464.74,568.86,283.90999999999997,33.49000000000001,1,2,1.0
1724166914738870200,9,541.63,629.25,61.870000000000005,18.25,1,1,1.0
1724166914791107200,1,468.63,567.66,280.16999999999996,34.22000000000003,1,2,1.0
1724166914791107200,9,535.96,630.23,66.63999999999999,18.569999999999936,1,1,1.0
1724166914855041900,1,469.85,567.4,278.5799999999999,36.129999999999995,1,2,1.0
1724166914855041900,9,532.47,630.04,70.02999999999997,18.360000000000014,1,1,1.0
1724166914916329900,1,476.36,568.02,272.75,34.930000000000064,1,2,1.0
1724166914916329900,9,531.82,630.57,68.4799999999999,17.729999999999905,1,1,1.0
1724166914978386700,1,470.45,567.17,279.28000000000003,34.680000000000064,1,2,1.0
1724166914978386700,9,530.23,631.1,72.16999999999996,17.299999999999955,1,1,1.0
1724166915048663700,1,466.06,566.67,283.73999999999995,38.00999999999999,1,2,1.0
1724166915048663700,9,528.22,632.23,72.77999999999997,15.669999999999959,1,1,1.0
1724166915112653500,1,466.68,566.22,289.61999999999995,36.51999999999998,1,2,1.0
1724166915112653500,9,526.4,630.78,63.57000000000005,15.82000000000005,1,1,1.0
1724166915192826900,1,467.18,567.15,281.09,35.930000000000064,1,2,1.0
1724166915192826900,9,521.04,631.66,67.67000000000007,14.340000000000032,1,1,1.0
1724166915247035100,1,464.57,568.4,285.89000000000004,33.81000000000006,1,2,1.0
1724166915247035100,9,542.7,633.22,50.5,12.079999999999927,1,1,1.0
1724166915298988000,1,465.85,568.59,280.0799999999999,34.059999999999945,1,2,1.0
1724166915298988000,9,527.42,632.46,55.80000000000007,14.539999999999964,1,1,1.0
1724166915383548600,1,466.65,567.34,282.65999999999997,33.539999999999964,1,2,1.0
1724166915383548600,9,524.04,633.13,49.91000000000008,13.870000000000005,1,1,1.0
1724166915439578200,1,477.69,568.35,268.56,29.519999999999982,1,2,1.0
1724166915439578200,9,529.16,630.55,30.410000000000082,16.350000000000023,1,1,1.0
1724166915501701100,1,467.12,565.05,283.66999999999996,33.030000000000086,1,2,1.0
1724166915501701100,9,527.97,631.83,31.879999999999995,15.169999999999959,1,1,1.0
1724166915560966100,1,464.15,564.99,284.03,30.720000000000027,1,2,1.0
1724166915560966100,9,526.61,632.1,31.879999999999995,14.699999999999932,1,1,1.0
1724166915632824400,1,465.64,566.62,287.46000000000004,28.559999999999945,1,2,1.0
1724166915632824400,9,525.83,632.1,33.34999999999991,14.699999999999932,1,1,1.0
1724166915689430300,1,465.24,566.72,287.36,28.319999999999936,1,2,1.0
1724166915689430300,9,528.03,632.1,34.82000000000005,16.0,1,1,1.0
1724166915748771400,1,465.35,566.7,287.97,28.789999999999964,1,2,1.0
1724166915748771400,9,528.6,631.56,36.14999999999998,16.040000000000077,1,1,1.0
1724166915812272000,1,461.7,565.0,286.51000000000005,31.149999999999977,1,2,1.0
1724166915812272000,9,528.59,634.18,33.82999999999993,14.520000000000095,1,1,1.0
1724166915882585500,1,463.6,562.52,289.74,33.73000000000002,1,2,1.0
1724166915882585500,9,528.3,634.98,16.879999999999995,11.819999999999936,1,1,1.0
1724166915945712400,1,466.95,563.5,286.05,35.01999999999998,1,2,1.0
1724166915945712400,9,527.57,633.33,19.43999999999994,16.059999999999945,1,1,1.0
1724166916002632900,1,470.34,562.13,278.3500000000001,36.940000000000055,1,2,1.0
1724166916002632900,9,527.78,629.39,22.0,20.289999999999964,1,1,1.0
1724166916069307100,1,467.74,562.44,285.79999999999995,37.36999999999989,1,2,1.0
1724166916069307100,9,529.62,628.97,24.549999999999955,18.029999999999973,1,1,1.0
1724166916137624500,1,466.59,561.23,287.69,37.460000000000036,1,2,1.0
1724166916137624500,9,529.6,627.84,24.99000000000001,18.459999999999923,1,1,1.0
1724166916199759600,1,471.36,557.99,284.84000000000003,42.539999999999964,1,2,1.0
1724166916266985100,1,472.68,558.24,287.27000000000004,41.379999999999995,1,2,1.0
1724166916324220000,1,474.48,555.16,281.72,46.5,1,2,1.0
1724166916398258700,1,474.17,556.95,290.96999999999997,44.32999999999993,1,2,1.0
1724166916456929000,1,471.14,555.47,288.82000000000005,46.110000000000014,1,2,1.0
1724166916518845200,1,473.8,555.48,285.75999999999993,45.98000000000002,1,2,1.0
1724166916580205700,1,472.36,556.58,288.67999999999995,45.069999999999936,1,2,1.0
1724166916654637200,1,473.94,555.91,289.19,45.870000000000005,1,2,1.0
1724166916709964800,1,473.5,557.79,280.16999999999996,44.65000000000009,1,2,1.0
1724166916777216000,1,472.51,559.17,283.83000000000004,40.17000000000007,1,2,1.0
1724166916845680700,1,468.7,562.65,287.37000000000006,36.72000000000003,1,2,1.0
1724166916900095100,1,466.31,564.45,287.89000000000004,32.569999999999936,1,2,1.0
1724166916963802800,1,462.33,566.94,294.87000000000006,27.16999999999996,1,2,1.0
1724166917034287300,1,456.97,570.89,290.42999999999995,22.00999999999999,1,2,1.0
1724166917101640700,1,458.82,569.41,280.60999999999996,24.420000000000073,1,2,1.0
1724166917162326000,1,446.76,564.83,291.4,33.110000000000014,1,2,1.0
1724166917232392300,1,425.9,553.7,308.30000000000007,45.229999999999905,1,2,1.0
1724166917289853800,1,425.56,551.32,307.52000000000004,49.139999999999986,1,2,1.0
1724166917352154900,1,424.07,548.26,306.82,53.32000000000005,1,2,1.0
1724166917410752800,1,431.92,543.31,295.86999999999995,59.60000000000002,1,2,1.0
1724166917410752800,11,534.05,626.68,20.720000000000027,13.260000000000105,1,1,1.0
1724166917477437700,1,411.52,537.97,312.44000000000005,64.63,1,2,1.0
1724166917477437700,12,585.45,611.01,30.819999999999936,14.039999999999964,1,1,1.0
1724166917477437700,11,532.9,625.9,22.25999999999999,20.300000000000068,1,1,1.0
1724166917548437000,1,401.14,533.72,324.09000000000003,67.83999999999992,1,2,1.0
1724166917548437000,12,591.86,611.59,23.539999999999964,16.110000000000014,1,1,1.0
1724166917548437000,11,536.8,614.97,32.00999999999999,24.629999999999995,1,1,1.0
1724166917548437000,13,504.4,615.36,26.180000000000064,10.92999999999995,1,1,1.0
1724166917603162500,1,406.53,532.21,318.22,68.88999999999999,1,2,1.0
1724166917603162500,12,589.82,605.76,23.279999999999973,21.039999999999964,1,1,1.0
1724166917603162500,13,506.5,613.87,27.33000000000004,13.830000000000041,1,1,1.0
1724166917669279800,1,404.92,531.08,323.06,68.7299999999999,1,2,1.0
1724166917669279800,12,588.66,601.68,24.440000000000055,25.720000000000027,1,1,1.0
1724166917669279800,13,504.8,608.88,35.829999999999984,22.41999999999996,1,1,1.0
1724166917736075000,1,419.75,530.4,308.89,66.08000000000004,1,2,1.0
1724166917736075000,12,586.33,597.6,26.16999999999996,28.899999999999977,1,1,1.0
1724166917736075000,13,506.0,614.49,29.639999999999986,15.710000000000036,1,1,1.0
1724166917817176300,1,415.27,532.18,317.09000000000003,63.35000000000002,1,2,1.0
1724166917817176300,12,590.72,595.75,23.779999999999973,29.450000000000045,1,1,1.0
1724166917817176300,13,507.2,616.46,23.750000000000057,17.339999999999918,1,1,1.0
1724166917875004400,1,412.03,532.89,321.86,60.26999999999998,1,2,1.0
1724166917875004400,12,588.82,595.25,23.579999999999927,30.350000000000023,1,1,1.0
1724166917875004400,13,507.92,617.96,24.109999999999957,16.17999999999995,1,1,1.0
1724166917928617400,1,425.32,534.82,315.00000000000006,56.25999999999999,1,2,1.0
1724166917928617400,12,585.62,590.38,28.779999999999973,31.519999999999982,1,1,1.0
1724166917928617400,13,508.65,619.47,24.450000000000045,15.0,1,1,1.0
1724166917989961700,1,425.59,539.56,317.82,47.74000000000001,1,2,1.0
1724166917989961700,12,574.92,589.2,40.379999999999995,27.899999999999977,1,1,1.0
1724166917989961700,13,509.37,608.6,46.83000000000004,24.449999999999932,1,1,1.0
1724166918061414000,1,430.28,542.13,319.83000000000004,43.379999999999995,1,2,1.0
1724166918061414000,12,565.12,588.36,43.48000000000002,23.840000000000032,1,1,1.0
1724166918061414000,13,509.09,602.91,49.12000000000006,26.25999999999999,1,1,1.0
1724166918116738800,1,423.68,542.16,327.41,41.73000000000002,1,2,1.0
1724166918116738800,12,566.49,586.42,37.92999999999995,23.980000000000018,1,1,1.0
1724166918116738800,13,507.37,607.66,52.299999999999955,21.840000000000032,1,1,1.0
1724166918185629300,1,425.16,546.55,333.81,30.960000000000036,1,2,1.0
1724166918185629300,12,551.77,585.01,50.52999999999997,21.389999999999986,1,1,1.0
1724166918185629300,13,503.86,610.2,54.93999999999994,20.699999999999932,1,1,1.0
1724166918253548700,1,422.07,548.17,340.83,28.00999999999999,1,2,1.0
1724166918253548700,12,550.97,585.75,53.42999999999995,21.350000000000023,1,1,1.0
1724166918253548700,13,504.16,608.5,50.73999999999995,22.74000000000001,1,1,1.0
1724166918317046700,1,420.98,546.36,344.41999999999996,29.840000000000032,1,2,1.0
1724166918317046700,12,546.33,583.96,56.99000000000001,24.299999999999955,1,1,1.0
1724166918317046700,13,505.62,610.1,49.48000000000002,21.220000000000027,1,1,1.0
1724166918377125200,1,426.53,548.72,337.88,27.720000000000027,1,2,1.0
1724166918377125200,12,541.95,584.86,65.28999999999996,24.129999999999995,1,1,1.0
1724166918377125200,13,512.45,609.6,49.75,20.68999999999994,1,1,1.0
1724166918516252100,1,430.7,548.3,334.64000000000004,24.879999999999995,1,2,1.0
1724166918516252100,12,537.98,585.24,64.85000000000002,22.840000000000032,1,1,1.0
1724166918516252100,13,504.3,611.11,46.009999999999934,14.68999999999994,1,1,1.0
1724166918546318400,1,430.4,550.2,331.64,24.399999999999977,1,2,1.0
1724166918546318400,12,535.67,584.8,66.97000000000003,24.180000000000064,1,1,1.0
1724166918546318400,13,500.1,608.52,45.68999999999994,21.379999999999995,1,1,1.0
1724166918594490500,1,428.84,550.2,342.56,25.569999999999936,1,2,1.0
1724166918594490500,12,534.62,584.42,77.18999999999994,25.32000000000005,1,1,1.0
1724166918594490500,13,499.2,608.39,45.60999999999996,18.610000000000014,1,1,1.0
1724166918665779500,1,429.34,548.67,340.76000000000005,28.139999999999986,1,2,1.0
1724166918665779500,12,539.97,585.27,65.02999999999997,24.230000000000018,1,1,1.0
1724166918665779500,13,498.4,608.08,46.05000000000007,16.319999999999936,1,1,1.0
1724166918712029900,1,429.83,547.14,338.96999999999997,30.710000000000036,1,2,1.0
1724166918712029900,12,533.57,586.1,70.17999999999995,22.809999999999945,1,1,1.0
1724166918712029900,13,495.2,607.14,50.81,18.56000000000006,1,1,1.0
1724166918759628200,1,432.02,548.3,335.1700000000001,28.32000000000005,1,2,1.0
1724166918759628200,12,531.1,586.9,71.39999999999998,21.300000000000068,1,1,1.0
1724166918759628200,13,497.21,605.75,45.599999999999966,20.75,1,1,1.0
1724166918829465800,1,430.15,549.75,334.75,28.629999999999995,1,2,1.0
1724166918829465800,12,537.38,583.2,52.32000000000005,26.839999999999918,1,1,1.0
1724166918829465800,13,499.06,604.0,45.72999999999996,23.799999999999955,1,1,1.0
1724166918885170400,1,440.3,548.19,320.96999999999997,32.66999999999996,1,2,1.0
1724166918885170400,12,533.2,586.23,59.84999999999991,26.569999999999936,1,1,1.0
1724166918885170400,13,503.0,608.92,40.389999999999986,21.680000000000064,1,1,1.0
1724166918950203100,1,436.59,549.29,333.28000000000003,31.190000000000055,1,2,1.0
1724166918950203100,12,537.5,586.97,55.17999999999995,28.42999999999995,1,1,1.0
1724166918950203100,13,501.38,609.44,41.120000000000005,23.159999999999968,1,1,1.0
1724166919011147900,1,434.62,552.23,334.11,28.50999999999999,1,2,1.0
1724166919011147900,12,536.8,586.97,56.98000000000002,29.629999999999995,1,1,1.0
1724166919011147900,13,502.3,609.72,39.69999999999999,23.480000000000018,1,1,1.0
1724166919082769300,1,440.8,553.27,328.97999999999996,27.840000000000032,1,2,1.0
1724166919082769300,12,543.03,591.0,56.07000000000005,25.960000000000036,1,1,1.0
1724166919082769300,13,501.9,610.42,42.90999999999997,22.379999999999995,1,1,1.0
1724166919149547000,1,442.77,553.99,322.14,27.039999999999964,1,2,1.0
1724166919149547000,12,543.22,591.6,49.98000000000002,24.93999999999994,1,1,1.0
1724166919149547000,13,504.1,612.77,41.75,21.129999999999995,1,1,1.0
1724166919203553900,1,442.67,556.88,320.34,24.840000000000032,1,2,1.0
1724166919203553900,12,547.57,590.4,43.82999999999993,30.550000000000068,1,1,1.0
1724166919203553900,13,503.5,614.1,43.82000000000005,23.0,1,1,1.0
1724166919270851900,1,441.8,555.29,313.3,27.40000000000009,1,2,1.0
1724166919270851900,12,553.0,591.71,41.40999999999997,24.889999999999986,1,1,1.0
1724166919270851900,13,503.3,609.74,48.19,24.860000000000014,1,1,1.0
1724166919332175600,1,442.83,553.62,315.68,29.049999999999955,1,2,1.0
1724166919332175600,12,542.9,590.92,41.79000000000008,34.280000000000086,1,1,1.0
1724166919332175600,13,504.5,611.38,37.34000000000003,25.32000000000005,1,1,1.0
1724166919407076000,1,451.24,551.14,304.14,32.200000000000045,1,2,1.0
1724166919407076000,12,546.5,591.72,40.90999999999997,31.579999999999927,1,1,1.0
1724166919407076000,11,518.07,616.87,31.789999999999964,23.600000000000023,1,1,1.0
1724166919407076000,13,500.94,606.9,43.45999999999998,23.389999999999986,1,1,1.0
1724166919469707200,1,437.17,547.51,313.58,38.180000000000064,1,2,1.0
1724166919469707200,12,552.4,602.65,38.58000000000004,20.350000000000023,1,1,1.0
1724166919469707200,11,517.22,615.7,36.42999999999995,23.889999999999986,1,1,1.0
1724166919469707200,13,502.84,606.9,44.76000000000005,21.200000000000045,1,1,1.0
1724166919522961000,1,455.21,547.42,289.99000000000007,40.450000000000045,1,2,1.0
1724166919522961000,12,555.3,602.36,42.379999999999995,22.43999999999994,1,1,1.0
1724166919522961000,11,518.7,614.83,37.569999999999936,26.769999999999982,1,1,1.0
1724166919522961000,13,500.52,603.0,64.58000000000004,24.539999999999964,1,1,1.0
1724166919598399800,1,466.77,543.72,279.1700000000001,45.99000000000001,1,2,1.0
1724166919598399800,12,554.7,607.85,45.99000000000001,16.850000000000023,1,1,1.0
1724166919598399800,11,520.2,618.03,36.94999999999993,22.370000000000005,1,1,1.0
1724166919598399800,13,505.93,602.9,60.96999999999997,24.08000000000004,1,1,1.0
1724166919654173100,1,466.58,541.27,274.28000000000003,49.57000000000005,1,2,1.0
1724166919654173100,12,565.6,603.56,37.120000000000005,20.24000000000001,1,1,1.0
1724166919654173100,11,519.0,615.12,43.67999999999995,25.279999999999973,1,1,1.0
1724166919654173100,13,503.99,601.7,63.50999999999999,25.379999999999995,1,1,1.0
1724166919720602400,1,419.66,536.91,318.08,54.73000000000002,1,2,1.0
1724166919720602400,12,558.3,601.52,41.50999999999999,23.379999999999995,1,1,1.0
1724166919720602400,11,516.7,617.45,38.69999999999993,28.149999999999977,1,1,1.0
1724166919720602400,13,503.76,603.6,64.94000000000005,23.480000000000018,1,1,1.0
1724166919807577000,1,440.67,534.96,297.83,57.49000000000001,1,2,1.0
1724166919807577000,12,567.3,607.92,31.15000000000009,17.879999999999995,1,1,1.0
1724166919807577000,11,519.0,616.87,39.60000000000002,26.129999999999995,1,1,1.0
1724166919807577000,13,504.62,604.7,57.379999999999995,22.49000000000001,1,1,1.0
1724166919866464500,1,402.33,529.55,332.79,64.0200000000001,1,2,1.0
1724166919866464500,12,568.5,614.04,29.940000000000055,10.860000000000014,1,1,1.0
1724166919866464500,11,517.3,616.29,38.97000000000003,28.210000000000036,1,1,1.0
1724166919866464500,13,500.85,602.0,62.25,22.360000000000014,1,1,1.0
1724166919930058700,1,401.96,525.89,334.40000000000003,67.85000000000002,1,2,1.0
1724166919930058700,12,561.21,612.3,38.389999999999986,12.300000000000068,1,1,1.0
1724166919930058700,11,517.59,615.99,38.969999999999914,27.00999999999999,1,1,1.0
1724166919930058700,13,499.04,600.8,65.66000000000003,24.32000000000005,1,1,1.0
1724166919985795500,1,389.11,519.55,341.08000000000004,75.25,1,2,1.0
1724166919985795500,12,563.84,612.01,38.379999999999995,12.299999999999955,1,1,1.0
1724166919985795500,11,516.7,616.58,44.52999999999997,25.519999999999982,1,1,1.0
1724166919985795500,13,499.73,599.9,69.97000000000003,23.149999999999977,1,1,1.0
1724166920052063600,1,396.55,519.07,341.07,75.42999999999995,1,2,1.0
1724166920052063600,11,517.9,620.95,36.620000000000005,21.149999999999977,1,1,1.0
1724166920052063600,13,502.54,597.5,71.35999999999996,24.91999999999996,1,1,1.0
1724166920110464200,1,420.89,520.09,313.62,73.38,1,2,1.0
1724166920110464200,11,519.4,621.24,38.90999999999997,20.860000000000014,1,1,1.0
1724166920110464200,13,495.54,597.1,75.66000000000003,25.17999999999995,1,1,1.0
1724166920168519000,1,409.78,518.94,328.43000000000006,73.94999999999993,1,2,1.0
1724166920168519000,11,517.36,624.45,38.90999999999997,20.8599999999999,1,1,1.0
1724166920168519000,13,497.65,595.7,82.75,28.49000000000001,1,1,1.0
1724166920242456300,1,383.66,515.81,352.97999999999996,76.69000000000005,1,2,1.0
1724166920242456300,11,518.53,625.32,38.91000000000008,20.279999999999973,1,1,1.0
1724166920242456300,13,498.0,594.91,82.57000000000005,27.590000000000032,1,1,1.0
1724166920290105500,1,401.95,521.0,336.69,70.73000000000002,1,2,1.0
1724166920290105500,11,518.8,626.19,34.85000000000002,20.289999999999964,1,1,1.0
1724166920290105500,13,499.39,594.0,83.50999999999999,30.08000000000004,1,1,1.0
1724166920367018600,1,394.41,522.8,348.67,66.12,1,2,1.0
1724166920367018600,11,520.8,630.57,29.65000000000009,14.42999999999995,1,1,1.0
1724166920367018600,13,501.42,603.57,73.68,19.75999999999999,1,1,1.0
1724166920422399500,1,397.05,526.28,348.09999999999997,60.389999999999986,1,2,1.0
1724166920422399500,11,522.8,628.23,23.860000000000014,16.16999999999996,1,1,1.0
1724166920422399500,13,501.08,611.17,41.349999999999966,13.830000000000041,1,1,1.0
1724166920487444200,1,402.17,528.22,344.07,58.19999999999993,1,2,1.0
1724166920487444200,11,522.5,629.4,18.029999999999973,14.700000000000045,1,1,1.0
1724166920487444200,13,502.72,614.7,42.77999999999997,12.370000000000005,1,1,1.0
1724166920549763200,1,405.67,529.63,341.83,52.07000000000005,1,2,1.0
1724166920549763200,11,524.0,625.03,27.610000000000014,19.370000000000005,1,1,1.0
1724166920549763200,13,505.1,615.4,20.49000000000001,10.0,1,1,1.0
1724166920622472100,1,438.42,533.56,314.15000000000003,46.680000000000064,1,2,1.0
1724166920622472100,11,525.2,629.69,20.289999999999964,15.009999999999991,1,1,1.0
1724166920622472100,13,502.99,617.74,20.5,10.0,1,1,1.0
1724166920683714500,1,422.74,536.28,331.73,42.930000000000064,1,2,1.0
1724166920748390200,1,417.24,536.37,336.93999999999994,42.549999999999955,1,2,1.0
1724166920748390200,14,683.59,601.58,30.829999999999927,17.559999999999945,1,1,1.0
1724166920808762000,1,423.85,539.36,330.38,38.72000000000003,1,2,1.0
1724166920808762000,14,671.28,594.17,43.629999999999995,24.050000000000068,1,1,1.0
1724166920872085700,1,421.72,539.03,328.74,39.84000000000003,1,2,1.0
1724166920872085700,14,671.89,595.67,43.00999999999999,23.430000000000064,1,1,1.0
1724166920941989700,1,420.13,538.31,332.34000000000003,39.960000000000036,1,2,1.0
1724166920941989700,14,671.58,594.33,41.819999999999936,25.069999999999936,1,1,1.0
1724166920996798600,1,446.34,538.09,307.64000000000004,41.07999999999993,1,2,1.0
1724166920996798600,14,671.8,593.07,40.80000000000007,26.42999999999995,1,1,1.0
1724166921062246700,1,411.53,533.52,341.33000000000004,45.52999999999997,1,2,1.0
1724166921062246700,14,671.84,592.04,40.559999999999945,26.660000000000082,1,1,1.0
1724166921125809600,1,414.43,531.95,339.59,47.45999999999992,1,2,1.0
1724166921125809600,14,686.17,597.74,25.530000000000086,19.059999999999945,1,1,1.0
1724166921198183100,1,417.29,527.71,332.2699999999999,53.82999999999993,1,2,1.0
1724166921198183100,14,692.02,599.69,24.779999999999973,17.1099999999999,1,1,1.0
1724166921252759400,1,388.12,524.13,362.39,58.92999999999995,1,2,1.0
1724166921252759400,14,690.98,599.21,22.079999999999927,17.389999999999986,1,1,1.0
1724166921319931500,1,386.28,519.73,362.30000000000007,63.5,1,2,1.0
1724166921319931500,14,672.84,588.93,39.15999999999997,31.170000000000073,1,1,1.0
1724166921390812700,1,402.4,520.36,345.7900000000001,65.71000000000004,1,2,1.0
1724166921390812700,14,682.98,592.83,31.720000000000027,22.16999999999996,1,1,1.0
1724166921470646600,1,414.99,514.37,330.64,71.84000000000003,1,2,1.0
1724166921470646600,14,685.63,591.08,29.769999999999982,23.719999999999914,1,1,1.0
1724166921508586300,1,418.21,512.41,331.18,72.72000000000003,1,2,1.0
1724166921508586300,14,685.03,590.42,32.67000000000007,22.379999999999995,1,1,1.0
1724166921573491300,1,431.84,511.55,311.56,76.09999999999997,1,2,1.0
1724166921573491300,14,690.43,591.9,29.170000000000073,21.5,1,1,1.0
1724166921573491300,15,657.06,611.33,17.950000000000045,14.43999999999994,1,1,1.0
1724166921647805400,1,435.78,508.71,305.55000000000007,79.65000000000003,1,2,1.0
1724166921647805400,14,677.09,584.58,40.40999999999997,27.819999999999936,1,1,1.0
1724166921647805400,15,657.45,611.33,30.84999999999991,21.870000000000005,1,1,1.0
1724166921701946600,1,417.97,503.68,317.44999999999993,82.57999999999998,1,2,1.0
1724166921701946600,14,662.98,581.18,53.35000000000002,29.680000000000064,1,1,1.0
1724166921701946600,15,658.52,613.39,32.77999999999997,19.81000000000006,1,1,1.0
1724166921767525500,1,439.03,511.33,296.19000000000005,71.72999999999996,1,2,1.0
1724166921767525500,14,675.56,581.13,42.450000000000045,28.460000000000036,1,1,1.0
1724166921767525500,15,657.87,610.48,33.17999999999995,23.829999999999927,1,1,1.0
1724166921827357000,1,437.0,516.16,310.97,65.37,1,2,1.0
1724166921827357000,14,663.76,580.22,52.74000000000001,26.43999999999994,1,1,1.0
1724166921827357000,15,658.95,609.5,35.549999999999955,24.700000000000045,1,1,1.0
1724166921895662000,1,435.69,518.27,314.02000000000004,63.950000000000045,1,2,1.0
1724166921895662000,14,647.81,580.83,71.59000000000003,27.569999999999936,1,1,1.0
1724166921895662000,15,658.68,609.68,33.23000000000002,24.470000000000027,1,1,1.0
1724166921965990500,1,429.59,517.0,318.90000000000003,64.14999999999998,1,2,1.0
1724166921965990500,14,654.09,578.25,66.20999999999992,29.950000000000045,1,1,1.0
1724166921965990500,15,655.03,609.79,33.680000000000064,25.860000000000014,1,1,1.0
1724166922023313400,1,438.45,524.39,312.81,55.389999999999986,1,2,1.0
1724166922023313400,14,638.87,582.54,83.02999999999997,27.25999999999999,1,1,1.0
1724166922023313400,15,658.24,609.65,33.049999999999955,23.790000000000077,1,1,1.0
1724166922085216500,1,428.32,522.95,321.10999999999996,61.3599999999999,1,2,1.0
1724166922085216500,14,643.52,581.84,83.18000000000006,19.75999999999999,1,1,1.0
1724166922085216500,15,659.33,608.56,29.289999999999964,24.780000000000086,1,1,1.0
1724166922151123600,1,437.53,527.49,316.6700000000001,47.49000000000001,1,2,1.0
1724166922151123600,14,643.73,580.79,59.97000000000003,20.410000000000082,1,1,1.0
1724166922151123600,15,659.52,608.43,31.529999999999973,23.730000000000018,1,1,1.0
1724166922220147200,1,416.58,530.83,341.49000000000007,41.43999999999994,1,2,1.0
1724166922220147200,14,636.78,575.18,66.51999999999998,24.920000000000073,1,1,1.0
1724166922220147200,15,658.39,609.29,32.73000000000002,21.670000000000073,1,1,1.0
1724166922279949000,1,415.59,532.69,342.94,35.20999999999992,1,2,1.0
1724166922279949000,14,635.2,576.32,62.299999999999955,22.579999999999927,1,1,1.0
1724166922279949000,15,660.57,610.19,38.39999999999998,19.61999999999989,1,1,1.0
1724166922350115100,1,421.3,533.61,339.95,33.559999999999945,1,2,1.0
1724166922350115100,14,635.22,575.25,57.77999999999997,21.049999999999955,1,1,1.0
1724166922350115100,15,661.74,609.94,35.950000000000045,18.209999999999923,1,1,1.0
1724166922407856200,1,423.77,535.91,344.19000000000005,29.970000000000027,1,2,1.0
1724166922407856200,14,636.37,574.75,61.73000000000002,23.850000000000023,1,1,1.0
1724166922407856200,15,663.4,610.01,33.450000000000045,15.409999999999968,1,1,1.0
1724166922471783100,1,426.97,536.35,343.92999999999995,27.959999999999923,1,2,1.0
1724166922471783100,14,633.66,570.99,56.940000000000055,23.309999999999945,1,1,1.0
1724166922471783100,15,671.2,612.74,28.0,14.259999999999991,1,1,1.0
1724166922538784200,1,424.16,536.82,345.99999999999994,29.559999999999945,1,2,1.0
1724166922538784200,14,634.69,568.16,58.639999999999986,20.040000000000077,1,1,1.0
1724166922538784200,15,671.2,612.74,28.0,14.259999999999991,1,1,1.0
