1724166127966985700,1,623.95,28.98,121.57,41.10,1,1,1.000000
1724166128010733900,1,620.28,28.32,128.06,41.03,1,1,1.000000
1724166128332164000,1,603.15,28.95,137.83,44.57,1,1,1.000000
1724166128530944700,1,595.95,31.43,118.10,45.74,1,1,1.000000
1724166129127756300,6,573.04,0.00,120.73,59.72,1,1,1.000000
1724166150563745700,8,1204.44,187.17,74.95,116.25,1,1,1.000000
1724166150609422900,8,1184.99,167.68,94.67,136.50,1,1,1.000000
1724166150654729200,8,1166.07,154.41,113.63,150.44,1,1,1.000000
1724166150732080700,8,1107.71,120.59,172.19,193.09,1,1,1.000000
1724166150816625400,8,1071.80,103.15,208.17,204.50,1,1,1.000000
1724166150884800100,8,1040.01,80.47,240.26,231.19,1,1,1.000000
1724166150930149100,8,1021.10,70.38,259.41,238.42,1,1,1.000000
1724166150974626900,8,1011.94,62.16,268.65,242.56,1,1,1.000000
1724166151005462900,8,994.11,47.71,286.51,248.25,1,1,1.000000
1724166151052026200,8,977.71,42.08,302.50,253.43,1,1,1.000000
1724166151082948800,8,956.67,27.52,323.65,273.27,1,1,1.000000
1724166151127681400,8,941.45,19.73,338.25,271.82,1,1,1.000000
1724166151176286100,8,913.41,0.48,367.10,271.91,1,1,1.000000
1724166151206112500,8,899.84,0.45,380.04,262.18,1,1,1.000000
1724166151283859800,8,885.25,0.74,393.66,255.77,1,1,1.000000
1724166151329216900,8,856.65,1.07,422.05,248.68,1,1,1.000000
1724166151374649700,8,846.68,1.18,432.28,251.12,1,1,1.000000
1724166151408126300,8,830.81,1.00,449.38,246.13,1,1,1.000000
1724166151450204000,8,813.88,1.20,464.54,240.87,1,1,1.000000
1724166151483119900,8,805.44,1.33,474.01,244.24,1,1,1.000000
1724166151526295800,8,794.94,1.20,484.28,230.50,1,1,1.000000
1724166151572148200,8,782.73,0.73,496.99,200.49,1,1,1.000000
1724166151602714500,8,774.47,0.57,504.72,195.47,1,1,1.000000
1724166151650900300,8,766.62,0.76,511.34,193.52,1,1,1.000000
1724166151693163300,8,753.70,0.76,524.21,243.66,1,1,1.000000
1724166151725286000,8,745.19,0.55,531.26,220.97,1,1,1.000000
1724166151769771300,8,729.29,0.76,545.07,196.73,1,1,1.000000
1724166151813626700,8,718.08,0.00,535.52,148.52,1,1,1.000000
1724166151844742600,8,715.41,0.00,494.34,134.49,1,1,1.000000
1724166151891572600,8,719.49,0.00,436.61,77.16,1,1,1.000000
1724166151922810800,8,724.96,0.00,411.57,97.82,1,1,1.000000
1724166152013352500,8,706.64,0.00,363.91,108.61,1,1,1.000000
1724166152044055400,8,774.06,0.00,256.11,109.52,1,1,1.000000
1724166152090588100,8,881.06,0.00,102.58,91.80,1,1,1.000000
1724166164250858100,10,1176.49,368.98,103.17,77.19,1,1,1.000000
1724166164296978400,10,1156.61,365.57,123.32,79.52,1,1,1.000000
1724166164327039300,10,1131.98,357.92,147.60,88.61,1,1,1.000000
1724166164371237200,10,1111.31,351.66,168.05,98.08,1,1,1.000000
1724166164402607700,10,1090.85,345.40,188.98,107.49,1,1,1.000000
1724166164448471300,10,1070.85,339.23,208.87,116.52,1,1,1.000000
1724166164495857200,10,1054.44,336.51,225.17,117.90,1,1,1.000000
1724166164526264700,10,1043.68,332.92,236.03,127.70,1,1,1.000000
1724166164573702400,10,1037.94,329.76,241.90,130.14,1,1,1.000000
1724166164603035700,10,1036.79,322.53,243.37,136.03,1,1,1.000000
1724166164649606000,10,1036.07,323.07,243.50,135.12,1,1,1.000000
1724166164693949300,10,1029.03,316.14,250.55,127.92,1,1,1.000000
1724166164724838600,10,1024.82,310.11,254.68,131.28,1,1,1.000000
1724166164770783100,10,1021.22,304.18,258.45,132.85,1,1,1.000000
1724166164801176800,10,1023.99,298.92,255.37,134.20,1,1,1.000000
1724166164846452300,10,1024.83,291.89,254.54,142.24,1,1,1.000000
1724166164892012500,10,1019.47,282.14,260.50,146.88,1,1,1.000000
1724166164923772600,10,1011.71,255.23,268.51,164.55,1,1,1.000000
1724166164968570500,10,997.96,251.63,282.12,162.82,1,1,1.000000
1724166165013048900,10,976.53,254.88,303.12,147.95,1,1,1.000000
1724166165046114100,10,961.78,248.68,317.84,149.85,1,1,1.000000
1724166165092894600,10,938.56,242.19,340.39,148.69,1,1,1.000000
1724166165121892500,10,915.86,237.12,363.18,149.49,1,1,1.000000
1724166165167443800,10,887.43,228.98,392.52,142.26,1,1,1.000000
1724166165213080200,10,843.18,212.78,436.15,134.46,1,1,1.000000
1724166165290562000,10,789.59,198.91,489.77,132.68,1,1,1.000000
1724166165334124000,10,771.91,195.11,507.00,128.26,1,1,1.000000
1724166165367185500,10,745.67,190.81,533.02,140.22,1,1,1.000000
1724166165412338000,10,717.58,182.55,560.48,151.62,1,1,1.000000
1724166165442419900,10,691.95,175.12,584.55,145.97,1,1,1.000000
1724166165489928400,10,666.28,171.53,595.19,136.79,1,1,1.000000
1724166165536152600,10,639.77,166.46,583.82,143.57,1,1,1.000000
1724166165565787200,10,609.11,161.35,581.19,153.65,1,1,1.000000
1724166165612583200,10,589.86,156.43,565.80,156.78,1,1,1.000000
1724166165658685300,10,559.51,156.07,559.22,158.91,1,1,1.000000
1724166165686336100,10,533.46,152.24,529.27,159.97,1,1,1.000000
1724166165735389300,10,477.21,147.57,510.86,152.30,1,1,1.000000
1724166165763088000,10,458.91,147.39,495.96,138.64,1,1,1.000000
1724166165810880600,10,432.58,148.90,483.37,125.34,1,1,1.000000
1724166165854948800,10,402.43,151.10,483.31,115.41,1,1,1.000000
1724166165886588500,10,385.39,150.79,462.94,108.98,1,1,1.000000
1724166165930271300,10,358.42,151.58,459.87,107.75,1,1,1.000000
1724166165974923600,10,333.31,152.45,459.82,104.89,1,1,1.000000
1724166166006548000,10,305.30,151.92,453.33,105.08,1,1,1.000000
1724166166051537500,10,278.30,149.21,452.27,105.03,1,1,1.000000
1724166166082216700,10,247.94,152.82,460.53,102.44,1,1,1.000000
1724166166128835800,10,221.15,150.18,468.05,107.81,1,1,1.000000
1724166166175276700,10,176.64,146.99,474.01,126.28,1,1,1.000000
1724166166248867300,10,163.05,144.82,469.39,126.75,1,1,1.000000
1724166166295441600,10,132.27,143.43,464.82,119.66,1,1,1.000000
1724166166325659400,10,117.73,142.18,464.06,117.80,1,1,1.000000
1724166166369992700,10,105.63,140.66,458.95,113.39,1,1,1.000000
1724166166415559500,10,96.22,138.71,458.76,112.15,1,1,1.000000
1724166166490672600,10,67.04,135.22,468.02,105.09,1,1,1.000000
1724166166520427700,10,50.32,133.11,472.11,103.86,1,1,1.000000
1724166166568194800,10,35.02,131.93,473.62,102.99,1,1,1.000000
1724166166613848900,10,1.53,131.31,477.60,105.94,1,1,1.000000
1724166166690970500,10,0.00,129.47,452.95,114.18,1,1,1.000000
1724166166722280400,10,0.00,128.75,437.25,118.76,1,1,1.000000
1724166166768639500,10,0.00,127.90,420.41,115.98,1,1,1.000000
1724166166812864800,10,0.68,129.25,400.30,112.03,1,1,1.000000
1724166166843946200,10,0.18,130.16,395.45,108.75,1,1,1.000000
1724166166891148700,10,0.00,128.45,380.83,109.98,1,1,1.000000
1724166166933715800,10,0.01,127.74,371.40,109.96,1,1,1.000000
1724166166963950600,10,0.24,128.28,355.30,107.11,1,1,1.000000
1724166167008414600,10,0.07,124.78,336.96,106.90,1,1,1.000000
1724166167053939000,10,0.04,123.14,316.14,107.05,1,1,1.000000
1724166167083597000,10,0.07,122.31,296.90,110.98,1,1,1.000000
1724166167130121400,10,0.00,128.98,277.90,100.16,1,1,1.000000
1724166167174906000,10,0.00,148.74,238.08,79.45,1,1,1.000000
1724166167250557200,10,0.00,143.23,191.92,83.12,1,1,1.000000
1724166167296410600,10,0.27,141.29,168.30,84.03,1,1,1.000000
1724166167327036400,10,0.06,139.68,143.44,81.28,1,1,1.000000
1724166167380571800,10,0.00,138.65,116.49,80.89,1,1,1.000000
1724166167450946300,10,0.20,130.37,66.45,81.29,1,1,1.000000
1724166170963150100,12,1184.13,511.48,95.55,78.90,1,1,1.000000
1724166171008571100,12,1163.01,511.40,116.65,80.03,1,1,1.000000
1724166171058089100,12,1143.51,507.64,135.89,85.37,1,1,1.000000
1724166171088007300,12,1123.59,505.08,156.08,93.16,1,1,1.000000
1724166171088007300,13,1227.76,80.56,52.34,69.54,1,1,1.000000
1724166171130415900,12,1107.85,504.55,171.67,96.10,1,1,1.000000
1724166171130415900,13,1212.35,72.60,67.63,79.57,1,1,1.000000
1724166171160807600,12,1088.94,504.15,190.56,98.18,1,1,1.000000
1724166171160807600,13,1194.20,63.08,85.60,91.86,1,1,1.000000
1724166171208331600,12,1072.52,504.06,206.79,102.82,1,1,1.000000
1724166171208331600,13,1179.52,60.51,100.33,93.96,1,1,1.000000
1724166171252692400,12,1035.24,496.94,244.17,103.21,1,1,1.000000
1724166171252692400,13,1153.85,50.28,125.68,105.40,1,1,1.000000
1724166171330633100,12,997.90,490.25,281.27,109.98,1,1,1.000000
1724166171330633100,13,1125.35,40.86,154.17,115.06,1,1,1.000000
1724166171376635900,12,982.24,483.99,297.50,113.98,1,1,1.000000
1724166171376635900,13,1113.13,36.65,167.06,118.48,1,1,1.000000
1724166171406280300,12,961.24,482.16,318.43,114.16,1,1,1.000000
1724166171406280300,13,1094.05,32.90,186.19,122.72,1,1,1.000000
1724166171451698000,12,940.67,484.41,339.65,112.62,1,1,1.000000
1724166171451698000,13,1074.57,29.70,205.92,126.49,1,1,1.000000
1724166171527653600,12,901.74,485.65,378.44,107.92,1,1,1.000000
1724166171527653600,13,1038.33,21.64,241.45,136.61,1,1,1.000000
1724166171573866200,12,886.54,482.23,393.38,111.58,1,1,1.000000
1724166171573866200,13,1019.73,14.29,259.87,145.52,1,1,1.000000
1724166171604767600,12,869.79,477.15,409.78,111.75,1,1,1.000000
1724166171604767600,13,1004.63,7.82,275.26,151.65,1,1,1.000000
1724166171649445000,12,857.00,474.43,422.18,110.80,1,1,1.000000
1724166171649445000,13,989.80,2.69,290.03,157.53,1,1,1.000000
1724166171695270100,12,840.06,468.84,439.32,112.81,1,1,1.000000
1724166171695270100,13,971.77,0.75,308.05,160.04,1,1,1.000000
1724166171726172800,12,821.79,463.76,458.02,116.69,1,1,1.000000
1724166171726172800,13,955.76,0.97,323.82,160.91,1,1,1.000000
1724166171773823100,12,806.53,459.94,473.23,119.39,1,1,1.000000
1724166171773823100,13,939.55,0.80,340.22,163.62,1,1,1.000000
1724166171773823100,14,1193.22,301.31,86.74,67.50,1,1,1.000000
1724166171803865600,12,789.91,456.50,488.87,121.27,1,1,1.000000
1724166171803865600,13,928.12,0.79,351.57,165.22,1,1,1.000000
1724166171803865600,14,1179.87,295.72,99.91,75.45,1,1,1.000000
1724166171848720100,12,756.02,454.61,522.33,133.06,1,1,1.000000
1724166171848720100,13,897.02,2.10,381.31,172.00,1,1,1.000000
1724166171848720100,14,1146.49,285.12,133.14,92.30,1,1,1.000000
1724166171893529200,12,736.10,453.60,522.97,122.17,1,1,1.000000
1724166171893529200,13,881.58,3.53,397.74,173.58,1,1,1.000000
1724166171893529200,14,1135.69,284.32,143.70,93.76,1,1,1.000000
1724166171925037300,12,718.33,454.09,505.96,108.79,1,1,1.000000
1724166171925037300,13,863.86,7.46,414.91,176.17,1,1,1.000000
1724166171925037300,14,1121.74,284.29,157.60,92.11,1,1,1.000000
1724166171970394400,12,703.28,455.20,476.78,106.18,1,1,1.000000
1724166171970394400,13,840.45,10.60,438.28,173.97,1,1,1.000000
1724166171970394400,14,1105.15,283.18,173.89,89.86,1,1,1.000000
1724166172047538700,12,662.62,437.94,451.42,124.01,1,1,1.000000
1724166172047538700,13,795.68,10.75,482.64,180.86,1,1,1.000000
1724166172047538700,14,1061.80,269.59,218.07,103.85,1,1,1.000000
1724166172093364200,12,636.56,437.07,448.46,118.52,1,1,1.000000
1724166172093364200,13,776.41,2.95,498.44,192.16,1,1,1.000000
1724166172093364200,14,1036.78,264.14,242.96,110.27,1,1,1.000000
1724166172123343200,12,615.87,446.34,451.92,103.57,1,1,1.000000
1724166172123343200,13,752.28,1.15,499.13,196.99,1,1,1.000000
1724166172123343200,14,1010.04,267.90,270.75,106.79,1,1,1.000000
1724166172170519700,12,590.98,442.18,474.85,110.24,1,1,1.000000
1724166172170519700,13,729.63,0.78,491.37,201.88,1,1,1.000000
1724166172170519700,14,979.92,269.64,300.75,104.63,1,1,1.000000
1724166172215432000,12,542.15,433.51,488.73,130.97,1,1,1.000000
1724166172215432000,13,682.87,24.90,472.38,189.77,1,1,1.000000
1724166172215432000,14,933.41,273.29,346.35,100.59,1,1,1.000000
1724166172292108500,12,491.37,427.43,471.79,134.51,1,1,1.000000
1724166172292108500,13,635.56,25.65,512.15,199.66,1,1,1.000000
1724166172292108500,14,885.15,276.79,395.15,93.62,1,1,1.000000
1724166172366296200,12,464.78,427.23,454.18,121.29,1,1,1.000000
1724166172366296200,13,607.15,30.81,522.96,201.89,1,1,1.000000
1724166172366296200,14,859.81,275.66,419.10,92.02,1,1,1.000000
1724166172410200000,12,411.32,429.88,447.76,100.47,1,1,1.000000
1724166172410200000,13,552.89,46.13,522.38,199.30,1,1,1.000000
1724166172410200000,14,804.67,275.32,427.97,98.39,1,1,1.000000
1724166172486451900,12,343.63,418.13,443.95,117.79,1,1,1.000000
1724166172486451900,13,492.68,59.09,494.08,200.79,1,1,1.000000
1724166172486451900,14,740.07,276.84,399.74,98.80,1,1,1.000000
1724166172486451900,15,1065.48,0.24,215.03,64.88,1,1,1.000000
1724166172531840300,12,307.33,413.65,442.31,130.44,1,1,1.000000
1724166172531840300,13,454.68,61.20,494.67,206.14,1,1,1.000000
1724166172531840300,14,710.12,281.24,384.85,89.79,1,1,1.000000
1724166172531840300,15,1030.44,0.05,250.01,69.66,1,1,1.000000
1724166172531840300,16,1173.06,118.62,106.80,91.04,1,1,1.000000
1724166172562113200,12,268.84,423.52,453.42,129.14,1,1,1.000000
1724166172562113200,13,423.06,66.62,484.14,208.40,1,1,1.000000
1724166172562113200,14,677.69,279.88,369.87,93.22,1,1,1.000000
1724166172562113200,15,991.68,0.20,288.51,74.04,1,1,1.000000
1724166172562113200,16,1135.50,118.20,144.13,93.27,1,1,1.000000
1724166172653983700,12,185.02,439.68,480.35,143.89,1,1,1.000000
1724166172653983700,13,356.15,79.25,467.19,213.27,1,1,1.000000
1724166172653983700,14,613.26,270.47,349.86,107.19,1,1,1.000000
1724166172653983700,15,916.69,0.11,361.97,81.84,1,1,1.000000
1724166172653983700,16,1061.17,111.01,219.06,106.27,1,1,1.000000
1724166172729684900,12,92.80,447.44,507.05,170.88,1,1,1.000000
1724166172729684900,13,285.12,91.94,476.17,219.52,1,1,1.000000
1724166172729684900,14,552.71,273.27,340.39,116.53,1,1,1.000000
1724166172729684900,15,838.69,0.00,437.93,92.10,1,1,1.000000
1724166172729684900,16,985.42,122.40,294.52,103.78,1,1,1.000000
1724166172805349600,12,0.63,443.85,531.73,206.01,1,1,1.000000
1724166172805349600,13,203.34,98.84,535.90,242.30,1,1,1.000000
1724166172805349600,14,487.21,281.61,385.72,122.48,1,1,1.000000
1724166172805349600,15,778.78,0.00,399.60,104.66,1,1,1.000000
1724166172805349600,16,943.28,128.26,335.92,107.86,1,1,1.000000
1724166172852503000,12,0.63,441.63,505.66,222.36,1,1,1.000000
1724166172852503000,13,170.85,125.61,502.38,229.59,1,1,1.000000
1724166172852503000,14,460.54,298.93,367.70,115.32,1,1,1.000000
1724166172852503000,15,747.13,0.00,402.88,109.12,1,1,1.000000
1724166172852503000,16,913.43,132.32,346.98,105.77,1,1,1.000000
1724166172882507200,12,0.69,437.42,482.82,243.20,1,1,1.000000
1724166172882507200,13,129.59,124.61,533.11,247.20,1,1,1.000000
1724166172882507200,14,428.88,309.98,373.99,112.93,1,1,1.000000
1724166172882507200,15,718.16,0.20,384.35,112.53,1,1,1.000000
1724166172882507200,16,885.90,136.59,343.20,108.64,1,1,1.000000
1724166172929284600,12,0.46,438.24,441.45,250.13,1,1,1.000000
1724166172929284600,13,95.64,125.44,555.79,264.68,1,1,1.000000
1724166172929284600,14,406.30,313.51,364.43,115.94,1,1,1.000000
1724166172929284600,15,694.48,0.09,384.55,120.28,1,1,1.000000
1724166172929284600,16,865.91,143.44,342.48,102.34,1,1,1.000000
1724166172977271300,12,0.00,450.74,383.70,246.81,1,1,1.000000
1724166172977271300,13,17.67,147.27,604.61,278.22,1,1,1.000000
1724166172977271300,14,353.11,311.42,370.15,124.17,1,1,1.000000
1724166172977271300,15,648.60,0.48,392.96,122.56,1,1,1.000000
1724166172977271300,16,830.85,151.33,372.57,101.23,1,1,1.000000
1724166173051066600,12,0.00,483.21,339.10,217.38,1,1,1.000000
1724166173051066600,13,0.39,160.64,565.23,289.00,1,1,1.000000
1724166173051066600,14,293.73,316.75,375.23,138.92,1,1,1.000000
1724166173051066600,15,596.14,11.79,397.99,124.54,1,1,1.000000
1724166173051066600,16,795.12,163.46,386.93,99.79,1,1,1.000000
1724166173081663200,12,0.31,499.42,310.59,205.43,1,1,1.000000
1724166173081663200,13,1.14,161.71,544.30,303.90,1,1,1.000000
1724166173081663200,14,268.04,321.14,381.58,144.42,1,1,1.000000
1724166173081663200,15,570.73,18.61,391.25,120.67,1,1,1.000000
1724166173081663200,16,780.65,166.50,387.04,102.10,1,1,1.000000
1724166173128750900,12,0.00,516.61,284.49,188.96,1,1,1.000000
1724166173128750900,13,0.35,163.77,517.30,312.18,1,1,1.000000
1724166173128750900,14,232.30,330.28,398.71,148.22,1,1,1.000000
1724166173128750900,15,543.19,25.11,386.60,122.39,1,1,1.000000
1724166173128750900,16,764.77,171.12,387.00,102.63,1,1,1.000000
1724166173174373800,12,0.00,531.48,257.46,168.58,1,1,1.000000
1724166173174373800,13,0.32,169.11,501.48,313.36,1,1,1.000000
1724166173174373800,14,207.91,344.75,413.90,145.11,1,1,1.000000
1724166173174373800,15,520.61,26.69,382.07,122.60,1,1,1.000000
1724166173174373800,16,751.14,171.58,376.56,105.48,1,1,1.000000
1724166173204738600,12,0.00,539.91,223.51,154.91,1,1,1.000000
1724166173204738600,13,0.00,174.06,474.29,309.60,1,1,1.000000
1724166173204738600,14,166.48,357.31,437.33,150.04,1,1,1.000000
1724166173204738600,15,495.95,28.05,381.60,123.66,1,1,1.000000
1724166173204738600,16,735.85,170.39,371.47,108.56,1,1,1.000000
1724166173250711200,12,0.27,532.49,201.27,155.62,1,1,1.000000
1724166173250711200,13,0.00,181.26,447.80,305.85,1,1,1.000000
1724166173250711200,14,138.12,366.95,452.66,148.59,1,1,1.000000
1724166173250711200,15,467.83,28.18,381.35,123.75,1,1,1.000000
1724166173250711200,16,719.64,170.70,364.55,110.27,1,1,1.000000
1724166173297177100,12,0.36,535.03,168.74,151.95,1,1,1.000000
1724166173297177100,13,0.00,196.06,437.38,295.62,1,1,1.000000
1724166173297177100,14,100.43,370.88,464.39,153.60,1,1,1.000000
1724166173297177100,15,445.34,28.70,380.40,124.08,1,1,1.000000
1724166173297177100,16,702.64,168.56,357.43,112.56,1,1,1.000000
1724166173325974500,12,0.14,537.71,135.47,147.11,1,1,1.000000
1724166173325974500,13,0.21,202.34,436.42,289.79,1,1,1.000000
1724166173325974500,14,73.59,369.89,468.19,162.40,1,1,1.000000
1724166173325974500,15,418.30,24.85,411.36,127.80,1,1,1.000000
1724166173325974500,16,694.42,170.82,351.57,112.50,1,1,1.000000
1724166173372532500,12,0.00,557.13,97.35,108.18,1,1,1.000000
1724166173372532500,13,0.81,216.28,412.83,270.77,1,1,1.000000
1724166173372532500,14,37.33,365.44,484.01,175.54,1,1,1.000000
1724166173372532500,15,390.92,26.07,434.07,127.43,1,1,1.000000
1724166173372532500,16,674.38,169.73,349.24,116.87,1,1,1.000000
1724166173403470700,13,0.04,230.57,392.72,254.09,1,1,1.000000
1724166173403470700,14,1.33,362.16,501.13,187.27,1,1,1.000000
1724166173403470700,15,356.79,22.41,454.20,130.20,1,1,1.000000
1724166173403470700,16,659.89,163.96,345.59,122.71,1,1,1.000000
1724166173448124800,13,0.00,246.05,355.28,233.80,1,1,1.000000
1724166173448124800,14,0.16,358.37,469.30,209.22,1,1,1.000000
1724166173448124800,15,322.96,21.65,469.05,132.82,1,1,1.000000
1724166173448124800,16,645.40,169.98,356.82,122.58,1,1,1.000000
1724166173448124800,17,1216.47,31.72,63.57,67.62,1,1,1.000000
1724166173448124800,18,1232.28,284.42,47.59,49.19,1,1,1.000000
1724166173494514700,13,0.57,271.25,305.08,186.91,1,1,1.000000
1724166173494514700,14,0.40,358.72,425.60,212.26,1,1,1.000000
1724166173494514700,15,244.94,11.12,479.57,142.61,1,1,1.000000
1724166173494514700,16,614.30,164.46,374.64,131.22,1,1,1.000000
1724166173494514700,17,1175.11,22.03,104.85,77.95,1,1,1.000000
1724166173494514700,18,1218.50,278.20,61.31,53.96,1,1,1.000000
1724166173568705300,13,0.00,262.99,253.44,193.70,1,1,1.000000
1724166173568705300,14,0.66,371.43,393.31,207.75,1,1,1.000000
1724166173568705300,15,171.67,9.76,493.63,143.53,1,1,1.000000
1724166173568705300,16,588.20,166.43,382.46,132.86,1,1,1.000000
1724166173568705300,17,1162.28,14.80,117.18,79.64,1,1,1.000000
1724166173568705300,18,1206.88,272.03,72.91,57.75,1,1,1.000000
1724166173615915800,13,0.36,261.31,233.88,189.40,1,1,1.000000
1724166173615915800,14,0.63,383.59,379.34,196.49,1,1,1.000000
1724166173615915800,15,136.17,6.56,499.80,144.51,1,1,1.000000
1724166173615915800,16,573.82,163.45,380.94,136.80,1,1,1.000000
1724166173615915800,17,1157.99,3.23,121.44,88.12,1,1,1.000000
1724166173615915800,18,1205.89,270.81,74.17,56.72,1,1,1.000000
1724166173645140600,13,0.51,263.16,216.99,190.40,1,1,1.000000
1724166173645140600,14,0.40,393.92,368.29,192.34,1,1,1.000000
1724166173645140600,15,101.55,2.25,518.33,150.68,1,1,1.000000
1724166173645140600,16,566.82,160.43,377.84,142.53,1,1,1.000000
1724166173645140600,17,1163.94,1.58,115.69,85.57,1,1,1.000000
1724166173645140600,18,1213.70,269.11,66.23,53.91,1,1,1.000000
1724166173690080900,13,0.61,268.90,202.15,190.59,1,1,1.000000
1724166173690080900,14,1.07,402.12,358.87,187.72,1,1,1.000000
1724166173690080900,15,71.07,3.06,541.79,151.50,1,1,1.000000
1724166173690080900,16,556.95,157.27,379.48,147.73,1,1,1.000000
1724166173690080900,17,1167.37,0.85,112.25,84.75,1,1,1.000000
1724166173690080900,18,1218.54,267.47,61.21,54.75,1,1,1.000000
1724166173721288900,13,0.51,275.33,185.32,188.93,1,1,1.000000
1724166173721288900,14,1.29,406.09,344.75,186.97,1,1,1.000000
1724166173721288900,15,35.61,2.42,576.77,152.10,1,1,1.000000
1724166173721288900,16,543.95,154.32,378.39,155.31,1,1,1.000000
1724166173721288900,17,1164.22,0.44,115.46,82.83,1,1,1.000000
1724166173721288900,18,1221.03,265.84,58.75,53.50,1,1,1.000000
1724166173766362800,13,0.34,283.51,171.91,177.06,1,1,1.000000
1724166173766362800,14,0.79,399.30,336.24,196.40,1,1,1.000000
1724166173766362800,15,2.64,4.35,603.00,153.93,1,1,1.000000
1724166173766362800,16,539.10,154.20,374.33,159.47,1,1,1.000000
1724166173766362800,17,1163.85,0.00,115.88,80.01,1,1,1.000000
1724166173766362800,18,1226.68,266.18,53.45,51.47,1,1,1.000000
1724166173816583900,13,0.40,299.89,156.43,172.19,1,1,1.000000
1724166173816583900,14,1.08,395.45,319.20,199.18,1,1,1.000000
1724166173816583900,15,0.00,4.79,590.96,155.44,1,1,1.000000
1724166173816583900,16,532.65,153.81,372.65,162.46,1,1,1.000000
1724166173816583900,17,1160.93,0.02,118.67,79.88,1,1,1.000000
1724166173816583900,18,1232.38,269.67,47.71,48.09,1,1,1.000000
1724166173843937400,13,0.71,314.71,149.00,170.68,1,1,1.000000
1724166173843937400,14,0.74,390.73,307.14,202.42,1,1,1.000000
1724166173843937400,15,0.00,5.21,575.45,157.15,1,1,1.000000
1724166173843937400,16,527.23,150.31,375.87,173.80,1,1,1.000000
1724166173843937400,17,1157.18,0.34,122.46,79.42,1,1,1.000000
1724166173843937400,18,1240.81,270.95,39.43,43.05,1,1,1.000000
1724166173889299000,13,0.28,349.58,136.70,156.27,1,1,1.000000
1724166173889299000,14,0.56,388.29,289.01,195.97,1,1,1.000000
1724166173889299000,15,0.00,0.15,535.17,166.82,1,1,1.000000
1724166173889299000,16,515.26,158.98,394.24,179.27,1,1,1.000000
1724166173889299000,17,1152.09,0.32,127.63,80.16,1,1,1.000000
1724166173933652700,13,0.51,365.84,124.17,143.23,1,1,1.000000
1724166173933652700,14,0.36,391.39,279.27,195.68,1,1,1.000000
1724166173933652700,15,0.24,0.14,520.81,168.54,1,1,1.000000
1724166173933652700,16,508.75,161.98,407.34,179.04,1,1,1.000000
1724166173933652700,17,1152.50,0.28,127.14,81.24,1,1,1.000000
1724166174009843700,13,0.48,389.60,99.60,110.97,1,1,1.000000
1724166174009843700,14,0.06,396.12,265.93,195.51,1,1,1.000000
1724166174009843700,15,0.56,0.36,479.91,175.29,1,1,1.000000
1724166174009843700,16,491.92,173.51,426.14,173.80,1,1,1.000000
1724166174009843700,17,1154.89,0.47,124.89,85.37,1,1,1.000000
1724166174054643700,13,0.51,384.27,87.40,108.85,1,1,1.000000
1724166174054643700,14,0.30,400.37,260.75,204.21,1,1,1.000000
1724166174054643700,15,0.02,0.49,454.13,176.37,1,1,1.000000
1724166174054643700,16,482.37,175.73,425.55,173.22,1,1,1.000000
1724166174054643700,17,1155.73,0.27,123.93,87.81,1,1,1.000000
1724166174086755100,13,0.32,386.03,80.87,103.58,1,1,1.000000
1724166174086755100,14,0.25,407.81,256.25,189.63,1,1,1.000000
1724166174086755100,15,0.00,0.34,445.08,178.55,1,1,1.000000
1724166174086755100,16,474.42,175.85,421.34,172.60,1,1,1.000000
1724166174086755100,17,1155.72,0.28,123.90,88.90,1,1,1.000000
1724166174130999600,13,0.26,388.63,75.20,102.33,1,1,1.000000
1724166174130999600,14,0.03,414.58,249.62,177.85,1,1,1.000000
1724166174130999600,15,0.02,0.46,436.35,181.51,1,1,1.000000
1724166174130999600,16,467.93,175.38,420.38,175.83,1,1,1.000000
1724166174130999600,17,1159.89,1.34,119.73,87.70,1,1,1.000000
1724166174168272900,13,0.19,387.42,68.16,108.84,1,1,1.000000
1724166174168272900,14,0.03,418.03,240.10,176.53,1,1,1.000000
1724166174168272900,15,0.00,1.55,421.64,184.19,1,1,1.000000
1724166174168272900,16,458.59,176.07,419.06,174.48,1,1,1.000000
1724166174168272900,17,1162.18,0.02,117.76,89.05,1,1,1.000000
1724166174206661100,13,0.22,394.55,64.91,114.01,1,1,1.000000
1724166174206661100,14,0.34,416.93,235.73,175.75,1,1,1.000000
1724166174206661100,15,0.00,6.58,409.67,179.06,1,1,1.000000
1724166174206661100,16,456.82,176.92,417.05,175.26,1,1,1.000000
1724166174206661100,17,1163.53,0.05,116.39,89.04,1,1,1.000000
1724166174252852000,14,0.06,407.01,233.46,185.86,1,1,1.000000
1724166174252852000,15,0.46,14.42,383.39,173.25,1,1,1.000000
1724166174252852000,16,444.79,178.91,427.46,178.39,1,1,1.000000
1724166174252852000,17,1162.76,0.34,117.16,84.89,1,1,1.000000
1724166174328312300,14,0.12,407.95,225.89,187.01,1,1,1.000000
1724166174328312300,15,0.25,16.73,368.60,171.01,1,1,1.000000
1724166174328312300,16,442.14,183.01,437.76,177.41,1,1,1.000000
1724166174328312300,17,1159.90,0.05,120.20,84.14,1,1,1.000000
1724166174372681000,14,0.23,420.21,214.46,166.80,1,1,1.000000
1724166174372681000,15,0.12,27.03,358.25,158.96,1,1,1.000000
1724166174372681000,16,427.36,201.49,459.09,169.82,1,1,1.000000
1724166174372681000,17,1152.85,0.00,127.21,80.65,1,1,1.000000
1724166174448644300,14,0.33,423.20,212.99,159.92,1,1,1.000000
1724166174448644300,15,0.00,36.46,351.93,150.83,1,1,1.000000
1724166174448644300,16,424.45,210.51,463.36,166.25,1,1,1.000000
1724166174448644300,17,1148.95,0.05,131.03,78.99,1,1,1.000000
1724166174494957100,14,0.16,446.68,221.02,136.65,1,1,1.000000
1724166174494957100,15,0.00,47.63,338.73,154.52,1,1,1.000000
1724166174494957100,16,418.05,215.14,462.63,168.02,1,1,1.000000
1724166174494957100,17,1160.07,0.00,119.81,79.41,1,1,1.000000
1724166174526442400,14,0.05,459.52,212.93,145.09,1,1,1.000000
1724166174526442400,15,0.00,48.52,321.63,152.51,1,1,1.000000
1724166174526442400,16,412.25,216.91,459.18,169.65,1,1,1.000000
1724166174526442400,17,1158.96,0.31,120.87,77.87,1,1,1.000000
1724166174572865400,14,0.56,475.21,207.62,117.10,1,1,1.000000
1724166174572865400,15,0.29,47.11,302.42,153.65,1,1,1.000000
1724166174572865400,16,402.99,219.96,458.03,170.40,1,1,1.000000
1724166174572865400,17,1158.06,0.00,121.87,80.01,1,1,1.000000
1724166174648536000,14,0.35,495.85,176.16,93.10,1,1,1.000000
1724166174648536000,15,0.60,59.89,265.34,139.04,1,1,1.000000
1724166174648536000,16,375.37,218.21,459.76,186.38,1,1,1.000000
1724166174648536000,17,1141.62,0.10,138.07,81.38,1,1,1.000000
1724166174696770500,14,0.41,501.56,158.43,91.29,1,1,1.000000
1724166174696770500,15,0.22,67.69,245.51,126.46,1,1,1.000000
1724166174696770500,16,358.45,225.38,463.32,188.06,1,1,1.000000
1724166174696770500,17,1128.16,0.08,151.26,82.54,1,1,1.000000
1724166174726083700,14,0.22,506.34,132.38,87.48,1,1,1.000000
1724166174726083700,15,0.22,78.81,212.86,115.81,1,1,1.000000
1724166174726083700,16,343.31,227.51,461.58,195.86,1,1,1.000000
1724166174726083700,17,1111.31,0.49,168.29,84.62,1,1,1.000000
1724166174771992800,14,0.47,505.53,104.26,85.21,1,1,1.000000
1724166174771992800,15,0.16,86.27,177.27,105.69,1,1,1.000000
1724166174771992800,16,321.23,233.86,471.53,197.71,1,1,1.000000
1724166174771992800,17,1089.44,0.27,190.53,86.55,1,1,1.000000
1724166174802658100,14,0.41,513.76,95.63,74.92,1,1,1.000000
1724166174802658100,15,0.42,94.17,133.16,90.03,1,1,1.000000
1724166174802658100,16,292.34,240.36,490.12,204.88,1,1,1.000000
1724166174802658100,17,1064.52,0.04,215.63,89.95,1,1,1.000000
1724166174847784300,14,0.13,516.37,85.08,80.49,1,1,1.000000
1724166174847784300,15,0.04,99.73,85.66,90.09,1,1,1.000000
1724166174847784300,16,274.42,245.32,493.52,213.50,1,1,1.000000
1724166174847784300,17,1041.57,0.00,238.81,92.48,1,1,1.000000
1724166174892578400,14,0.00,529.50,68.44,76.89,1,1,1.000000
1724166174892578400,15,0.03,110.20,57.87,85.45,1,1,1.000000
1724166174892578400,16,255.55,252.33,500.74,218.67,1,1,1.000000
1724166174892578400,17,1022.96,0.25,256.90,94.33,1,1,1.000000
1724166174922471000,14,0.24,543.53,42.27,89.37,1,1,1.000000
1724166174922471000,16,231.56,263.52,509.63,219.39,1,1,1.000000
1724166174922471000,17,1000.95,0.05,279.02,96.83,1,1,1.000000
1724166174966878600,16,188.18,282.57,513.73,219.35,1,1,1.000000
1724166174966878600,17,963.89,0.17,316.51,100.04,1,1,1.000000
1724166175012406800,16,161.23,294.57,520.69,214.63,1,1,1.000000
1724166175012406800,17,946.13,0.00,333.48,101.70,1,1,1.000000
1724166175042371400,16,146.03,297.13,520.92,215.89,1,1,1.000000
1724166175042371400,17,928.42,0.00,350.64,103.59,1,1,1.000000
1724166175088371600,16,121.69,293.97,520.64,227.11,1,1,1.000000
1724166175088371600,17,908.29,0.00,370.80,106.03,1,1,1.000000
1724166175136059800,16,101.92,297.41,520.06,231.09,1,1,1.000000
1724166175136059800,17,889.67,0.02,389.13,110.44,1,1,1.000000
1724166175136059800,19,1229.23,248.52,50.52,60.21,1,1,1.000000
1724166175164267400,16,77.94,300.98,521.09,236.80,1,1,1.000000
1724166175164267400,17,859.57,0.04,418.59,114.61,1,1,1.000000
1724166175164267400,19,1195.29,240.88,84.24,70.61,1,1,1.000000
1724166175212170300,16,44.14,304.12,531.17,241.42,1,1,1.000000
1724166175212170300,17,845.52,0.09,432.59,120.57,1,1,1.000000
1724166175212170300,19,1168.33,238.27,111.52,76.97,1,1,1.000000
1724166175244324500,16,28.06,316.65,526.68,239.99,1,1,1.000000
1724166175244324500,17,817.69,0.10,461.19,124.52,1,1,1.000000
1724166175244324500,19,1130.88,239.00,148.73,83.20,1,1,1.000000
1724166175287434300,16,0.00,330.65,522.78,237.26,1,1,1.000000
1724166175287434300,17,798.31,0.15,478.32,129.57,1,1,1.000000
1724166175287434300,19,1109.71,230.21,169.55,103.96,1,1,1.000000
1724166175332052100,16,0.00,342.50,511.36,233.50,1,1,1.000000
1724166175332052100,17,772.13,0.58,488.14,135.29,1,1,1.000000
1724166175332052100,19,1079.31,226.90,200.36,117.01,1,1,1.000000
1724166175332052100,20,1192.36,437.05,87.62,70.62,1,1,1.000000
1724166175361430500,16,0.25,352.46,492.47,230.41,1,1,1.000000
1724166175361430500,17,748.88,0.68,476.45,138.43,1,1,1.000000
1724166175361430500,19,1057.83,225.78,221.76,130.18,1,1,1.000000
1724166175361430500,20,1170.56,432.86,109.15,77.96,1,1,1.000000
1724166175408150900,16,0.00,381.77,450.43,214.30,1,1,1.000000
1724166175408150900,17,699.37,2.58,465.30,141.61,1,1,1.000000
1724166175408150900,19,1003.55,217.27,276.12,151.69,1,1,1.000000
1724166175408150900,20,1118.15,426.78,161.62,89.76,1,1,1.000000
1724166175453864500,16,0.46,393.73,424.79,199.87,1,1,1.000000
1724166175453864500,17,676.37,8.89,449.95,137.40,1,1,1.000000
1724166175453864500,19,980.54,209.74,298.82,167.28,1,1,1.000000
1724166175453864500,20,1093.93,424.21,185.52,97.11,1,1,1.000000
1724166175529672800,16,0.38,400.03,358.80,195.80,1,1,1.000000
1724166175529672800,17,629.62,14.75,443.81,133.44,1,1,1.000000
1724166175529672800,19,931.04,201.17,348.04,175.52,1,1,1.000000
1724166175529672800,20,1037.95,421.43,241.95,90.01,1,1,1.000000
1724166175574306800,16,0.26,402.23,341.70,194.48,1,1,1.000000
1724166175574306800,17,604.75,13.94,447.23,135.49,1,1,1.000000
1724166175574306800,19,910.85,195.95,368.45,180.00,1,1,1.000000
1724166175574306800,20,1018.62,413.25,261.26,98.57,1,1,1.000000
1724166175604979800,16,0.15,408.03,317.73,192.39,1,1,1.000000
1724166175604979800,17,582.29,20.62,446.08,131.76,1,1,1.000000
1724166175604979800,19,882.77,190.88,396.79,166.26,1,1,1.000000
1724166175604979800,20,995.78,407.73,283.98,105.46,1,1,1.000000
1724166175604979800,21,1187.85,0.06,92.16,73.33,1,1,1.000000
1724166175652538300,16,0.00,412.33,295.04,181.24,1,1,1.000000
1724166175652538300,17,554.79,24.75,447.27,128.90,1,1,1.000000
1724166175652538300,19,855.71,177.69,423.04,179.89,1,1,1.000000
1724166175652538300,20,974.03,405.12,305.77,105.10,1,1,1.000000
1724166175652538300,21,1157.89,0.53,121.96,79.22,1,1,1.000000
1724166175652538300,22,1055.79,288.32,223.82,83.19,1,1,1.000000
1724166175684303700,16,0.19,425.14,252.32,172.29,1,1,1.000000
1724166175684303700,17,531.27,31.83,441.47,122.64,1,1,1.000000
1724166175684303700,19,825.88,160.17,453.51,195.73,1,1,1.000000
1724166175684303700,20,944.11,401.33,335.57,106.88,1,1,1.000000
1724166175684303700,21,1133.69,0.44,146.14,81.84,1,1,1.000000
1724166175684303700,22,1030.74,290.47,249.36,79.77,1,1,1.000000
1724166175732448300,16,0.15,433.73,223.26,163.84,1,1,1.000000
1724166175732448300,17,504.12,34.12,436.51,119.73,1,1,1.000000
1724166175732448300,19,795.57,174.74,483.02,183.40,1,1,1.000000
1724166175732448300,20,918.16,400.99,361.60,104.85,1,1,1.000000
1724166175732448300,21,1103.93,0.58,176.13,84.98,1,1,1.000000
1724166175732448300,22,1005.89,284.80,274.02,84.96,1,1,1.000000
1724166175774990100,16,0.37,436.78,180.48,148.48,1,1,1.000000
1724166175774990100,17,474.74,35.04,431.20,119.02,1,1,1.000000
1724166175774990100,19,764.50,177.73,513.38,181.01,1,1,1.000000
1724166175774990100,20,888.28,400.12,390.84,101.94,1,1,1.000000
1724166175774990100,21,1076.16,0.19,203.98,83.49,1,1,1.000000
1724166175774990100,22,980.21,278.50,300.01,91.73,1,1,1.000000
1724166175805546200,16,0.11,451.39,144.69,111.64,1,1,1.000000
1724166175805546200,17,444.82,37.64,429.63,117.56,1,1,1.000000
1724166175805546200,19,740.68,178.07,536.80,180.07,1,1,1.000000
1724166175805546200,20,863.51,398.35,414.51,99.87,1,1,1.000000
1724166175805546200,21,1044.92,0.27,234.91,84.26,1,1,1.000000
1724166175805546200,22,958.07,274.21,321.74,96.10,1,1,1.000000
1724166175805546200,23,1139.44,661.31,140.25,58.70,1,1,1.000000
1724166175854322700,16,0.00,469.19,102.55,104.42,1,1,1.000000
1724166175854322700,17,420.35,35.05,416.26,119.81,1,1,1.000000
1724166175854322700,19,709.56,177.81,567.84,179.73,1,1,1.000000
1724166175854322700,20,835.41,381.69,441.49,114.15,1,1,1.000000
1724166175854322700,21,1016.59,0.25,263.30,84.99,1,1,1.000000
1724166175854322700,22,938.05,271.42,341.94,100.32,1,1,1.000000
1724166175854322700,23,1105.79,653.14,173.69,66.83,1,1,1.000000
1724166175854322700,24,1200.34,525.03,79.41,60.59,1,1,1.000000
1724166175882825600,17,389.53,33.17,418.04,120.81,1,1,1.000000
1724166175882825600,19,684.31,176.73,592.41,181.28,1,1,1.000000
1724166175882825600,20,809.54,371.23,437.35,119.62,1,1,1.000000
1724166175882825600,21,983.16,0.27,296.24,85.55,1,1,1.000000
1724166175882825600,22,912.07,269.45,367.30,102.10,1,1,1.000000
1724166175882825600,23,1078.94,640.18,200.79,79.81,1,1,1.000000
1724166175882825600,24,1174.99,516.34,104.46,67.05,1,1,1.000000
1724166175927062500,17,329.52,36.34,417.25,116.38,1,1,1.000000
1724166175927062500,19,622.04,232.90,424.40,123.40,1,1,1.000000
1724166175927062500,20,754.95,362.33,399.90,123.16,1,1,1.000000
1724166175927062500,21,920.21,0.36,358.31,83.78,1,1,1.000000
1724166175927062500,22,853.63,262.51,391.29,113.59,1,1,1.000000
1724166175927062500,23,1021.18,618.33,258.04,95.26,1,1,1.000000
1724166175927062500,24,1121.79,497.22,157.22,70.91,1,1,1.000000
1724166175972116700,17,296.06,35.66,420.48,118.46,1,1,1.000000
1724166175972116700,19,592.18,234.43,430.72,125.80,1,1,1.000000
1724166175972116700,20,730.77,371.50,403.80,115.41,1,1,1.000000
1724166175972116700,21,892.49,0.18,379.02,83.69,1,1,1.000000
1724166175972116700,22,834.29,248.01,369.25,125.42,1,1,1.000000
1724166175972116700,23,991.97,609.13,287.77,93.77,1,1,1.000000
1724166175972116700,24,1097.35,486.44,181.78,75.59,1,1,1.000000
1724166175972116700,25,830.46,165.38,403.84,105.19,1,1,1.000000
1724166176004460900,17,261.48,36.85,423.55,117.49,1,1,1.000000
1724166176004460900,19,557.02,233.16,443.17,130.03,1,1,1.000000
1724166176004460900,20,704.40,377.87,409.55,108.89,1,1,1.000000
1724166176004460900,21,858.32,0.11,360.94,83.51,1,1,1.000000
1724166176004460900,22,815.78,245.95,347.56,128.76,1,1,1.000000
1724166176004460900,23,964.89,601.28,314.27,89.60,1,1,1.000000
1724166176004460900,24,1071.12,483.41,208.41,74.63,1,1,1.000000
1724166176004460900,25,799.10,161.51,390.52,107.53,1,1,1.000000
1724166176050549200,17,229.49,36.72,429.88,118.98,1,1,1.000000
1724166176050549200,19,528.35,235.02,448.48,134.17,1,1,1.000000
1724166176050549200,20,678.88,381.49,413.97,113.70,1,1,1.000000
1724166176050549200,21,829.36,0.05,350.90,83.14,1,1,1.000000
1724166176050549200,22,789.06,243.95,332.00,125.34,1,1,1.000000
1724166176050549200,23,942.81,596.98,336.72,86.71,1,1,1.000000
1724166176050549200,24,1046.41,475.78,233.46,78.23,1,1,1.000000
1724166176050549200,25,775.73,159.78,378.50,105.98,1,1,1.000000
1724166176093160600,17,193.13,35.59,438.40,117.48,1,1,1.000000
1724166176093160600,19,499.95,238.24,451.68,131.26,1,1,1.000000
1724166176093160600,20,647.87,383.65,418.52,116.00,1,1,1.000000
1724166176093160600,21,806.05,0.23,343.13,83.60,1,1,1.000000
1724166176093160600,22,768.73,247.64,317.82,120.97,1,1,1.000000
1724166176093160600,23,913.47,589.29,366.00,85.60,1,1,1.000000
1724166176093160600,24,1021.45,471.29,258.76,79.44,1,1,1.000000
1724166176093160600,25,749.75,158.84,365.01,110.61,1,1,1.000000
1724166176125243000,17,156.12,34.01,443.03,118.65,1,1,1.000000
1724166176125243000,19,471.01,242.27,449.45,130.08,1,1,1.000000
1724166176125243000,20,624.95,384.37,411.40,116.37,1,1,1.000000
1724166176125243000,21,776.60,0.20,344.11,83.59,1,1,1.000000
1724166176125243000,22,749.30,249.64,326.67,118.69,1,1,1.000000
1724166176125243000,23,895.15,582.45,371.75,91.23,1,1,1.000000
1724166176125243000,24,996.31,469.36,283.44,77.70,1,1,1.000000
1724166176125243000,25,719.57,159.52,352.62,113.96,1,1,1.000000
1724166176170483200,17,125.53,33.11,450.83,121.54,1,1,1.000000
1724166176170483200,19,436.70,240.32,447.41,132.60,1,1,1.000000
1724166176170483200,20,604.34,384.08,397.82,120.05,1,1,1.000000
1724166176170483200,21,753.78,0.04,353.63,84.22,1,1,1.000000
1724166176170483200,22,726.64,249.68,322.97,115.84,1,1,1.000000
1724166176170483200,23,875.79,580.38,381.78,92.02,1,1,1.000000
1724166176170483200,24,973.63,467.16,305.74,76.92,1,1,1.000000
1724166176170483200,25,707.96,181.75,323.34,91.33,1,1,1.000000
1724166176203139500,17,93.88,32.56,462.64,124.07,1,1,1.000000
1724166176203139500,19,404.83,241.06,443.49,134.78,1,1,1.000000
1724166176203139500,20,580.50,374.74,388.93,129.42,1,1,1.000000
1724166176203139500,21,733.64,0.29,360.97,85.59,1,1,1.000000
1724166176203139500,22,709.13,266.27,304.92,102.36,1,1,1.000000
1724166176203139500,23,858.09,577.09,367.56,104.49,1,1,1.000000
1724166176203139500,24,953.67,463.64,325.15,78.55,1,1,1.000000
1724166176203139500,25,670.56,179.86,340.13,95.85,1,1,1.000000
1724166176248571300,17,59.56,30.14,476.30,127.03,1,1,1.000000
1724166176248571300,19,372.14,235.27,449.04,146.33,1,1,1.000000
1724166176248571300,20,559.30,367.33,382.60,138.10,1,1,1.000000
1724166176248571300,21,712.30,0.14,365.80,87.01,1,1,1.000000
1724166176248571300,22,694.86,262.13,314.78,110.31,1,1,1.000000
1724166176248571300,23,835.74,576.43,350.98,95.21,1,1,1.000000
1724166176248571300,24,933.31,459.97,342.57,80.96,1,1,1.000000
1724166176248571300,25,642.81,163.41,367.68,117.51,1,1,1.000000
1724166176294922300,17,27.91,32.39,486.25,123.98,1,1,1.000000
1724166176294922300,19,352.63,235.45,439.86,150.71,1,1,1.000000
1724166176294922300,20,538.74,363.99,378.10,141.95,1,1,1.000000
1724166176294922300,21,693.79,0.17,369.74,88.74,1,1,1.000000
1724166176294922300,22,672.49,266.51,331.63,109.16,1,1,1.000000
1724166176294922300,23,816.12,576.62,347.17,84.93,1,1,1.000000
1724166176294922300,24,918.93,458.50,337.19,83.79,1,1,1.000000
1724166176294922300,25,622.51,165.95,384.42,116.55,1,1,1.000000
1724166176324777300,17,1.60,32.92,491.24,124.69,1,1,1.000000
1724166176324777300,19,316.60,238.27,443.73,155.67,1,1,1.000000
1724166176324777300,20,514.61,358.15,372.59,150.16,1,1,1.000000
1724166176324777300,21,673.32,0.26,372.19,90.73,1,1,1.000000
1724166176324777300,22,669.22,272.62,327.09,106.60,1,1,1.000000
1724166176324777300,23,791.63,575.78,358.12,84.23,1,1,1.000000
1724166176324777300,24,905.86,456.96,327.41,84.16,1,1,1.000000
1724166176324777300,25,601.95,173.14,397.39,111.29,1,1,1.000000
1724166176371180600,17,0.74,30.74,470.48,129.73,1,1,1.000000
1724166176371180600,19,283.19,242.89,442.41,160.34,1,1,1.000000
1724166176371180600,20,487.82,359.29,371.75,157.28,1,1,1.000000
1724166176371180600,21,653.34,0.39,370.11,94.85,1,1,1.000000
1724166176371180600,22,646.52,276.72,338.11,107.35,1,1,1.000000
1724166176371180600,23,774.84,574.28,340.52,85.59,1,1,1.000000
1724166176371180600,24,884.36,457.26,322.19,81.88,1,1,1.000000
1724166176371180600,25,577.22,179.04,399.28,110.83,1,1,1.000000
1724166176409095300,17,0.02,30.14,446.31,131.33,1,1,1.000000
1724166176409095300,19,246.25,249.83,470.17,164.73,1,1,1.000000
1724166176409095300,20,462.25,366.95,371.72,155.04,1,1,1.000000
1724166176409095300,21,629.99,0.20,358.54,97.52,1,1,1.000000
1724166176409095300,22,630.02,281.71,340.06,104.67,1,1,1.000000
1724166176409095300,23,753.52,571.17,320.31,87.65,1,1,1.000000
1724166176409095300,24,865.14,457.25,315.46,81.70,1,1,1.000000
1724166176409095300,25,552.23,183.96,399.19,105.90,1,1,1.000000
1724166176445731200,17,0.05,31.32,419.63,130.03,1,1,1.000000
1724166176445731200,19,210.06,251.89,490.80,170.79,1,1,1.000000
1724166176445731200,20,432.93,380.51,387.82,150.07,1,1,1.000000
1724166176445731200,21,602.76,0.11,353.90,98.19,1,1,1.000000
1724166176445731200,22,608.14,284.41,332.01,103.83,1,1,1.000000
1724166176445731200,23,726.39,567.29,319.45,92.55,1,1,1.000000
1724166176445731200,24,845.44,459.71,314.60,79.56,1,1,1.000000
1724166176445731200,25,522.85,183.78,395.53,108.38,1,1,1.000000
1724166176491735900,17,0.02,30.65,358.12,125.71,1,1,1.000000
1724166176491735900,19,128.65,268.66,528.02,175.43,1,1,1.000000
1724166176491735900,20,381.32,401.28,404.52,146.18,1,1,1.000000
1724166176491735900,21,553.28,0.09,361.55,100.74,1,1,1.000000
1724166176491735900,22,566.93,270.70,318.67,124.30,1,1,1.000000
1724166176491735900,23,687.05,564.34,310.24,94.79,1,1,1.000000
1724166176491735900,24,807.62,463.69,312.79,71.17,1,1,1.000000
1724166176491735900,25,465.61,184.18,392.65,114.45,1,1,1.000000
1724166176568731400,17,0.00,26.76,313.29,132.17,1,1,1.000000
1724166176568731400,19,36.95,274.65,555.64,185.43,1,1,1.000000
1724166176568731400,20,328.05,413.06,411.21,149.69,1,1,1.000000
1724166176568731400,21,508.07,0.36,357.86,100.97,1,1,1.000000
1724166176568731400,22,523.65,284.08,313.25,114.60,1,1,1.000000
1724166176568731400,23,645.47,569.73,321.11,90.36,1,1,1.000000
1724166176568731400,24,771.18,462.97,321.41,69.94,1,1,1.000000
1724166176568731400,25,424.07,177.86,380.66,126.48,1,1,1.000000
1724166176614405100,17,0.00,33.41,287.90,119.62,1,1,1.000000
1724166176614405100,19,0.00,272.75,564.63,192.57,1,1,1.000000
1724166176614405100,20,305.12,413.12,411.96,154.20,1,1,1.000000
1724166176614405100,21,482.49,0.29,356.43,102.10,1,1,1.000000
1724166176614405100,22,511.40,286.05,309.52,113.96,1,1,1.000000
1724166176614405100,23,628.43,571.83,330.75,93.34,1,1,1.000000
1724166176614405100,24,756.28,461.51,321.46,70.47,1,1,1.000000
1724166176614405100,25,403.71,180.36,375.63,126.58,1,1,1.000000
1724166176614405100,26,1168.51,390.42,111.45,75.50,1,1,1.000000
1724166176614405100,27,1178.28,199.98,101.49,78.96,1,1,1.000000
1724166176647439200,17,0.00,39.56,264.70,112.76,1,1,1.000000
1724166176647439200,19,0.00,273.74,534.31,200.87,1,1,1.000000
1724166176647439200,20,278.45,403.68,410.10,168.47,1,1,1.000000
1724166176647439200,21,454.98,0.49,375.16,101.33,1,1,1.000000
1724166176647439200,22,495.18,289.08,295.78,108.40,1,1,1.000000
1724166176647439200,23,609.94,570.63,328.33,101.04,1,1,1.000000
1724166176647439200,24,741.26,459.94,323.73,70.85,1,1,1.000000
1724166176647439200,25,384.12,183.21,385.58,127.64,1,1,1.000000
1724166176647439200,26,1134.50,386.39,145.23,79.59,1,1,1.000000
1724166176647439200,27,1156.33,198.76,123.49,82.31,1,1,1.000000
1724166176691342500,17,0.07,42.12,237.20,100.51,1,1,1.000000
1724166176691342500,19,0.00,272.04,507.13,207.64,1,1,1.000000
1724166176691342500,20,254.39,399.17,415.37,178.38,1,1,1.000000
1724166176691342500,21,436.78,0.30,385.22,101.14,1,1,1.000000
1724166176691342500,22,478.45,290.04,299.93,111.71,1,1,1.000000
1724166176691342500,23,595.19,567.52,328.36,106.71,1,1,1.000000
1724166176691342500,24,727.94,457.96,328.09,75.43,1,1,1.000000
1724166176691342500,25,357.18,185.30,401.77,133.64,1,1,1.000000
1724166176691342500,26,1118.41,382.95,161.39,82.81,1,1,1.000000
1724166176691342500,27,1132.61,194.14,146.91,84.34,1,1,1.000000
1724166176722317500,17,0.03,40.35,214.77,99.51,1,1,1.000000
1724166176722317500,19,0.00,275.09,482.41,210.02,1,1,1.000000
1724166176722317500,20,233.00,392.93,415.90,190.25,1,1,1.000000
1724166176722317500,21,419.62,0.36,388.35,102.16,1,1,1.000000
1724166176722317500,22,463.82,287.24,314.77,118.05,1,1,1.000000
1724166176722317500,23,580.51,565.72,327.29,111.67,1,1,1.000000
1724166176722317500,24,714.49,458.61,331.39,74.78,1,1,1.000000
1724166176722317500,25,338.65,189.03,406.84,137.38,1,1,1.000000
1724166176722317500,26,1098.47,381.39,181.48,84.30,1,1,1.000000
1724166176722317500,27,1115.42,195.20,163.89,87.02,1,1,1.000000
1724166176768434400,17,0.17,39.35,197.81,95.67,1,1,1.000000
1724166176768434400,19,0.04,280.76,461.47,210.92,1,1,1.000000
1724166176768434400,20,213.83,389.70,416.56,194.15,1,1,1.000000
1724166176768434400,21,402.15,0.00,396.72,110.77,1,1,1.000000
1724166176768434400,22,451.08,287.05,312.95,120.83,1,1,1.000000
1724166176768434400,23,564.99,558.23,321.74,117.98,1,1,1.000000
1724166176768434400,24,703.92,456.05,330.16,76.61,1,1,1.000000
1724166176768434400,25,304.38,193.42,425.07,135.64,1,1,1.000000
1724166176768434400,26,1080.87,378.66,199.38,88.06,1,1,1.000000
1724166176768434400,27,1100.34,196.92,179.21,87.41,1,1,1.000000
1724166176817053500,17,0.00,31.87,185.02,100.37,1,1,1.000000
1724166176817053500,19,0.15,281.28,448.89,211.02,1,1,1.000000
1724166176817053500,20,197.43,389.69,416.51,197.76,1,1,1.000000
1724166176817053500,21,388.43,0.22,398.79,100.96,1,1,1.000000
1724166176817053500,22,441.30,286.39,317.26,124.94,1,1,1.000000
1724166176817053500,23,548.10,552.95,317.72,122.36,1,1,1.000000
1724166176817053500,24,691.46,456.25,332.73,77.31,1,1,1.000000
1724166176817053500,25,290.71,192.04,419.22,137.69,1,1,1.000000
1724166176817053500,26,1066.14,378.44,213.83,88.48,1,1,1.000000
1724166176817053500,27,1089.40,194.84,190.37,89.63,1,1,1.000000
1724166176845561300,17,0.12,26.01,165.99,104.13,1,1,1.000000
1724166176845561300,19,0.16,289.43,442.84,208.68,1,1,1.000000
1724166176845561300,20,180.52,391.83,420.03,200.25,1,1,1.000000
1724166176845561300,21,370.13,0.34,393.58,101.13,1,1,1.000000
1724166176845561300,22,433.50,291.41,324.58,119.30,1,1,1.000000
1724166176845561300,23,542.13,552.72,314.88,121.81,1,1,1.000000
1724166176845561300,24,684.94,455.75,327.40,71.19,1,1,1.000000
1724166176845561300,25,270.97,189.18,419.87,151.13,1,1,1.000000
1724166176845561300,26,1052.21,375.74,227.41,92.15,1,1,1.000000
1724166176845561300,27,1074.35,195.80,205.36,85.13,1,1,1.000000
1724166176893501800,17,0.11,24.44,152.74,108.53,1,1,1.000000
1724166176893501800,19,0.00,302.44,425.24,204.49,1,1,1.000000
1724166176893501800,20,154.40,404.47,436.15,195.25,1,1,1.000000
1724166176893501800,21,348.16,0.34,390.43,100.26,1,1,1.000000
1724166176893501800,22,425.86,299.64,332.58,112.48,1,1,1.000000
1724166176893501800,23,523.98,547.41,313.43,125.88,1,1,1.000000
1724166176893501800,24,676.06,454.53,322.50,69.31,1,1,1.000000
1724166176893501800,25,239.59,188.51,424.47,160.00,1,1,1.000000
1724166176893501800,26,1035.12,382.24,244.09,92.38,1,1,1.000000
1724166176893501800,27,1068.34,193.84,211.34,89.45,1,1,1.000000
1724166176967868900,17,0.04,27.48,154.57,110.75,1,1,1.000000
1724166176967868900,19,0.00,316.81,425.02,201.44,1,1,1.000000
1724166176967868900,20,166.72,429.66,432.26,168.57,1,1,1.000000
1724166176967868900,21,340.84,0.36,392.74,102.77,1,1,1.000000
1724166176967868900,22,431.07,306.98,332.44,112.32,1,1,1.000000
1724166176967868900,23,530.67,559.65,307.67,114.72,1,1,1.000000
1724166176967868900,24,686.83,457.43,318.98,69.86,1,1,1.000000
1724166176967868900,25,238.73,188.26,418.78,166.69,1,1,1.000000
1724166176967868900,26,1045.02,390.92,234.40,90.19,1,1,1.000000
1724166176967868900,27,1080.75,193.43,199.13,89.83,1,1,1.000000
1724166177000574900,17,0.41,31.16,172.09,110.95,1,1,1.000000
1724166177000574900,19,0.00,326.06,421.62,192.88,1,1,1.000000
1724166177000574900,20,164.84,422.29,449.14,178.84,1,1,1.000000
1724166177000574900,21,354.57,0.32,389.28,105.55,1,1,1.000000
1724166177000574900,22,437.58,307.53,338.00,111.93,1,1,1.000000
1724166177000574900,23,525.48,575.48,305.48,100.87,1,1,1.000000
1724166177000574900,24,692.45,458.38,325.96,74.24,1,1,1.000000
1724166177000574900,25,247.62,190.45,415.63,163.73,1,1,1.000000
1724166177000574900,26,1061.46,401.88,217.81,89.07,1,1,1.000000
1724166177000574900,27,1102.03,192.11,177.71,96.65,1,1,1.000000
1724166177046165700,17,0.73,33.79,176.36,111.70,1,1,1.000000
1724166177046165700,19,0.00,326.28,415.96,188.17,1,1,1.000000
1724166177046165700,20,169.40,436.46,446.08,174.19,1,1,1.000000
1724166177046165700,21,353.83,0.29,391.27,108.26,1,1,1.000000
1724166177046165700,22,444.16,309.57,331.98,113.74,1,1,1.000000
1724166177046165700,23,530.71,596.51,319.68,86.52,1,1,1.000000
1724166177046165700,24,701.21,461.89,327.68,75.52,1,1,1.000000
1724166177046165700,25,246.19,194.79,415.59,162.81,1,1,1.000000
1724166177046165700,26,1067.86,408.37,211.69,95.12,1,1,1.000000
1724166177046165700,27,1112.50,199.29,167.45,92.82,1,1,1.000000
1724166177091909500,17,0.20,46.92,197.70,103.04,1,1,1.000000
1724166177091909500,19,0.00,324.49,414.43,189.56,1,1,1.000000
1724166177091909500,20,169.10,454.14,455.12,163.08,1,1,1.000000
1724166177091909500,21,371.20,0.14,387.46,114.03,1,1,1.000000
1724166177091909500,22,458.85,310.63,330.84,119.02,1,1,1.000000
1724166177091909500,23,525.85,606.02,349.18,93.08,1,1,1.000000
1724166177091909500,24,717.69,472.67,338.88,85.66,1,1,1.000000
1724166177091909500,25,251.05,204.36,431.05,162.38,1,1,1.000000
1724166177091909500,26,1091.93,432.01,187.73,90.60,1,1,1.000000
1724166177091909500,27,1146.23,215.17,133.60,94.20,1,1,1.000000
1724166177169240600,17,0.44,53.01,203.66,103.50,1,1,1.000000
1724166177169240600,19,0.00,328.86,391.11,199.02,1,1,1.000000
1724166177169240600,20,149.80,455.16,453.05,171.40,1,1,1.000000
1724166177169240600,21,363.12,0.26,400.15,124.83,1,1,1.000000
1724166177169240600,22,456.38,312.46,325.60,118.66,1,1,1.000000
1724166177169240600,23,507.09,603.93,360.53,101.24,1,1,1.000000
1724166177169240600,24,706.95,474.73,358.23,94.21,1,1,1.000000
1724166177169240600,25,227.20,218.06,455.39,156.40,1,1,1.000000
1724166177169240600,26,1082.91,443.57,197.09,91.47,1,1,1.000000
1724166177169240600,27,1142.32,225.73,137.66,90.57,1,1,1.000000
1724166177214842900,17,0.11,56.60,199.15,100.85,1,1,1.000000
1724166177214842900,19,0.00,329.69,366.92,188.12,1,1,1.000000
1724166177214842900,20,116.48,451.77,473.48,176.35,1,1,1.000000
1724166177214842900,21,355.17,0.26,406.55,123.53,1,1,1.000000
1724166177214842900,22,443.43,310.82,324.17,119.90,1,1,1.000000
1724166177214842900,23,490.32,598.57,360.75,105.73,1,1,1.000000
1724166177214842900,24,697.56,468.65,358.14,104.51,1,1,1.000000
1724166177214842900,25,199.95,226.30,467.32,155.12,1,1,1.000000
1724166177214842900,26,1063.10,443.54,216.96,88.96,1,1,1.000000
1724166177214842900,27,1125.38,228.27,154.23,87.13,1,1,1.000000
1724166177245866400,17,0.52,59.48,190.44,95.78,1,1,1.000000
1724166177245866400,19,0.00,329.85,353.95,184.76,1,1,1.000000
1724166177245866400,20,128.47,449.25,455.08,173.65,1,1,1.000000
1724166177245866400,21,334.01,0.45,416.37,123.21,1,1,1.000000
1724166177245866400,22,440.94,307.76,321.40,120.76,1,1,1.000000
1724166177245866400,23,483.55,593.40,354.33,107.46,1,1,1.000000
1724166177245866400,24,696.57,467.37,356.29,104.02,1,1,1.000000
1724166177245866400,25,188.51,227.29,466.42,156.52,1,1,1.000000
1724166177245866400,26,1055.38,440.73,224.02,91.69,1,1,1.000000
1724166177245866400,27,1114.19,217.70,165.55,94.65,1,1,1.000000
1724166177292818300,17,0.38,58.84,188.33,92.75,1,1,1.000000
1724166177292818300,19,0.00,330.37,338.39,182.08,1,1,1.000000
1724166177292818300,20,120.05,447.17,448.04,176.51,1,1,1.000000
1724166177292818300,21,326.40,0.39,417.65,124.30,1,1,1.000000
1724166177292818300,22,434.15,306.86,318.14,116.57,1,1,1.000000
1724166177292818300,23,472.78,581.39,352.82,115.03,1,1,1.000000
1724166177292818300,24,688.86,463.04,348.75,101.10,1,1,1.000000
1724166177292818300,25,175.89,223.05,466.47,161.50,1,1,1.000000
1724166177292818300,26,1039.94,434.72,239.49,92.92,1,1,1.000000
1724166177292818300,27,1107.28,214.67,172.06,91.44,1,1,1.000000
1724166177321994500,17,0.33,60.32,176.91,92.67,1,1,1.000000
1724166177321994500,19,0.00,332.66,313.93,180.72,1,1,1.000000
1724166177321994500,20,101.98,440.24,450.98,185.29,1,1,1.000000
1724166177321994500,21,299.74,0.73,421.78,121.22,1,1,1.000000
1724166177321994500,22,424.43,304.31,320.18,117.91,1,1,1.000000
1724166177321994500,23,455.77,574.63,347.63,116.68,1,1,1.000000
1724166177321994500,24,673.02,458.72,342.69,85.59,1,1,1.000000
1724166177321994500,25,159.99,220.35,463.22,157.71,1,1,1.000000
1724166177321994500,26,1024.66,425.33,254.95,96.49,1,1,1.000000
1724166177321994500,27,1090.26,209.10,189.21,90.59,1,1,1.000000
1724166177370255800,17,0.40,60.12,153.60,85.11,1,1,1.000000
1724166177370255800,19,0.00,335.28,295.54,168.64,1,1,1.000000
1724166177370255800,20,88.13,435.64,450.01,193.20,1,1,1.000000
1724166177370255800,21,271.59,0.36,426.98,121.32,1,1,1.000000
1724166177370255800,22,411.27,299.61,322.39,123.32,1,1,1.000000
1724166177370255800,23,442.20,565.27,342.92,120.71,1,1,1.000000
1724166177370255800,24,661.16,450.86,346.14,82.50,1,1,1.000000
1724166177370255800,25,147.67,217.33,455.86,161.11,1,1,1.000000
1724166177370255800,26,1006.18,420.22,273.53,97.13,1,1,1.000000
1724166177370255800,27,1071.75,191.78,208.04,102.18,1,1,1.000000
1724166177416181900,17,0.34,60.64,144.09,87.60,1,1,1.000000
1724166177416181900,19,0.00,346.58,268.03,148.89,1,1,1.000000
1724166177416181900,20,71.30,431.03,451.32,201.92,1,1,1.000000
1724166177416181900,21,247.53,0.43,434.06,123.38,1,1,1.000000
1724166177416181900,22,403.60,301.56,319.37,123.28,1,1,1.000000
1724166177416181900,23,423.61,558.85,344.42,124.55,1,1,1.000000
1724166177416181900,24,650.39,442.63,340.95,83.42,1,1,1.000000
1724166177416181900,25,122.85,218.42,460.81,168.70,1,1,1.000000
1724166177416181900,26,985.50,414.27,294.08,96.68,1,1,1.000000
1724166177416181900,27,1055.42,183.50,224.61,104.08,1,1,1.000000
1724166177447448500,17,0.00,59.88,120.84,100.36,1,1,1.000000
1724166177447448500,19,0.13,349.34,245.55,138.40,1,1,1.000000
1724166177447448500,20,64.53,428.26,443.71,206.73,1,1,1.000000
1724166177447448500,21,219.99,0.27,431.76,128.70,1,1,1.000000
1724166177447448500,22,390.58,304.99,327.07,121.85,1,1,1.000000
1724166177447448500,23,420.00,557.03,339.51,126.14,1,1,1.000000
1724166177447448500,24,641.60,429.87,331.26,91.91,1,1,1.000000
1724166177447448500,25,103.00,217.38,463.07,168.71,1,1,1.000000
1724166177447448500,26,974.19,410.22,305.11,94.30,1,1,1.000000
1724166177447448500,27,1036.30,176.37,243.50,106.96,1,1,1.000000
1724166177491986100,17,0.16,79.10,98.47,90.62,1,1,1.000000
1724166177491986100,19,0.05,361.36,201.06,124.59,1,1,1.000000
1724166177491986100,20,51.68,429.62,436.80,211.01,1,1,1.000000
1724166177491986100,21,188.13,0.28,428.98,135.78,1,1,1.000000
1724166177491986100,22,375.92,310.66,320.71,126.56,1,1,1.000000
1724166177491986100,23,391.12,557.74,338.39,133.36,1,1,1.000000
1724166177491986100,24,620.68,424.87,326.26,95.96,1,1,1.000000
1724166177491986100,25,82.23,221.94,453.54,178.02,1,1,1.000000
1724166177491986100,26,946.41,406.10,332.97,93.55,1,1,1.000000
1724166177491986100,27,1014.36,169.25,267.22,112.66,1,1,1.000000
1724166177568409800,17,0.23,92.71,88.25,88.40,1,1,1.000000
1724166177568409800,19,0.19,365.90,194.47,122.02,1,1,1.000000
1724166177568409800,20,48.53,428.35,428.83,216.77,1,1,1.000000
1724166177568409800,21,168.99,0.47,427.69,143.10,1,1,1.000000
1724166177568409800,22,374.34,314.98,311.72,124.79,1,1,1.000000
1724166177568409800,23,381.53,562.69,339.98,134.11,1,1,1.000000
1724166177568409800,24,614.45,423.57,322.85,99.78,1,1,1.000000
1724166177568409800,25,66.45,226.39,455.72,183.02,1,1,1.000000
1724166177568409800,26,937.46,403.87,341.91,93.44,1,1,1.000000
1724166177568409800,27,997.98,168.43,280.80,114.04,1,1,1.000000
1724166177614565700,17,0.32,123.25,74.08,78.60,1,1,1.000000
1724166177614565700,19,0.32,376.79,175.28,124.07,1,1,1.000000
1724166177614565700,20,45.17,430.80,418.76,225.14,1,1,1.000000
1724166177614565700,21,137.01,0.24,435.51,163.45,1,1,1.000000
1724166177614565700,22,365.75,325.80,306.14,122.56,1,1,1.000000
1724166177614565700,23,368.82,573.77,338.28,133.26,1,1,1.000000
1724166177614565700,24,600.91,436.07,328.94,92.58,1,1,1.000000
1724166177614565700,25,46.11,243.98,454.65,176.91,1,1,1.000000
1724166177614565700,26,915.93,402.98,363.47,98.66,1,1,1.000000
1724166177614565700,27,967.15,170.00,281.58,118.28,1,1,1.000000
1724166177614565700,28,1174.15,151.01,105.91,83.93,1,1,1.000000
1724166177645389800,17,0.45,132.20,72.57,80.53,1,1,1.000000
1724166177645389800,19,0.82,386.33,165.06,123.64,1,1,1.000000
1724166177645389800,20,41.33,436.76,415.42,225.58,1,1,1.000000
1724166177645389800,21,126.64,0.77,448.80,171.26,1,1,1.000000
1724166177645389800,22,365.22,331.10,304.51,122.32,1,1,1.000000
1724166177645389800,23,361.96,580.42,337.26,133.88,1,1,1.000000
1724166177645389800,24,596.72,442.54,329.01,90.78,1,1,1.000000
1724166177645389800,25,39.37,252.26,453.63,176.97,1,1,1.000000
1724166177645389800,26,902.68,403.13,376.48,104.16,1,1,1.000000
1724166177645389800,27,953.07,170.86,278.15,120.34,1,1,1.000000
1724166177645389800,28,1163.66,144.95,116.56,94.10,1,1,1.000000
1724166177691285200,17,0.77,143.57,69.82,78.87,1,1,1.000000
1724166177691285200,19,1.25,398.12,157.60,122.73,1,1,1.000000
1724166177691285200,20,37.31,443.94,414.28,224.90,1,1,1.000000
1724166177691285200,21,111.45,8.82,456.25,178.70,1,1,1.000000
1724166177691285200,22,359.88,333.51,298.45,124.79,1,1,1.000000
1724166177691285200,23,353.20,586.35,339.73,133.06,1,1,1.000000
1724166177691285200,24,588.46,446.50,324.91,91.82,1,1,1.000000
1724166177691285200,25,28.77,261.23,446.90,180.71,1,1,1.000000
1724166177691285200,26,888.65,404.10,389.83,106.83,1,1,1.000000
1724166177691285200,27,936.30,176.67,274.87,117.98,1,1,1.000000
1724166177691285200,28,1134.96,146.85,145.49,97.63,1,1,1.000000
1724166177722137500,17,0.51,157.57,76.86,72.76,1,1,1.000000
1724166177722137500,19,0.58,419.76,146.26,86.05,1,1,1.000000
1724166177722137500,20,26.81,453.08,416.92,228.68,1,1,1.000000
1724166177722137500,21,98.40,14.40,467.15,184.30,1,1,1.000000
1724166177722137500,22,360.38,335.18,292.82,131.75,1,1,1.000000
1724166177722137500,23,335.52,594.21,342.91,125.96,1,1,1.000000
1724166177722137500,24,579.63,453.12,329.81,91.53,1,1,1.000000
1724166177722137500,25,18.13,267.78,447.45,191.74,1,1,1.000000
1724166177722137500,26,876.60,407.37,402.11,106.77,1,1,1.000000
1724166177722137500,27,923.26,181.69,267.85,117.75,1,1,1.000000
1724166177722137500,28,1125.99,139.06,154.47,112.60,1,1,1.000000
1724166177767903000,17,0.81,167.86,74.53,67.50,1,1,1.000000
1724166177767903000,19,1.09,421.25,128.96,90.48,1,1,1.000000
1724166177767903000,20,31.32,467.25,406.51,214.70,1,1,1.000000
1724166177767903000,21,79.40,30.33,468.06,180.12,1,1,1.000000
1724166177767903000,22,355.03,339.81,293.78,130.07,1,1,1.000000
1724166177767903000,23,338.56,594.63,329.06,125.44,1,1,1.000000
1724166177767903000,24,573.97,459.14,314.94,89.28,1,1,1.000000
1724166177767903000,25,12.78,280.09,447.82,177.23,1,1,1.000000
1724166177767903000,26,865.95,408.13,412.33,111.57,1,1,1.000000
1724166177767903000,27,903.40,189.14,260.68,115.37,1,1,1.000000
1724166177767903000,28,1098.62,135.63,181.60,128.40,1,1,1.000000
1724166177767903000,29,1237.04,305.15,43.14,59.39,1,1,1.000000
1724166177812226200,17,0.85,172.25,89.02,63.33,1,1,1.000000
1724166177812226200,19,0.99,426.01,129.67,89.82,1,1,1.000000
1724166177812226200,20,36.67,469.47,404.43,208.37,1,1,1.000000
1724166177812226200,21,83.50,33.49,456.53,182.59,1,1,1.000000
1724166177812226200,22,363.33,340.46,288.73,126.61,1,1,1.000000
1724166177812226200,23,337.13,593.02,330.94,126.84,1,1,1.000000
1724166177812226200,24,575.68,458.96,307.83,88.90,1,1,1.000000
1724166177812226200,25,17.27,282.95,439.75,173.66,1,1,1.000000
1724166177812226200,26,864.79,405.82,412.75,118.13,1,1,1.000000
1724166177812226200,27,898.22,194.31,262.07,115.91,1,1,1.000000
1724166177812226200,28,1096.53,136.60,183.92,134.26,1,1,1.000000
1724166177812226200,29,1236.07,304.78,44.16,64.16,1,1,1.000000
1724166177843258600,17,0.77,171.04,111.13,80.44,1,1,1.000000
1724166177843258600,19,1.06,428.39,133.41,94.21,1,1,1.000000
1724166177843258600,20,57.19,469.35,389.14,199.79,1,1,1.000000
1724166177843258600,21,92.52,38.36,446.13,178.99,1,1,1.000000
1724166177843258600,22,374.17,343.35,275.83,121.43,1,1,1.000000
1724166177843258600,23,339.22,589.75,334.06,129.75,1,1,1.000000
1724166177843258600,24,577.91,457.05,309.58,90.05,1,1,1.000000
1724166177843258600,25,32.34,285.26,425.73,166.36,1,1,1.000000
1724166177843258600,26,865.37,403.59,412.76,124.19,1,1,1.000000
1724166177843258600,27,899.38,198.07,266.43,118.42,1,1,1.000000
1724166177843258600,28,1096.65,145.93,183.69,137.71,1,1,1.000000
1724166177843258600,29,1238.81,308.43,41.16,65.93,1,1,1.000000
1724166177887151300,17,0.00,184.13,133.43,63.45,1,1,1.000000
1724166177887151300,19,0.89,428.91,151.36,106.77,1,1,1.000000
1724166177887151300,20,78.54,469.31,382.07,187.88,1,1,1.000000
1724166177887151300,21,69.62,39.04,477.02,178.20,1,1,1.000000
1724166177887151300,22,392.92,346.37,271.07,115.20,1,1,1.000000
1724166177887151300,23,357.12,571.25,332.66,143.62,1,1,1.000000
1724166177887151300,24,593.18,451.92,308.49,92.38,1,1,1.000000
1724166177887151300,25,53.21,285.87,418.31,162.27,1,1,1.000000
1724166177887151300,26,875.57,406.40,403.03,122.16,1,1,1.000000
1724166177887151300,27,908.98,202.74,284.79,118.97,1,1,1.000000
1724166177887151300,28,1104.07,156.02,176.25,137.49,1,1,1.000000
1724166177887151300,29,1251.52,319.85,28.89,54.26,1,1,1.000000
1724166177935351000,17,0.61,165.59,168.91,93.94,1,1,1.000000
1724166177935351000,19,0.73,424.06,153.34,106.90,1,1,1.000000
1724166177935351000,20,92.42,469.75,371.57,177.76,1,1,1.000000
1724166177935351000,21,114.21,43.27,441.84,170.40,1,1,1.000000
1724166177935351000,22,403.63,339.06,266.35,117.95,1,1,1.000000
1724166177935351000,23,358.17,581.48,323.02,128.20,1,1,1.000000
1724166177935351000,24,598.94,447.26,308.03,95.56,1,1,1.000000
1724166177935351000,25,70.84,282.75,409.77,156.60,1,1,1.000000
1724166177935351000,26,880.52,411.78,398.17,119.07,1,1,1.000000
1724166177935351000,27,914.15,207.75,286.36,118.82,1,1,1.000000
1724166177935351000,28,1118.53,167.44,161.48,129.48,1,1,1.000000
1724166177966812700,17,0.49,167.23,178.34,98.52,1,1,1.000000
1724166177966812700,19,0.41,422.84,164.24,104.40,1,1,1.000000
1724166177966812700,20,116.40,472.24,361.52,165.57,1,1,1.000000
1724166177966812700,21,120.25,49.29,438.77,167.00,1,1,1.000000
1724166177966812700,22,420.29,342.98,262.26,111.52,1,1,1.000000
1724166177966812700,23,368.32,580.77,317.03,122.89,1,1,1.000000
1724166177966812700,24,609.43,447.60,305.98,92.62,1,1,1.000000
1724166177966812700,25,88.10,289.39,400.94,143.86,1,1,1.000000
1724166177966812700,26,882.41,429.39,396.83,107.92,1,1,1.000000
1724166177966812700,27,921.04,208.89,294.48,124.72,1,1,1.000000
1724166177966812700,28,1123.37,176.20,156.96,135.15,1,1,1.000000
1724166178008552600,17,0.07,165.64,196.53,102.17,1,1,1.000000
1724166178008552600,19,0.05,418.94,182.63,116.99,1,1,1.000000
1724166178008552600,20,135.63,472.95,356.88,152.20,1,1,1.000000
1724166178008552600,21,144.93,52.40,425.63,163.57,1,1,1.000000
1724166178008552600,22,438.68,346.43,260.30,105.88,1,1,1.000000
1724166178008552600,23,376.23,580.58,318.62,117.37,1,1,1.000000
1724166178008552600,24,618.69,446.90,305.82,93.61,1,1,1.000000
1724166178008552600,25,114.89,292.74,385.37,131.24,1,1,1.000000
1724166178008552600,26,898.60,445.11,379.98,99.33,1,1,1.000000
1724166178008552600,27,937.01,211.50,343.02,132.84,1,1,1.000000
1724166178008552600,28,1138.88,212.64,141.71,114.55,1,1,1.000000
1724166178054497900,17,0.13,177.13,174.69,95.23,1,1,1.000000
1724166178054497900,19,0.19,417.29,188.12,122.39,1,1,1.000000
1724166178054497900,20,151.86,475.31,347.40,142.63,1,1,1.000000
1724166178054497900,21,156.62,55.56,421.22,163.60,1,1,1.000000
1724166178054497900,22,451.86,350.31,255.88,102.44,1,1,1.000000
1724166178054497900,23,384.05,584.17,316.13,111.06,1,1,1.000000
1724166178054497900,24,624.82,450.71,309.65,90.78,1,1,1.000000
1724166178054497900,25,126.64,301.09,377.33,117.61,1,1,1.000000
1724166178054497900,26,904.41,451.92,374.51,99.61,1,1,1.000000
1724166178054497900,27,943.61,222.77,333.60,128.17,1,1,1.000000
1724166178054497900,28,1142.29,229.41,138.20,109.70,1,1,1.000000
1724166178085528400,17,0.01,178.65,181.75,88.53,1,1,1.000000
1724166178085528400,19,0.31,413.75,201.59,122.27,1,1,1.000000
1724166178085528400,20,181.72,476.71,330.08,132.77,1,1,1.000000
1724166178085528400,21,164.62,60.07,428.58,160.27,1,1,1.000000
1724166178085528400,22,465.30,358.50,256.43,94.05,1,1,1.000000
1724166178085528400,23,391.72,587.30,319.40,105.35,1,1,1.000000
1724166178085528400,24,636.95,454.18,310.94,89.44,1,1,1.000000
1724166178085528400,25,143.66,303.04,372.07,116.57,1,1,1.000000
1724166178085528400,26,915.72,459.51,363.33,106.06,1,1,1.000000
1724166178085528400,27,950.27,228.64,328.74,133.87,1,1,1.000000
1724166178085528400,28,1148.99,236.46,131.39,123.33,1,1,1.000000
1724166178130354400,17,1.20,179.77,194.76,83.74,1,1,1.000000
1724166178130354400,19,0.20,409.19,215.86,119.57,1,1,1.000000
1724166178130354400,20,207.13,478.71,318.08,120.92,1,1,1.000000
1724166178130354400,21,167.58,68.91,431.53,152.82,1,1,1.000000
1724166178130354400,22,472.60,356.78,256.27,97.81,1,1,1.000000
1724166178130354400,23,394.72,593.51,305.67,99.70,1,1,1.000000
1724166178130354400,24,637.30,464.88,317.55,83.69,1,1,1.000000
1724166178130354400,25,158.75,307.86,356.37,100.90,1,1,1.000000
1724166178130354400,26,913.34,472.16,366.45,108.53,1,1,1.000000
1724166178130354400,27,947.37,245.99,331.19,131.65,1,1,1.000000
1724166178130354400,28,1153.10,248.26,126.98,132.17,1,1,1.000000
1724166178206610700,17,27.70,181.40,173.85,80.56,1,1,1.000000
1724166178206610700,19,0.57,407.83,225.74,116.57,1,1,1.000000
1724166178206610700,20,220.26,478.09,302.49,118.70,1,1,1.000000
1724166178206610700,21,185.77,86.76,409.78,138.49,1,1,1.000000
1724166178206610700,22,480.79,362.96,252.37,94.94,1,1,1.000000
1724166178206610700,23,394.50,601.96,303.41,90.20,1,1,1.000000
1724166178206610700,24,637.09,474.40,318.26,80.39,1,1,1.000000
1724166178206610700,25,168.71,304.94,345.89,97.43,1,1,1.000000
1724166178206610700,26,911.85,487.19,367.48,100.83,1,1,1.000000
1724166178206610700,27,935.41,257.69,343.54,135.88,1,1,1.000000
1724166178206610700,28,1153.71,280.11,126.91,131.63,1,1,1.000000
1724166178206610700,31,0.00,0.00,365.92,72.51,1,1,1.000000
1724166178259209400,17,55.71,184.13,163.65,84.23,1,1,1.000000
1724166178259209400,19,0.45,407.25,237.21,113.85,1,1,1.000000
1724166178259209400,20,230.40,478.14,297.93,117.55,1,1,1.000000
1724166178259209400,21,203.14,92.86,394.22,134.50,1,1,1.000000
1724166178259209400,22,491.02,368.60,254.93,90.02,1,1,1.000000
1724166178259209400,23,394.93,604.59,301.31,87.21,1,1,1.000000
1724166178259209400,24,641.57,475.90,313.09,81.97,1,1,1.000000
1724166178259209400,25,183.45,311.45,329.75,88.88,1,1,1.000000
1724166178259209400,26,911.26,498.35,368.12,97.68,1,1,1.000000
1724166178259209400,27,935.66,267.32,343.15,131.58,1,1,1.000000
1724166178259209400,28,1166.55,303.83,113.19,124.74,1,1,1.000000
1724166178259209400,31,0.18,0.09,367.39,84.17,1,1,1.000000
1724166178259209400,33,17.12,291.41,148.53,50.53,1,1,1.000000