1724168374673946600,1,506.69,616.31,161.80,41.10,1,2,1.000000
1724168374733567200,1,504.99,615.63,162.82,42.35,1,2,1.000000
1724168374806817500,1,504.46,616.56,159.61,40.24,1,2,1.000000
1724168374872236800,1,502.86,615.73,164.71,40.96,1,2,1.000000
1724168374925284200,1,511.94,618.27,160.22,38.25,1,2,1.000000
1724168375004925100,1,511.78,618.66,161.21,38.55,1,2,1.000000
1724168375060706400,1,513.13,619.29,158.69,36.72,1,2,1.000000
1724168375248662000,1,505.66,617.41,162.46,39.97,1,2,1.000000
1724168375273512100,1,508.02,617.63,159.94,39.81,1,2,1.000000
1724168375337828500,1,513.81,619.80,158.60,36.51,1,2,1.000000
1724168375387619800,1,515.75,619.51,157.59,37.04,1,2,1.000000
1724168375424903600,1,517.64,619.83,155.36,36.77,1,2,1.000000
1724168375472921600,1,516.27,620.40,157.06,35.52,1,2,1.000000
1724168375540085100,1,516.57,619.86,157.18,35.25,1,2,1.000000
1724168375577185800,1,513.12,619.02,163.11,35.33,1,2,1.000000
1724168375631479200,1,515.91,619.01,161.30,35.08,1,2,1.000000
1724168375701783600,1,516.08,619.53,159.49,34.67,1,2,1.000000
1724168375757729400,1,511.43,618.05,167.89,34.18,1,2,1.000000
1724168375822219500,1,517.31,617.86,159.28,34.79,1,2,1.000000
1724168375890650000,1,516.34,617.79,161.89,34.64,1,2,1.000000
1724168375946858400,1,514.54,616.88,163.63,35.47,1,2,1.000000
1724168376012332800,1,514.05,616.11,166.79,35.14,1,2,1.000000
1724168376076300200,1,514.01,615.58,168.63,34.65,1,2,1.000000
1724168376140294800,1,513.39,614.61,168.78,33.90,1,2,1.000000
1724168376205482900,1,512.15,614.67,170.84,34.72,1,2,1.000000
1724168376270577200,1,512.00,613.50,173.69,35.21,1,2,1.000000
1724168376332377000,1,509.53,612.12,177.97,35.36,1,2,1.000000
1724168376395644000,1,508.54,611.66,176.99,36.07,1,2,1.000000
1724168376467662400,1,507.40,610.86,179.01,36.19,1,2,1.000000
1724168376570960100,1,504.86,609.66,183.06,36.76,1,2,1.000000
1724168376622858400,1,504.72,609.74,184.44,36.28,1,2,1.000000
1724168376681105400,1,506.78,608.87,183.45,36.80,1,2,1.000000
1724168376741814300,1,504.25,606.67,186.38,39.42,1,2,1.000000
1724168376788850600,1,503.75,606.09,187.72,39.02,1,2,1.000000
1724168376846327800,1,503.94,605.72,187.01,39.43,1,2,1.000000
1724168376912506700,1,503.43,604.87,188.62,39.48,1,2,1.000000
1724168376984863100,1,503.99,603.48,189.54,40.34,1,2,1.000000
1724168377047253400,1,501.20,602.94,193.08,41.62,1,2,1.000000
1724168377104038400,1,501.42,602.62,194.46,40.29,1,2,1.000000
1724168377165495200,1,501.92,601.69,193.66,40.75,1,2,1.000000
1724168377230710800,1,499.79,600.33,195.10,42.26,1,2,1.000000
1724168377295454200,1,500.11,600.05,197.22,39.48,1,2,1.000000
1724168377358310900,1,494.10,599.31,204.13,40.17,1,2,1.000000
1724168377426445000,1,494.43,598.93,201.84,39.94,1,2,1.000000
1724168377492431000,1,496.22,597.96,203.19,41.05,1,2,1.000000
1724168377548594600,1,493.25,597.18,205.16,39.98,1,2,1.000000
1724168377614540600,1,490.27,597.50,205.16,39.80,1,2,1.000000
1724168377697517300,1,492.80,596.40,203.34,41.29,1,2,1.000000
1724168377769250600,1,489.33,595.87,209.53,41.24,1,2,1.000000
1724168377826445100,1,485.62,594.28,214.78,41.66,1,2,1.000000
1724168377876232300,1,485.44,594.19,216.19,40.56,1,2,1.000000
1724168377931481000,1,483.71,593.30,217.98,40.46,1,2,1.000000
1724168378001978100,1,486.83,593.58,215.46,39.80,1,2,1.000000
1724168378065927200,1,484.89,592.13,217.32,40.53,1,2,1.000000
1724168378124736500,1,483.13,591.27,221.78,40.74,1,2,1.000000
1724168378192721300,1,484.71,590.92,221.37,40.20,1,2,1.000000
1724168378255044100,1,479.53,589.40,222.12,42.10,1,2,1.000000
1724168378320156200,1,485.08,589.17,222.44,41.83,1,2,1.000000
1724168378384020000,1,482.57,589.04,224.63,40.72,1,2,1.000000
1724168378446004500,1,483.21,588.78,223.14,40.61,1,2,1.000000
1724168378514632800,1,494.84,588.17,211.13,41.41,1,2,1.000000
1724168378575478100,1,481.85,587.16,225.70,42.25,1,2,1.000000
1724168378641668800,1,477.86,586.54,230.90,43.17,1,2,1.000000
1724168378708037000,1,481.06,587.02,228.21,41.97,1,2,1.000000
1724168378764758700,1,484.91,586.90,222.60,41.93,1,2,1.000000
1724168378837096400,1,478.21,586.21,228.85,42.20,1,2,1.000000
1724168378898250700,1,480.18,586.33,227.98,41.84,1,2,1.000000
1724168378958873900,1,480.75,585.87,227.53,42.03,1,2,1.000000
1724168379032420300,1,483.07,586.54,225.41,41.20,1,2,1.000000
1724168379089218800,1,485.43,586.69,224.54,41.36,1,2,1.000000
1724168379163847600,1,484.30,586.74,225.14,41.59,1,2,1.000000
1724168379219257300,1,481.25,586.80,227.40,41.60,1,2,1.000000
1724168379277782100,1,482.06,586.50,225.29,42.08,1,2,1.000000
1724168379345810100,1,475.77,586.26,230.92,41.35,1,2,1.000000
1724168379440723000,1,471.02,585.34,233.11,42.95,1,2,1.000000
1724168379518676100,1,474.14,586.62,230.74,40.77,1,2,1.000000
1724168379579043700,1,475.17,586.32,230.54,42.16,1,2,1.000000
1724168379597359300,1,475.51,585.90,230.41,42.51,1,2,1.000000
1724168379664070600,1,474.35,586.24,231.56,43.03,1,2,1.000000
1724168379726904200,1,475.77,586.16,232.39,42.29,1,2,1.000000
1724168379789491300,1,473.63,586.65,231.11,42.98,1,2,1.000000
1724168379897758400,1,471.32,586.19,233.81,43.41,1,2,1.000000
1724168379958004200,1,475.17,587.16,228.35,41.88,1,2,1.000000
1724168380020380100,1,480.25,587.57,225.24,41.25,1,2,1.000000
1724168380076219200,1,471.62,586.26,230.06,42.15,1,2,1.000000
1724168380131486800,1,475.94,587.52,224.11,41.35,1,2,1.000000
1724168380203953300,1,473.79,587.10,227.78,42.49,1,2,1.000000
1724168380246117700,1,476.86,587.72,224.28,42.21,1,2,1.000000
1724168380323651100,1,475.90,588.19,228.54,42.47,1,2,1.000000
1724168380369800800,1,475.66,588.05,227.36,42.92,1,2,1.000000
1724168380434410800,1,486.79,590.38,217.85,40.26,1,2,1.000000
1724168380495658200,1,477.09,588.61,227.94,42.36,1,2,1.000000
1724168380559781000,1,480.59,589.41,224.60,41.17,1,2,1.000000
1724168380621240100,1,477.17,588.77,222.91,41.95,1,2,1.000000
1724168380687713500,1,478.57,588.75,225.78,41.85,1,2,1.000000
1724168380750429700,1,480.78,589.48,222.96,41.41,1,2,1.000000
1724168380814951700,1,475.34,589.06,224.82,41.98,1,2,1.000000
1724168380878225300,1,482.87,590.08,218.86,41.05,1,2,1.000000
1724168380948359700,1,483.13,590.60,218.16,40.67,1,2,1.000000
1724168381004761300,1,484.91,590.87,216.83,40.48,1,2,1.000000
1724168381072303200,1,484.49,591.24,220.96,39.74,1,2,1.000000
1724168381131976600,1,484.36,590.97,219.65,40.00,1,2,1.000000
1724168381199047200,1,481.19,591.68,224.61,39.75,1,2,1.000000
1724168381260868000,1,482.83,592.01,221.25,39.08,1,2,1.000000
1724168381337649100,1,482.51,592.23,221.74,39.05,1,2,1.000000
1724168381406013900,1,485.50,592.86,219.09,39.18,1,2,1.000000
1724168381468778200,1,487.91,593.34,216.86,38.69,1,2,1.000000
1724168381517070700,1,487.10,594.19,216.46,38.64,1,2,1.000000
1724168381580622900,1,489.21,594.51,215.93,38.54,1,2,1.000000
1724168381644535300,1,483.93,593.49,221.80,41.68,1,2,1.000000
1724168381717487600,1,486.40,593.73,214.31,40.97,1,2,1.000000
1724168381772929900,1,487.04,594.56,219.51,40.06,1,2,1.000000
1724168381838685300,1,494.23,595.96,206.15,39.11,1,2,1.000000
1724168381908123200,1,489.82,594.72,209.28,40.53,1,2,1.000000
1724168381969928800,1,484.08,594.37,215.39,41.09,1,2,1.000000
1724168382042676100,1,483.13,594.00,218.09,41.75,1,2,1.000000
1724168382093290600,1,483.96,594.15,215.12,42.19,1,2,1.000000
1724168382157288600,1,478.65,592.86,219.30,42.75,1,2,1.000000
1724168382225781300,1,480.24,594.19,219.18,41.05,1,2,1.000000
1724168382292213500,1,482.90,593.93,218.73,42.03,1,2,1.000000
1724168382353916200,1,488.19,594.81,215.77,40.74,1,2,1.000000
1724168382412707900,1,486.93,594.88,214.28,40.02,1,2,1.000000
1724168382598596900,1,488.49,596.68,213.46,39.77,1,2,1.000000
1724168382618884600,1,495.60,596.70,208.27,39.12,1,2,1.000000
1724168382677517700,1,495.27,595.97,214.02,40.09,1,2,1.000000
1724168382722098000,1,491.44,594.96,217.74,40.69,1,2,1.000000
1724168382769817700,1,491.75,595.77,211.71,39.85,1,2,1.000000
1724168382828772200,1,495.61,596.52,209.17,38.07,1,2,1.000000
1724168382874034900,1,493.54,595.87,212.55,38.92,1,2,1.000000
1724168382931427200,1,495.25,597.15,212.56,38.34,1,2,1.000000
1724168382990940400,1,495.23,596.65,212.67,37.60,1,2,1.000000
1724168383061353700,1,497.97,597.13,208.84,38.27,1,2,1.000000
1724168383117836100,1,494.19,596.57,214.54,39.80,1,2,1.000000
1724168383186327200,1,493.61,597.08,212.63,39.91,1,2,1.000000
1724168383247365400,1,494.42,597.44,210.85,39.12,1,2,1.000000
1724168383307295200,1,494.12,597.19,211.36,39.73,1,2,1.000000
1724168383373935600,1,490.65,597.03,214.82,39.66,1,2,1.000000
1724168383373935600,3,625.13,625.92,50.21,19.94,1,1,1.000000
1724168383441021300,1,489.42,597.47,214.76,39.32,1,2,1.000000
1724168383441021300,3,632.59,626.15,49.08,20.57,1,1,1.000000
1724168383507830600,1,487.40,597.04,218.34,40.35,1,2,1.000000
1724168383507830600,3,625.12,625.77,54.50,21.80,1,1,1.000000
1724168383568275700,1,486.80,596.88,219.11,41.12,1,2,1.000000
1724168383568275700,3,633.28,627.90,47.40,19.41,1,1,1.000000
1724168383630379300,1,486.94,598.28,216.16,39.53,1,2,1.000000
1724168383630379300,3,640.97,628.47,38.57,17.93,1,1,1.000000
1724168383838705900,1,488.10,598.02,213.19,39.93,1,2,1.000000
1724168383838705900,3,649.63,628.27,31.61,16.19,1,1,1.000000
1724168383854495900,1,486.52,598.14,206.73,40.63,1,2,1.000000
1724168383854495900,3,650.24,629.97,30.58,14.54,1,1,1.000000
1724168383911838500,1,484.25,597.80,214.14,40.41,1,2,1.000000
1724168383911838500,3,658.94,632.02,22.27,11.88,1,1,1.000000
1724168383958617200,1,485.11,597.60,207.29,42.21,1,2,1.000000
1724168384019536100,1,484.93,596.84,206.71,43.06,1,2,1.000000
1724168384077221400,1,484.73,595.77,209.84,42.95,1,2,1.000000
1724168384112438000,1,486.01,596.65,210.11,42.24,1,2,1.000000
1724168384160259300,1,483.32,596.48,212.27,41.02,1,2,1.000000
1724168384219064500,1,480.88,595.41,215.64,42.75,1,2,1.000000
1724168384283514900,1,482.92,596.49,211.13,42.11,1,2,1.000000
1724168384333094100,1,475.49,592.73,223.18,44.09,1,2,1.000000
1724168384402971000,1,474.64,592.94,222.00,44.54,1,2,1.000000
1724168384468311100,1,469.39,587.01,230.46,50.46,1,2,1.000000
1724168384524341400,1,477.61,593.11,220.83,42.91,1,2,1.000000
1724168384594277000,1,478.53,593.10,218.81,43.05,1,2,1.000000
1724168384656864700,1,473.24,590.11,223.87,45.90,1,2,1.000000
1724168384716273300,1,483.25,594.89,216.45,41.16,1,2,1.000000
1724168384716273300,4,532.68,637.39,23.33,16.66,1,1,1.000000
1724168384780980900,1,473.07,591.06,226.66,45.15,1,2,1.000000
1724168384780980900,4,535.74,638.29,20.62,15.58,1,1,1.000000
1724168384851320200,1,473.46,590.37,227.47,44.49,1,2,1.000000
1724168384851320200,4,535.02,638.54,30.74,18.90,1,1,1.000000
1724168384913066100,1,472.47,587.83,231.47,47.22,1,2,1.000000
1724168384913066100,4,534.67,636.37,41.22,20.97,1,1,1.000000
1724168384973123500,1,475.43,591.33,226.36,43.26,1,2,1.000000
1724168384973123500,4,520.99,630.46,57.98,27.99,1,1,1.000000
1724168385042395200,1,476.50,590.70,225.03,44.14,1,2,1.000000
1724168385042395200,4,522.51,632.39,61.73,27.73,1,1,1.000000
1724168385102289100,1,477.85,588.07,223.78,46.18,1,2,1.000000
1724168385102289100,4,522.28,629.39,72.24,32.22,1,1,1.000000
1724168385166665900,1,477.90,588.30,225.69,45.70,1,2,1.000000
1724168385166665900,4,534.07,629.62,65.42,33.69,1,1,1.000000
1724168385227401200,1,481.07,591.70,221.57,41.25,1,2,1.000000
1724168385227401200,4,535.79,627.64,67.68,33.81,1,1,1.000000
1724168385295047900,1,481.13,589.71,223.12,43.71,1,2,1.000000
1724168385295047900,4,534.83,625.51,69.31,36.42,1,1,1.000000
1724168385358177600,1,480.47,588.59,221.31,45.36,1,2,1.000000
1724168385358177600,4,531.08,623.77,78.51,37.58,1,1,1.000000
1724168385419959800,1,479.59,589.40,223.62,44.73,1,2,1.000000
1724168385419959800,4,528.06,622.55,84.08,36.95,1,1,1.000000
1724168385486732100,1,480.14,590.38,218.73,43.39,1,2,1.000000
1724168385486732100,4,525.27,622.03,91.78,35.41,1,1,1.000000
1724168385558941900,1,483.59,588.31,217.88,45.45,1,2,1.000000
1724168385558941900,4,529.29,622.29,42.67,28.99,1,1,1.000000
1724168385624385200,1,479.96,587.58,218.45,47.32,1,2,1.000000
1724168385677859800,1,478.00,584.72,220.92,51.35,1,2,1.000000
1724168385677859800,4,524.79,620.08,50.97,30.16,1,1,1.000000
1724168385677859800,7,579.82,623.88,67.21,29.53,1,1,1.000000
1724168385751447900,1,475.52,582.90,223.01,52.04,1,2,1.000000
1724168385751447900,7,583.96,626.43,68.42,29.47,1,1,1.000000
1724168385808213400,1,481.30,584.94,215.83,50.65,1,2,1.000000
1724168385808213400,4,531.08,619.86,58.07,34.06,1,1,1.000000
1724168385808213400,7,599.15,624.55,64.50,26.52,1,1,1.000000
1724168385872732800,1,476.92,580.67,221.59,53.79,1,2,1.000000
1724168385872732800,4,547.68,619.82,40.64,31.61,1,1,1.000000
1724168385872732800,7,601.78,626.67,67.29,24.59,1,1,1.000000
1724168385936680700,1,473.15,580.03,224.32,55.20,1,2,1.000000
1724168385936680700,4,544.14,619.08,46.57,25.54,1,1,1.000000
1724168385936680700,7,602.44,625.78,68.87,24.85,1,1,1.000000
1724168386006926400,1,474.60,581.34,221.32,54.02,1,2,1.000000
1724168386006926400,4,545.25,619.26,50.12,26.67,1,1,1.000000
1724168386006926400,7,616.99,625.55,57.33,24.39,1,1,1.000000
1724168386066654500,1,474.67,581.02,222.19,53.67,1,2,1.000000
1724168386066654500,4,543.05,616.91,52.47,30.66,1,1,1.000000
1724168386066654500,7,628.46,630.30,46.08,20.71,1,1,1.000000
1724168386132011700,1,474.59,581.15,221.47,53.10,1,2,1.000000
1724168386132011700,4,547.00,616.19,43.96,25.15,1,1,1.000000
1724168386132011700,7,630.64,630.93,44.50,18.75,1,1,1.000000
1724168386193164600,1,472.96,580.41,223.14,54.49,1,2,1.000000
1724168386193164600,4,542.12,615.35,52.68,23.59,1,1,1.000000
1724168386193164600,7,646.66,633.70,26.94,14.43,1,1,1.000000
1724168386256682400,1,467.55,580.20,228.17,56.17,1,2,1.000000
1724168386256682400,4,540.19,612.84,55.97,25.25,1,1,1.000000
1724168386256682400,7,653.90,631.32,21.82,13.87,1,1,1.000000
1724168386316880000,1,473.42,581.14,224.81,53.34,1,2,1.000000
1724168386316880000,4,546.12,614.41,44.29,22.55,1,1,1.000000
1724168386316880000,7,663.72,631.80,12.55,10.85,1,1,1.000000
1724168386394854300,1,470.53,579.82,225.48,56.07,1,2,1.000000
1724168386394854300,4,545.71,620.36,34.64,16.13,1,1,1.000000
1724168386447715200,1,467.31,578.83,229.09,56.18,1,2,1.000000
1724168386447715200,4,550.39,622.89,30.04,15.06,1,1,1.000000
1724168386510029300,1,468.01,578.70,230.01,55.24,1,2,1.000000
1724168386582932600,1,471.69,578.36,226.68,55.64,1,2,1.000000
1724168386640962600,1,470.04,581.45,226.42,52.44,1,2,1.000000
1724168386702023300,1,472.40,581.90,225.98,50.98,1,2,1.000000
1724168386702023300,12,644.00,631.47,27.07,17.90,1,1,1.000000
1724168386771729100,1,474.81,585.15,221.16,47.97,1,2,1.000000
1724168386771729100,12,642.16,630.28,32.24,18.89,1,1,1.000000
1724168386771729100,13,525.87,623.26,28.67,16.19,1,1,1.000000
1724168386833918400,1,477.75,584.57,222.07,49.26,1,2,1.000000
1724168386833918400,12,643.89,629.98,29.14,20.28,1,1,1.000000
1724168386833918400,13,519.65,622.19,36.22,17.91,1,1,1.000000
1724168386890567500,1,482.15,585.55,219.00,48.01,1,2,1.000000
1724168386890567500,12,653.33,632.04,19.49,15.24,1,1,1.000000
1724168386890567500,13,520.62,624.77,32.73,16.17,1,1,1.000000
1724168386956647300,1,483.69,587.99,219.18,45.08,1,2,1.000000
1724168386956647300,13,524.53,624.60,31.01,17.26,1,1,1.000000
1724168387020222100,1,483.58,589.43,216.84,43.75,1,2,1.000000
1724168387020222100,13,523.51,625.20,32.53,20.10,1,1,1.000000
1724168387085792100,1,486.81,590.40,217.86,42.65,1,2,1.000000
1724168387085792100,13,526.54,626.21,29.91,20.38,1,1,1.000000
1724168387153280500,1,491.47,593.18,212.81,40.75,1,2,1.000000
1724168387153280500,13,523.20,628.16,35.73,19.83,1,1,1.000000
1724168387218363100,1,487.81,589.96,218.54,44.19,1,2,1.000000
1724168387218363100,13,518.40,624.26,31.81,15.86,1,1,1.000000
1724168387280734200,1,487.57,592.34,211.50,41.78,1,2,1.000000
1724168387280734200,13,517.05,626.01,23.62,12.21,1,1,1.000000
1724168387340239100,1,490.89,590.66,216.46,43.61,1,2,1.000000
1724168387407446500,1,491.85,592.66,216.12,40.92,1,2,1.000000
1724168387472907200,1,492.09,590.20,217.32,43.94,1,2,1.000000
1724168387533467000,1,490.42,589.50,220.81,43.76,1,2,1.000000
1724168387625079200,1,488.78,589.73,220.55,44.19,1,2,1.000000
1724168387684554700,1,491.10,589.67,218.55,43.84,1,2,1.000000
1724168387744199300,1,489.82,587.88,218.68,45.32,1,2,1.000000
1724168387806045000,1,491.20,589.11,215.93,42.72,1,2,1.000000
1724168387806045000,22,539.01,634.02,25.43,23.65,1,1,1.000000
1724168387867044500,1,487.55,589.40,217.52,42.97,1,2,1.000000
1724168387867044500,22,538.38,632.23,27.10,26.28,1,1,1.000000
1724168387925669600,1,490.85,589.19,216.86,43.00,1,2,1.000000
1724168387991569700,1,491.31,588.09,215.66,44.17,1,2,1.000000
1724168388050579800,1,489.90,587.39,218.91,44.93,1,2,1.000000
1724168388110216600,1,488.82,588.97,218.77,42.31,1,2,1.000000
1724168388175559000,1,489.91,589.73,217.02,42.13,1,2,1.000000
1724168388236757300,1,489.44,589.95,218.72,41.95,1,2,1.000000
1724168388300616400,1,492.88,587.81,215.29,43.77,1,2,1.000000
1724168388366696600,1,492.64,587.85,218.34,44.52,1,2,1.000000
1724168388429580800,1,490.71,588.32,219.75,43.34,1,2,1.000000
1724168388501782900,1,489.16,587.35,220.23,45.00,1,2,1.000000
1724168388560251500,1,492.47,587.52,216.68,44.36,1,2,1.000000
1724168388627162700,1,488.84,587.45,222.42,44.15,1,2,1.000000
1724168388687089200,1,491.94,589.13,219.62,43.15,1,2,1.000000
1724168388748238700,1,491.57,588.43,218.79,43.34,1,2,1.000000
1724168388818254300,1,489.10,588.97,221.81,42.80,1,2,1.000000
1724168388882044400,1,492.03,588.29,220.41,43.37,1,2,1.000000
1724168388940625200,1,493.71,588.80,216.20,42.64,1,2,1.000000
1724168389004538900,1,491.37,588.99,220.29,43.84,1,2,1.000000
1724168389082503200,1,493.62,589.64,217.55,42.11,1,2,1.000000
1724168389135404400,1,493.79,591.01,211.84,41.21,1,2,1.000000
1724168389201664900,1,494.80,590.25,213.83,42.57,1,2,1.000000
1724168389273603500,1,494.10,590.16,217.88,42.13,1,2,1.000000
1724168389332663500,1,495.63,591.66,210.86,41.07,1,2,1.000000
1724168389389348600,1,494.68,590.92,214.35,42.46,1,2,1.000000
1724168389453936700,1,495.39,592.85,214.68,40.92,1,2,1.000000
1724168389518104000,1,496.47,590.78,213.32,42.02,1,2,1.000000
1724168389588421700,1,496.57,590.86,213.80,42.48,1,2,1.000000
1724168389645397400,1,495.29,591.27,214.76,42.03,1,2,1.000000
1724168389713112500,1,494.80,592.20,212.52,41.56,1,2,1.000000
1724168389783208400,1,493.19,593.12,213.61,40.58,1,2,1.000000
1724168389840442400,1,495.81,593.11,212.64,41.21,1,2,1.000000
1724168389914792000,1,495.89,592.60,211.76,41.05,1,2,1.000000
1724168389981587500,1,497.42,594.81,209.94,39.81,1,2,1.000000
1724168390031580000,1,499.70,593.81,209.67,39.86,1,2,1.000000
1724168390095441000,1,502.18,594.55,201.95,39.39,1,2,1.000000
1724168390156456300,1,499.84,595.09,205.66,39.11,1,2,1.000000
1724168390219488000,1,502.39,595.99,203.24,38.03,1,2,1.000000
1724168390339164300,1,503.14,595.52,199.57,37.50,1,2,1.000000
1724168390339164300,24,523.37,629.37,30.86,16.96,1,1,1.000000
1724168390403027100,1,502.61,596.02,197.28,38.98,1,2,1.000000
1724168390403027100,24,524.43,630.70,27.37,16.11,1,1,1.000000
1724168390458652500,1,499.18,596.18,202.89,40.41,1,2,1.000000
1724168390458652500,24,520.11,628.55,29.71,18.73,1,1,1.000000
1724168390505762000,1,501.02,595.76,201.21,41.49,1,2,1.000000
1724168390505762000,24,521.80,628.80,30.34,18.44,1,1,1.000000
1724168390548185800,1,500.52,596.48,198.66,39.53,1,2,1.000000
1724168390548185800,24,524.66,629.63,30.89,19.05,1,1,1.000000
1724168390605323500,1,503.22,596.88,197.41,39.43,1,2,1.000000
1724168390605323500,24,518.62,627.94,31.18,21.23,1,1,1.000000
1724168390674395700,1,501.44,596.51,202.18,40.05,1,2,1.000000
1724168390674395700,24,523.42,629.55,26.76,20.73,1,1,1.000000
1724168390730625400,1,506.09,597.27,200.17,40.12,1,2,1.000000
1724168390730625400,24,522.38,627.84,26.04,22.03,1,1,1.000000
1724168390797196500,1,506.71,597.70,197.26,39.91,1,2,1.000000
1724168390797196500,24,524.90,629.47,26.39,20.58,1,1,1.000000
1724168390867984400,1,500.50,595.96,201.57,42.54,1,2,1.000000
1724168390867984400,24,527.62,629.47,24.07,21.30,1,1,1.000000
1724168390931533700,1,505.14,597.50,199.84,40.02,1,2,1.000000
1724168390931533700,24,526.13,628.69,28.73,21.32,1,1,1.000000
1724168390993499900,1,508.23,597.33,197.19,41.43,1,2,1.000000
1724168390993499900,24,520.10,628.25,37.19,23.84,1,1,1.000000
1724168391053397700,1,507.43,597.02,197.45,41.65,1,2,1.000000
1724168391053397700,24,524.88,628.74,32.14,23.17,1,1,1.000000
1724168391117840100,1,506.63,597.79,197.29,39.97,1,2,1.000000
1724168391117840100,24,523.53,628.37,33.93,23.45,1,1,1.000000
1724168391185382800,1,507.39,597.85,196.31,40.57,1,2,1.000000
1724168391185382800,24,523.47,627.58,34.24,27.66,1,1,1.000000
1724168391251395700,1,506.44,597.06,197.37,41.14,1,2,1.000000
1724168391251395700,24,527.80,629.21,29.65,23.26,1,1,1.000000
1724168391325048000,1,506.95,597.89,189.64,40.39,1,2,1.000000
1724168391325048000,24,529.84,628.78,28.69,24.32,1,1,1.000000
1724168391374820400,1,509.25,597.07,192.77,41.54,1,2,1.000000
1724168391374820400,24,530.81,631.20,27.56,22.02,1,1,1.000000
1724168391439871900,1,508.64,598.01,191.80,40.83,1,2,1.000000
1724168391439871900,24,531.67,632.19,28.08,20.25,1,1,1.000000
1724168391512541700,1,507.28,596.94,194.43,42.13,1,2,1.000000
1724168391512541700,24,532.86,633.44,26.31,20.43,1,1,1.000000
1724168391572962600,1,505.41,596.98,195.38,42.17,1,2,1.000000
1724168391572962600,24,532.40,631.49,29.90,24.01,1,1,1.000000
1724168391637099200,1,509.07,600.70,191.24,41.25,1,2,1.000000
1724168391637099200,24,535.62,634.86,25.49,21.03,1,1,1.000000
1724168391697064700,1,507.20,598.65,187.72,43.83,1,2,1.000000
1724168391697064700,24,536.75,633.12,27.98,24.99,1,1,1.000000
1724168391765073600,1,507.23,600.05,192.69,43.38,1,2,1.000000
1724168391765073600,24,538.46,633.59,25.61,28.17,1,1,1.000000
1724168391825115900,1,507.21,600.26,191.04,42.80,1,2,1.000000
1724168391825115900,27,507.46,600.41,188.79,42.93,1,2,1.000000
1724168391883949300,1,508.80,601.00,189.00,42.98,1,2,1.000000
1724168391883949300,24,525.76,633.10,32.79,16.00,1,1,1.000000
1724168391950133300,1,508.75,601.39,184.85,42.16,1,2,1.000000
1724168391950133300,24,529.24,632.36,29.26,16.07,1,1,1.000000
1724168392015584200,1,510.08,602.66,180.43,42.18,1,2,1.000000
1724168392015584200,24,528.17,632.19,30.28,17.97,1,1,1.000000
1724168392080686600,1,507.40,601.48,186.11,45.02,1,2,1.000000
1724168392080686600,24,529.45,633.03,28.53,17.52,1,1,1.000000
1724168392162302600,1,508.68,603.85,184.74,43.58,1,2,1.000000
1724168392162302600,24,530.56,632.26,29.18,21.39,1,1,1.000000
1724168392203341000,1,506.59,601.23,186.70,44.33,1,2,1.000000
1724168392203341000,24,526.89,631.03,34.04,22.35,1,1,1.000000
1724168392272300900,1,507.54,600.68,183.49,43.87,1,2,1.000000
1724168392272300900,24,529.56,630.90,35.70,22.88,1,1,1.000000
1724168392332412300,1,506.35,600.65,183.60,43.51,1,2,1.000000
1724168392332412300,24,531.23,629.39,39.66,26.41,1,1,1.000000
1724168392332412300,28,599.76,626.26,42.39,21.45,1,1,1.000000
1724168392399540100,1,506.83,601.92,183.48,40.83,1,2,1.000000
1724168392399540100,24,530.05,628.32,43.04,24.70,1,1,1.000000
1724168392399540100,28,599.93,626.53,48.06,22.91,1,1,1.000000
1724168392469991200,1,510.15,603.15,174.77,39.54,1,2,1.000000
1724168392469991200,24,530.10,627.53,53.12,24.66,1,1,1.000000
1724168392469991200,28,602.37,628.09,55.33,23.78,1,1,1.000000
1724168392526226700,1,505.54,599.71,180.51,41.32,1,2,1.000000
1724168392526226700,24,529.25,627.05,57.11,26.14,1,1,1.000000
1724168392526226700,28,600.50,626.94,61.27,25.92,1,1,1.000000
1724168392587699000,1,506.24,602.16,180.63,41.93,1,2,1.000000
1724168392587699000,24,530.18,628.97,58.03,23.67,1,1,1.000000
1724168392587699000,28,608.81,626.48,57.62,26.30,1,1,1.000000
1724168392653382100,1,510.32,602.40,179.18,41.87,1,2,1.000000
1724168392653382100,24,528.72,627.59,60.32,25.78,1,1,1.000000
1724168392653382100,28,617.42,627.22,55.91,25.63,1,1,1.000000
1724168392717381200,1,516.30,602.96,172.68,41.40,1,2,1.000000
1724168392717381200,24,532.29,628.82,66.26,24.99,1,1,1.000000
1724168392717381200,28,620.50,628.00,53.52,23.29,1,1,1.000000
1724168392780792300,1,512.41,601.62,184.82,43.57,1,2,1.000000
1724168392780792300,24,532.20,630.88,60.98,24.27,1,1,1.000000
1724168392780792300,28,620.42,626.34,58.11,25.11,1,1,1.000000
1724168392844102800,1,512.47,603.08,177.09,40.65,1,2,1.000000
1724168392844102800,24,536.23,626.60,66.14,29.50,1,1,1.000000
1724168392844102800,28,620.49,626.16,56.65,25.05,1,1,1.000000
1724168392908397600,1,514.04,602.51,183.11,40.92,1,2,1.000000
1724168392908397600,24,540.25,627.04,62.11,30.08,1,1,1.000000
1724168392908397600,28,629.36,628.56,49.09,22.08,1,1,1.000000
1724168392977782500,1,515.05,604.01,175.67,39.04,1,2,1.000000
1724168392977782500,24,542.91,625.96,64.95,29.65,1,1,1.000000
1724168392977782500,28,630.41,627.45,50.67,22.65,1,1,1.000000
1724168393038976900,1,511.78,603.74,177.77,40.90,1,2,1.000000
1724168393038976900,24,542.29,624.72,69.30,32.28,1,1,1.000000
1724168393038976900,28,641.83,631.64,37.01,14.89,1,1,1.000000
1724168393114280900,1,510.30,603.54,178.84,40.36,1,2,1.000000
1724168393114280900,24,552.41,623.98,64.49,34.51,1,1,1.000000
1724168393114280900,28,656.74,632.90,24.81,12.30,1,1,1.000000
1724168393164919200,1,505.06,602.97,188.39,40.46,1,2,1.000000
1724168393164919200,24,555.66,624.31,64.89,32.13,1,1,1.000000
1724168393164919200,28,662.22,634.26,19.14,11.50,1,1,1.000000
1724168393239301700,1,510.12,603.42,179.16,39.60,1,2,1.000000
1724168393239301700,24,558.32,623.93,74.05,27.92,1,1,1.000000
1724168393297292400,1,509.17,603.33,180.60,44.12,1,2,1.000000
1724168393297292400,24,539.66,622.26,100.67,29.89,1,1,1.000000
1724168393361141600,1,507.26,603.17,180.98,42.30,1,2,1.000000
1724168393361141600,24,568.55,623.86,79.02,27.16,1,1,1.000000
1724168393423976900,1,503.97,602.65,186.58,42.19,1,2,1.000000
1724168393423976900,24,581.16,623.94,74.28,26.25,1,1,1.000000
1724168393488535000,1,504.36,602.84,184.16,42.74,1,2,1.000000
1724168393488535000,24,584.37,624.44,77.29,27.14,1,1,1.000000
1724168393488535000,33,505.55,603.72,180.18,41.38,1,2,1.000000
1724168393569516100,24,600.37,626.57,68.11,25.74,1,1,1.000000
1724168393619652900,1,504.55,600.46,187.44,44.01,1,2,1.000000
1724168393619652900,24,601.57,627.20,68.06,25.21,1,1,1.000000
1724168393686334300,1,503.43,601.09,187.84,42.43,1,2,1.000000
1724168393686334300,24,600.85,628.16,69.31,25.95,1,1,1.000000
1724168393739493100,1,502.95,599.71,189.98,41.46,1,2,1.000000
1724168393739493100,24,625.82,630.18,45.03,21.91,1,1,1.000000
1724168393805897200,1,503.85,599.08,189.97,44.64,1,2,1.000000
1724168393805897200,24,629.40,629.18,41.86,22.58,1,1,1.000000
1724168393870610200,1,502.37,599.79,191.13,44.30,1,2,1.000000
1724168393870610200,24,630.62,628.27,39.41,25.43,1,1,1.000000
1724168393944941900,1,503.44,597.71,191.36,43.04,1,2,1.000000
1724168393944941900,24,633.13,627.99,37.17,23.14,1,1,1.000000
1724168394000679100,1,503.22,597.90,191.77,42.80,1,2,1.000000
1724168394000679100,24,636.23,628.03,34.00,22.77,1,1,1.000000
1724168394067788300,1,503.07,597.71,190.97,42.77,1,2,1.000000
1724168394067788300,24,643.42,630.89,27.07,19.15,1,1,1.000000
1724168394124841200,1,501.85,596.83,193.60,42.89,1,2,1.000000
1724168394124841200,24,646.88,633.28,23.18,16.43,1,1,1.000000
1724168394195375700,1,501.31,597.18,192.03,43.57,1,2,1.000000
1724168394195375700,24,640.29,630.48,28.97,19.38,1,1,1.000000
1724168394255508700,1,504.31,596.06,188.98,44.38,1,2,1.000000
1724168394330173700,1,502.44,596.73,192.02,42.98,1,2,1.000000
1724168394387618600,1,500.78,595.63,194.44,44.40,1,2,1.000000
1724168394445283100,1,500.44,595.06,190.10,44.66,1,2,1.000000
1724168394588050400,1,496.49,595.77,197.00,44.14,1,2,1.000000
1724168394638458500,1,496.09,594.85,195.48,44.33,1,2,1.000000
1724168394656752400,1,496.53,595.29,197.23,43.93,1,2,1.000000
1724168394704323000,1,498.99,594.96,192.90,44.96,1,2,1.000000
1724168394766708400,1,494.84,594.02,198.59,45.75,1,2,1.000000
1724168394833596500,1,493.48,594.89,199.55,44.84,1,2,1.000000
1724168394933463800,1,492.56,594.27,201.34,45.00,1,2,1.000000
1724168394960753900,1,488.26,593.91,205.47,45.50,1,2,1.000000
1724168395021784100,1,489.29,594.61,204.75,44.51,1,2,1.000000
1724168395086992200,1,490.28,594.78,203.53,44.19,1,2,1.000000
1724168395153848700,1,492.99,594.51,200.93,44.57,1,2,1.000000
1724168395214175900,1,489.98,595.31,206.06,44.20,1,2,1.000000
1724168395292985200,1,489.75,596.96,203.77,41.65,1,2,1.000000
1724168395351519500,1,492.76,595.90,202.01,40.71,1,2,1.000000
1724168395351519500,37,537.43,630.20,21.04,14.03,1,1,1.000000
1724168395412947000,1,490.71,594.84,204.59,43.14,1,2,1.000000
1724168395412947000,37,539.44,629.89,27.08,16.94,1,1,1.000000
1724168395494980800,1,496.24,595.56,199.18,43.74,1,2,1.000000
1724168395494980800,37,537.93,626.77,40.67,22.90,1,1,1.000000
1724168395536234100,1,494.05,596.99,204.66,41.84,1,2,1.000000
1724168395536234100,37,537.08,624.38,44.75,27.57,1,1,1.000000
1724168395603569700,1,493.81,596.83,202.80,40.57,1,2,1.000000
1724168395603569700,37,541.45,624.25,58.02,25.58,1,1,1.000000
1724168395676535000,1,488.73,595.73,207.56,41.32,1,2,1.000000
1724168395676535000,37,542.35,622.56,59.82,28.54,1,1,1.000000
1724168395730523200,1,493.61,597.02,205.69,40.57,1,2,1.000000
1724168395730523200,37,543.54,622.97,58.97,28.95,1,1,1.000000
1724168395844752200,1,488.37,595.42,209.14,42.26,1,2,1.000000
1724168395844752200,37,536.50,621.77,66.97,32.16,1,1,1.000000
1724168395903324200,1,491.20,595.43,207.96,41.08,1,2,1.000000
1724168395903324200,37,554.76,621.78,50.48,32.25,1,1,1.000000
1724168395966845500,1,487.50,595.19,213.29,42.89,1,2,1.000000
1724168395966845500,37,557.18,621.73,55.03,32.13,1,1,1.000000
1724168396030415300,1,489.04,595.82,210.47,41.27,1,2,1.000000
1724168396030415300,37,553.87,620.01,68.89,31.82,1,1,1.000000
1724168396091998100,1,489.77,595.44,210.61,42.82,1,2,1.000000
1724168396091998100,37,557.36,618.72,74.59,31.21,1,1,1.000000
1724168396155017300,1,488.82,595.66,211.01,41.78,1,2,1.000000
1724168396155017300,37,557.53,619.45,71.87,27.17,1,1,1.000000
1724168396210450500,1,487.32,594.76,212.32,41.43,1,2,1.000000
1724168396210450500,37,566.30,619.85,66.85,24.19,1,1,1.000000
1724168396267765600,1,484.67,593.09,213.10,41.67,1,2,1.000000
1724168396267765600,37,591.75,622.23,46.93,22.51,1,1,1.000000
1724168396320194800,1,481.24,589.90,216.68,43.98,1,2,1.000000
1724168396320194800,37,602.53,628.39,38.21,17.73,1,1,1.000000
1724168396373385500,1,478.52,590.90,220.91,42.61,1,2,1.000000
1724168396373385500,37,614.74,628.67,43.81,17.23,1,1,1.000000
1724168396435080300,1,478.37,590.67,222.13,43.20,1,2,1.000000
1724168396435080300,37,632.15,629.53,34.84,19.41,1,1,1.000000
1724168396495743100,1,472.00,588.72,225.62,45.09,1,2,1.000000
1724168396495743100,37,640.11,630.30,21.66,14.85,1,1,1.000000
1724168396561050900,1,474.50,588.65,223.07,44.74,1,2,1.000000
1724168396561050900,37,642.86,630.49,23.45,16.94,1,1,1.000000
1724168396620298500,1,473.17,588.31,222.17,45.98,1,2,1.000000
1724168396696693700,1,470.50,587.55,227.07,46.21,1,2,1.000000
1724168396754933100,1,471.60,587.31,227.69,47.47,1,2,1.000000
1724168396820190100,1,469.22,586.69,226.54,47.65,1,2,1.000000
1724168396881163700,1,461.79,584.62,237.38,50.01,1,2,1.000000
1724168396948926700,1,461.97,584.05,236.50,50.92,1,2,1.000000
1724168397005381200,1,468.79,585.01,230.72,50.83,1,2,1.000000
1724168397076598500,1,466.93,586.15,232.04,49.35,1,2,1.000000
1724168397076598500,39,562.45,620.73,43.66,15.66,1,1,1.000000
1724168397142408200,1,475.83,587.02,222.91,47.87,1,2,1.000000
1724168397142408200,39,554.92,618.24,57.88,25.15,1,1,1.000000
1724168397206410400,1,470.01,585.83,229.61,47.73,1,2,1.000000
1724168397206410400,39,572.65,617.94,68.53,27.60,1,1,1.000000
1724168397275530800,1,473.92,587.28,224.50,45.92,1,2,1.000000
1724168397275530800,39,553.49,616.07,87.99,33.29,1,1,1.000000
1724168397327555100,1,474.63,587.08,225.76,45.50,1,2,1.000000
1724168397327555100,39,575.09,616.80,72.48,31.86,1,1,1.000000
1724168397403608900,1,473.25,587.41,227.93,44.48,1,2,1.000000
1724168397403608900,39,581.10,617.42,67.31,31.59,1,1,1.000000
1724168397468929000,1,472.73,587.68,229.61,44.06,1,2,1.000000
1724168397468929000,39,589.17,616.33,72.06,32.68,1,1,1.000000
1724168397533960000,1,476.48,588.77,225.77,43.63,1,2,1.000000
1724168397533960000,39,595.92,615.66,73.62,32.31,1,1,1.000000
1724168397591492900,1,477.36,588.75,225.10,43.04,1,2,1.000000
1724168397591492900,39,599.48,617.73,77.54,31.69,1,1,1.000000
1724168397661581000,1,474.67,588.17,227.91,43.51,1,2,1.000000
1724168397661581000,39,614.82,619.83,63.69,27.41,1,1,1.000000
1724168397715948600,1,470.03,587.90,233.78,43.82,1,2,1.000000
1724168397715948600,39,634.60,621.70,49.47,25.06,1,1,1.000000
1724168397777054800,1,478.03,587.09,226.81,43.91,1,2,1.000000
1724168397777054800,39,644.94,623.23,38.38,18.39,1,1,1.000000
1724168397844954200,1,485.27,589.27,218.66,42.81,1,2,1.000000
1724168397844954200,39,652.47,623.49,29.73,16.59,1,1,1.000000
1724168397904437500,1,487.07,591.70,219.37,41.32,1,2,1.000000
1724168397904437500,39,660.04,623.82,25.57,12.62,1,1,1.000000
1724168397963854800,1,486.38,590.26,219.29,42.92,1,2,1.000000
1724168398031700100,1,492.03,591.88,215.48,41.05,1,2,1.000000
1724168398101335600,1,488.01,592.12,218.93,40.58,1,2,1.000000
1724168398159145200,1,487.54,589.02,218.28,43.63,1,2,1.000000
1724168398221147500,1,476.40,587.89,228.89,44.85,1,2,1.000000
1724168398287656500,1,474.68,587.71,233.13,45.42,1,2,1.000000
1724168398354949600,1,475.71,588.07,233.97,43.66,1,2,1.000000
1724168398413661700,1,470.58,586.17,240.08,45.46,1,2,1.000000
1724168398478818100,1,482.61,586.81,230.48,45.83,1,2,1.000000
1724168398541652700,1,469.97,583.39,242.48,48.08,1,2,1.000000
1724168398603514400,1,471.44,586.28,241.72,45.74,1,2,1.000000
1724168398671936500,1,470.38,587.53,236.29,44.62,1,2,1.000000
1724168398740227300,1,470.19,587.55,238.16,44.80,1,2,1.000000
1724168398798251700,1,472.25,585.91,239.59,46.67,1,2,1.000000
1724168398866598500,1,472.57,587.65,240.16,45.08,1,2,1.000000
1724168398925840700,1,474.06,586.50,237.45,44.88,1,2,1.000000
1724168398998358600,1,476.96,586.48,235.59,45.17,1,2,1.000000
1724168399069451000,1,474.61,584.04,239.20,47.74,1,2,1.000000
1724168399118996600,1,476.98,583.83,236.97,47.99,1,2,1.000000
1724168399193141000,1,477.88,588.25,231.95,43.21,1,2,1.000000
1724168399253722500,1,474.13,587.90,228.44,44.03,1,2,1.000000
1724168399311487400,1,463.30,583.43,237.82,48.76,1,2,1.000000
1724168399376045000,1,469.20,586.12,232.12,47.10,1,2,1.000000
1724168399440207200,1,467.93,582.83,231.94,49.21,1,2,1.000000
1724168399515391000,1,466.68,582.67,234.04,49.97,1,2,1.000000
1724168399567114700,1,466.29,582.43,233.87,49.79,1,2,1.000000
1724168399628032800,1,464.35,581.82,236.18,51.15,1,2,1.000000
1724168399695036400,1,463.53,582.06,237.37,50.72,1,2,1.000000
1724168399757334300,1,474.79,585.32,226.37,47.79,1,2,1.000000
1724168399835287200,1,473.63,586.04,227.58,46.22,1,2,1.000000
1724168399884519300,1,474.94,586.56,227.11,46.53,1,2,1.000000
1724168399957515200,1,471.06,586.48,228.63,46.80,1,2,1.000000
1724168400014471100,1,475.66,588.61,224.36,45.34,1,2,1.000000
1724168400079374400,1,476.02,587.56,225.83,45.73,1,2,1.000000
1724168400140250000,1,476.45,588.87,224.40,43.55,1,2,1.000000
1724168400204318200,1,477.79,588.50,221.47,46.44,1,2,1.000000
1724168400271142900,1,472.76,588.37,226.98,45.25,1,2,1.000000
1724168400331739100,1,476.00,589.74,226.26,43.37,1,2,1.000000
1724168400398371900,1,476.17,589.75,224.92,42.86,1,2,1.000000
1724168400461045100,1,473.13,589.45,230.72,43.28,1,2,1.000000
1724168400527327600,1,475.35,589.59,225.50,43.18,1,2,1.000000
1724168400592525300,1,471.77,586.43,229.11,46.39,1,2,1.000000
1724168400652302300,1,475.38,586.90,224.39,46.22,1,2,1.000000
1724168400718318900,1,474.22,585.50,227.06,47.31,1,2,1.000000
1724168400784031800,1,473.55,583.99,225.93,50.53,1,2,1.000000
1724168400850190800,1,472.79,584.36,225.00,49.60,1,2,1.000000
1724168400921097900,1,463.23,583.19,236.39,50.34,1,2,1.000000
1724168400980978500,1,465.66,582.63,233.20,52.44,1,2,1.000000
1724168401039179000,1,468.05,583.43,227.85,49.74,1,2,1.000000
1724168401102526100,1,467.01,583.61,233.76,50.63,1,2,1.000000
1724168401173939400,1,467.16,584.53,232.37,49.47,1,2,1.000000
1724168401230811200,1,470.37,585.30,227.21,49.64,1,2,1.000000
1724168401297168000,1,469.39,585.58,225.82,48.30,1,2,1.000000
1724168401358824700,1,468.08,585.56,231.48,48.01,1,2,1.000000
1724168401422266900,1,474.31,586.84,228.31,47.60,1,2,1.000000
1724168401485122200,1,475.99,587.88,223.32,45.87,1,2,1.000000
1724168401560363400,1,467.82,585.36,232.73,47.86,1,2,1.000000
1724168401615331300,1,472.52,586.25,227.93,46.84,1,2,1.000000
1724168401690880000,1,476.45,587.43,224.07,45.72,1,2,1.000000
1724168401747947400,1,473.97,586.34,226.55,46.02,1,2,1.000000
1724168401806860500,1,474.64,587.60,225.64,45.02,1,2,1.000000
1724168401869627700,1,474.57,587.64,225.94,44.70,1,2,1.000000
1724168401938259700,1,477.56,588.61,222.16,44.43,1,2,1.000000
1724168401999137600,1,474.50,587.18,227.51,46.45,1,2,1.000000
1724168401999137600,42,528.58,630.43,29.59,17.67,1,1,1.000000
1724168402068763600,1,472.60,586.87,228.51,45.89,1,2,1.000000
1724168402068763600,42,528.42,630.83,33.53,17.56,1,1,1.000000
1724168402125205600,1,468.67,585.32,232.15,48.84,1,2,1.000000
1724168402125205600,42,530.79,629.29,38.45,21.15,1,1,1.000000
1724168402193031800,1,468.29,583.76,231.16,52.33,1,2,1.000000
1724168402193031800,42,533.41,628.35,46.25,21.54,1,1,1.000000
1724168402258939500,1,471.29,586.00,226.85,48.24,1,2,1.000000
1724168402258939500,42,533.96,628.26,50.73,23.35,1,1,1.000000
1724168402326243700,1,471.99,585.56,226.73,49.05,1,2,1.000000
1724168402326243700,42,541.19,628.15,48.40,22.88,1,1,1.000000
1724168402381586200,1,469.44,584.51,229.33,52.26,1,2,1.000000
1724168402381586200,42,544.73,629.58,50.87,22.95,1,1,1.000000
1724168402460586700,1,473.39,585.24,227.87,49.67,1,2,1.000000
1724168402460586700,42,554.37,630.01,46.21,19.74,1,1,1.000000
1724168402528945700,1,472.99,586.44,227.61,48.89,1,2,1.000000
1724168402528945700,42,557.17,630.87,45.71,20.03,1,1,1.000000
1724168402597907100,1,477.83,587.35,219.39,48.49,1,2,1.000000
1724168402597907100,42,562.55,628.93,48.38,23.18,1,1,1.000000
1724168402641569100,1,476.27,586.74,224.50,50.02,1,2,1.000000
1724168402641569100,42,564.19,628.08,52.74,24.41,1,1,1.000000
1724168402709932200,1,468.08,585.93,232.58,50.79,1,2,1.000000
1724168402709932200,42,561.08,626.90,66.69,28.16,1,1,1.000000
1724168402773606700,1,471.56,587.73,228.78,47.68,1,2,1.000000
1724168402773606700,42,571.43,626.49,63.32,29.30,1,1,1.000000
1724168402848420600,1,474.58,588.08,223.16,47.24,1,2,1.000000
1724168402848420600,42,582.49,626.37,58.20,27.54,1,1,1.000000
1724168402909529100,1,469.49,588.30,230.52,46.51,1,2,1.000000
1724168402909529100,42,586.09,626.58,54.30,28.91,1,1,1.000000
1724168402975679200,1,471.83,589.73,227.08,44.50,1,2,1.000000
1724168402975679200,42,581.72,629.27,61.75,28.17,1,1,1.000000
1724168403032605400,1,481.80,592.79,215.82,42.02,1,2,1.000000
1724168403032605400,42,585.00,627.67,66.41,29.54,1,1,1.000000
1724168403097575800,1,482.41,593.50,213.39,41.60,1,2,1.000000
1724168403097575800,42,583.95,626.41,72.31,31.43,1,1,1.000000
1724168403156784100,1,484.05,593.66,216.43,41.74,1,2,1.000000
1724168403156784100,42,585.65,627.20,76.34,31.02,1,1,1.000000
1724168403228010300,1,485.16,594.24,215.94,40.93,1,2,1.000000
1724168403228010300,42,598.64,628.65,69.16,29.90,1,1,1.000000
1724168403293334900,1,487.16,594.78,213.65,39.54,1,2,1.000000
1724168403293334900,42,598.78,630.76,69.51,27.52,1,1,1.000000
1724168403352152900,1,484.39,595.34,214.06,40.53,1,2,1.000000
1724168403352152900,42,601.17,630.95,68.00,26.93,1,1,1.000000
1724168403407492500,1,490.05,596.39,210.99,38.48,1,2,1.000000
1724168403407492500,42,609.85,632.01,59.80,24.55,1,1,1.000000
1724168403476422800,1,493.32,596.59,210.06,38.46,1,2,1.000000
1724168403476422800,42,624.29,632.32,48.47,23.25,1,1,1.000000
1724168403553049700,1,489.49,596.82,211.96,39.41,1,2,1.000000
1724168403553049700,42,626.56,633.99,43.97,21.16,1,1,1.000000
1724168403597783800,1,490.21,597.45,210.57,39.44,1,2,1.000000
1724168403597783800,42,632.57,630.76,37.04,22.45,1,1,1.000000
1724168403662166700,1,492.03,597.99,206.63,39.49,1,2,1.000000
1724168403662166700,42,638.91,631.86,31.39,20.54,1,1,1.000000
1724168403726497800,1,489.84,597.57,210.34,40.47,1,2,1.000000
1724168403726497800,42,641.87,631.97,27.92,20.02,1,1,1.000000
1724168403793610200,1,491.80,598.62,209.59,39.52,1,2,1.000000
1724168403793610200,42,642.15,633.07,26.91,21.15,1,1,1.000000
1724168403861252100,1,494.73,599.02,204.15,39.13,1,2,1.000000
1724168403861252100,42,646.07,636.60,21.60,16.16,1,1,1.000000
1724168403929960400,1,494.40,598.71,203.57,39.94,1,2,1.000000
1724168404039376700,1,494.64,600.02,202.11,38.95,1,2,1.000000
1724168404096154800,1,497.11,600.32,197.46,38.69,1,2,1.000000
1724168404159031400,1,498.39,600.06,197.09,39.01,1,2,1.000000
1724168404212965700,1,494.45,600.60,200.54,39.70,1,2,1.000000
1724168404265324600,1,495.96,601.26,199.85,40.62,1,2,1.000000
1724168404316817000,1,496.91,601.46,199.78,40.25,1,2,1.000000
1724168404385445000,1,496.10,601.40,197.98,40.22,1,2,1.000000
1724168404436662400,1,493.43,601.61,202.13,39.69,1,2,1.000000
1724168404436662400,43,493.81,601.41,201.17,38.43,1,2,1.000000
1724168404563365000,1,497.41,602.34,197.83,39.97,1,2,1.000000
1724168404628241400,1,496.02,602.10,199.45,40.36,1,2,1.000000
1724168404688726800,1,495.10,602.24,198.81,40.33,1,2,1.000000
1724168404755154400,1,497.69,602.71,196.57,40.30,1,2,1.000000
1724168404834170900,1,496.32,603.46,195.21,39.29,1,2,1.000000
1724168404900099100,1,500.49,604.00,193.13,38.81,1,2,1.000000
1724168404953557600,1,497.34,603.88,196.31,39.55,1,2,1.000000
1724168405025720500,1,497.83,603.84,196.62,39.37,1,2,1.000000
1724168405092774600,1,499.38,604.75,193.32,39.24,1,2,1.000000
1724168405150663500,1,496.43,604.75,194.23,39.64,1,2,1.000000
1724168405212157300,1,499.77,604.91,192.95,39.03,1,2,1.000000
1724168405276303000,1,496.87,604.27,193.92,39.94,1,2,1.000000
1724168405337618800,1,498.45,605.13,192.97,39.56,1,2,1.000000
1724168405397789100,1,498.97,605.90,190.21,37.93,1,2,1.000000
1724168405470355200,1,498.42,606.01,192.85,38.13,1,2,1.000000
1724168405519975200,1,496.37,605.41,195.87,38.57,1,2,1.000000
1724168405591820900,1,504.31,607.77,183.74,36.92,1,2,1.000000
1724168405649802700,1,502.56,606.68,188.57,37.45,1,2,1.000000
1724168405720395600,1,498.53,606.01,191.21,38.91,1,2,1.000000
1724168405775146400,1,498.27,605.56,191.71,39.76,1,2,1.000000
1724168405837930500,1,496.15,605.24,195.52,40.02,1,2,1.000000
1724168405907683300,1,495.21,605.42,194.28,39.99,1,2,1.000000
1724168405966114600,1,494.40,604.81,196.73,39.56,1,2,1.000000
1724168406027391800,1,496.64,605.43,196.41,39.39,1,2,1.000000
1724168406093894500,1,494.24,604.72,199.50,39.91,1,2,1.000000
1724168406158156500,1,492.54,604.27,200.25,39.90,1,2,1.000000
1724168406227113900,1,492.07,605.09,196.10,39.16,1,2,1.000000
1724168406289587000,1,493.26,605.41,196.61,39.88,1,2,1.000000
1724168406351798100,1,496.05,605.64,192.18,38.24,1,2,1.000000
1724168406416107800,1,494.46,605.30,194.33,39.40,1,2,1.000000
1724168406479406500,1,498.74,605.65,192.31,39.31,1,2,1.000000
1724168406550173800,1,496.76,605.34,192.29,39.40,1,2,1.000000
1724168406616091800,1,501.70,606.95,189.59,38.74,1,2,1.000000
1724168406687728100,1,502.00,606.37,190.63,39.47,1,2,1.000000
1724168406747084100,1,498.36,605.92,193.60,38.82,1,2,1.000000
1724168406803344200,1,497.90,605.66,192.01,39.90,1,2,1.000000
1724168406868920000,1,497.36,605.29,194.77,39.28,1,2,1.000000
1724168406925337000,1,498.98,605.85,192.34,39.58,1,2,1.000000
1724168406995065100,1,501.45,606.67,189.27,37.66,1,2,1.000000
1724168407056469400,1,497.90,605.41,193.21,39.29,1,2,1.000000
1724168407120110600,1,499.18,605.66,191.26,39.49,1,2,1.000000
1724168407180868300,1,495.66,604.63,194.31,40.61,1,2,1.000000
1724168407247931800,1,491.72,603.53,198.97,41.89,1,2,1.000000
1724168407317101500,1,497.84,604.62,192.61,40.28,1,2,1.000000
1724168407377603700,1,494.22,604.42,195.55,41.07,1,2,1.000000
1724168407438173300,1,498.96,605.41,194.63,40.00,1,2,1.000000
1724168407513160700,1,499.40,605.66,195.46,39.13,1,2,1.000000
1724168407571513800,1,499.09,605.24,197.70,39.90,1,2,1.000000
1724168407632154400,1,500.58,605.23,193.55,38.69,1,2,1.000000
1724168407695133700,1,498.57,603.55,198.87,41.51,1,2,1.000000
1724168407757649900,1,498.04,603.11,199.28,40.67,1,2,1.000000
1724168407822381200,1,487.61,602.36,204.58,41.11,1,2,1.000000
1724168407885350000,1,491.21,602.69,202.90,40.48,1,2,1.000000
1724168407951383200,1,491.95,601.60,201.65,40.83,1,2,1.000000
1724168408013872900,1,490.68,601.86,202.32,40.14,1,2,1.000000
1724168408077639000,1,492.11,600.95,201.63,41.64,1,2,1.000000
1724168408144415400,1,494.84,602.36,199.92,39.63,1,2,1.000000
1724168408205546800,1,494.19,601.77,200.11,40.26,1,2,1.000000
1724168408274604200,1,493.16,600.52,200.66,41.41,1,2,1.000000
1724168408339528100,1,493.74,601.09,199.80,39.07,1,2,1.000000
1724168408401465000,1,496.04,600.73,197.00,39.35,1,2,1.000000
1724168408481943200,1,493.62,600.76,199.86,38.87,1,2,1.000000
1724168408551626300,1,494.39,599.96,201.30,39.85,1,2,1.000000
1724168408611760100,1,494.41,599.08,204.97,40.67,1,2,1.000000
1724168408661627300,1,496.14,599.23,204.54,39.68,1,2,1.000000
1724168408735112900,1,494.77,598.40,202.36,40.59,1,2,1.000000
1724168408788015500,1,489.14,597.45,209.65,40.60,1,2,1.000000
1724168408844795100,1,494.54,597.47,203.53,40.21,1,2,1.000000
1724168408908176100,1,489.62,596.80,210.09,39.98,1,2,1.000000
1724168408975657000,1,490.11,596.26,212.74,40.86,1,2,1.000000
1724168409038283900,1,490.26,596.34,210.48,40.78,1,2,1.000000
1724168409108985000,1,489.33,595.26,215.49,41.03,1,2,1.000000
1724168409170244700,1,490.99,595.47,211.84,39.41,1,2,1.000000
1724168409237104100,1,491.23,594.79,214.51,40.51,1,2,1.000000
1724168409319950200,1,492.27,593.58,213.57,40.86,1,2,1.000000
1724168409363401100,1,486.76,593.17,218.07,41.40,1,2,1.000000
1724168409422440900,1,489.35,592.42,217.32,39.89,1,2,1.000000
1724168409485914400,1,487.75,592.58,215.39,39.90,1,2,1.000000
1724168409550509700,1,485.93,591.32,222.06,41.38,1,2,1.000000
1724168409618482600,1,485.19,590.95,223.08,41.08,1,2,1.000000
1724168409678043400,1,484.22,590.13,227.33,41.20,1,2,1.000000
1724168409743294700,1,484.77,588.45,226.09,41.84,1,2,1.000000
1724168409806601000,1,481.91,588.25,226.43,41.96,1,2,1.000000
1724168409876062000,1,481.21,587.49,226.55,41.91,1,2,1.000000
1724168409936073800,1,482.57,586.42,227.92,42.40,1,2,1.000000
1724168410006134400,1,487.10,585.57,224.66,41.10,1,2,1.000000
1724168410062904300,1,476.72,583.47,236.03,42.26,1,2,1.000000
1724168410125167100,1,475.23,582.53,236.63,40.76,1,2,1.000000
1724168410191418300,1,480.95,581.07,233.68,42.67,1,2,1.000000
1724168410256490400,1,475.10,579.89,242.09,42.28,1,2,1.000000
1724168410320333600,1,476.82,579.25,239.56,41.85,1,2,1.000000
1724168410393201600,1,473.13,578.85,241.84,41.60,1,2,1.000000
1724168410460827900,1,471.32,577.44,250.01,42.55,1,2,1.000000
1724168410530673700,1,468.34,576.65,253.60,43.56,1,2,1.000000
1724168410589579900,1,468.73,574.62,253.17,44.07,1,2,1.000000
1724168410640832300,1,468.10,574.13,256.84,43.58,1,2,1.000000
1724168410707482000,1,467.98,572.50,257.30,44.37,1,2,1.000000
1724168410784476100,1,465.33,569.62,259.18,46.65,1,2,1.000000
1724168410828498600,1,460.47,570.21,266.13,44.06,1,2,1.000000
1724168410891874200,1,460.13,568.29,270.32,45.70,1,2,1.000000
1724168410957024200,1,460.03,567.16,267.29,46.05,1,2,1.000000
1724168411020695800,1,462.43,566.31,269.71,44.77,1,2,1.000000
1724168411092568200,1,462.28,566.09,270.39,43.90,1,2,1.000000
1724168411149308700,1,459.30,564.75,271.80,45.13,1,2,1.000000
1724168411213017300,1,463.54,564.12,271.91,44.86,1,2,1.000000
1724168411283068300,1,461.41,563.28,275.79,44.07,1,2,1.000000
1724168411347562900,1,457.93,562.78,285.60,43.40,1,2,1.000000
1724168411408803200,1,463.28,561.83,278.32,42.46,1,2,1.000000
1724168411471340000,1,467.16,559.96,277.98,42.96,1,2,1.000000
1724168411532885900,1,456.26,558.67,289.21,42.75,1,2,1.000000
1724168411596474600,1,451.71,556.90,296.36,44.50,1,2,1.000000
1724168411666450500,1,453.06,555.60,291.41,46.28,1,2,1.000000
1724168411731413900,1,449.58,556.21,293.43,43.81,1,2,1.000000
1724168411798430200,1,449.78,555.12,295.47,44.95,1,2,1.000000
1724168411853460500,1,447.43,554.60,299.24,43.73,1,2,1.000000
1724168411918098200,1,450.97,554.36,294.58,46.44,1,2,1.000000
1724168411985518500,1,450.60,554.39,295.07,47.94,1,2,1.000000
1724168412046145400,1,447.10,553.68,299.63,45.60,1,2,1.000000
1724168412112518800,1,450.91,553.54,297.39,46.81,1,2,1.000000
1724168412175423500,1,448.25,553.55,300.81,43.69,1,2,1.000000
1724168412238290800,1,449.88,553.32,297.93,47.12,1,2,1.000000
1724168412306399300,1,450.72,553.16,298.75,44.95,1,2,1.000000
1724168412367847600,1,449.72,552.18,299.74,49.10,1,2,1.000000
1724168412430179600,1,452.29,550.13,297.59,53.53,1,2,1.000000
1724168412501703400,1,448.32,549.25,299.28,54.08,1,2,1.000000
1724168412559995900,1,448.91,547.48,301.91,56.23,1,2,1.000000
1724168412621039300,1,446.96,547.69,302.18,55.00,1,2,1.000000
1724168412687713000,1,445.15,546.12,308.51,57.83,1,2,1.000000
1724168412751258300,1,444.85,546.43,310.23,55.89,1,2,1.000000
1724168412815699800,1,447.73,546.09,302.59,57.35,1,2,1.000000
1724168412885067300,1,445.38,546.51,310.61,54.81,1,2,1.000000
1724168412955088600,1,441.90,546.68,312.02,55.56,1,2,1.000000
1724168413016054100,1,447.81,545.80,305.31,55.50,1,2,1.000000
1724168413074716400,1,447.37,546.05,304.15,54.62,1,2,1.000000
1724168413133163900,1,447.05,547.01,308.07,52.75,1,2,1.000000
1724168413202853600,1,445.42,542.81,311.14,57.38,1,2,1.000000
1724168413269230700,1,441.06,543.82,316.01,56.54,1,2,1.000000
1724168413325731700,1,445.79,543.30,309.94,58.68,1,2,1.000000
1724168413400300900,1,444.13,541.21,312.57,60.74,1,2,1.000000
1724168413460786900,1,446.60,543.01,309.70,57.96,1,2,1.000000