1724166879526834500,1,512.70,585.57,220.42,52.97,1,2,1.000000
1724166879590238800,1,512.56,589.03,217.71,48.34,1,2,1.000000
1724166879655045300,1,511.60,592.32,209.36,44.88,1,2,1.000000
1724166879723100100,1,510.48,595.81,204.63,40.78,1,2,1.000000
1724166879789213000,1,508.06,596.38,208.93,39.82,1,2,1.000000
1724166879850803700,1,507.43,598.64,208.43,37.01,1,2,1.000000
1724166879920598100,1,503.96,598.72,206.09,37.04,1,2,1.000000
1724166879970507300,1,501.61,597.83,205.81,40.04,1,2,1.000000
1724166880033781300,1,502.62,598.88,199.62,39.18,1,2,1.000000
1724166880102776800,1,499.69,599.21,201.08,38.32,1,2,1.000000
1724166880164874000,1,493.11,598.40,206.56,39.60,1,2,1.000000
1724166880228170200,1,493.42,597.77,205.49,40.61,1,2,1.000000
1724166880295112600,1,494.18,598.88,203.11,39.66,1,2,1.000000
1724166880365484900,1,491.26,598.19,206.22,39.44,1,2,1.000000
1724166880419279700,1,493.06,598.39,204.37,39.61,1,2,1.000000
1724166880491887200,1,491.43,598.65,202.32,39.63,1,2,1.000000
1724166880554600700,1,487.30,597.24,207.31,41.23,1,2,1.000000
1724166880623117800,1,484.11,597.03,209.45,40.44,1,2,1.000000
1724166880677092700,1,482.39,595.39,209.73,43.94,1,2,1.000000
1724166880747561700,1,480.70,594.84,211.64,44.46,1,2,1.000000
1724166880805073000,1,481.67,594.27,210.19,44.65,1,2,1.000000
1724166880871875300,1,476.20,592.80,216.94,46.54,1,2,1.000000
1724166880954225500,1,483.85,594.82,208.49,45.41,1,2,1.000000
1724166880954225500,2,649.57,630.47,29.18,13.38,1,1,1.000000
1724166881018102300,1,479.13,593.60,212.95,45.77,1,2,1.000000
1724166881018102300,2,648.61,631.39,31.26,13.14,1,1,1.000000
1724166881060273900,1,476.81,593.23,218.39,44.74,1,2,1.000000
1724166881060273900,2,643.87,630.42,29.81,16.50,1,1,1.000000
1724166881123498200,1,478.07,593.19,215.89,45.57,1,2,1.000000
1724166881123498200,2,644.16,629.53,31.08,17.25,1,1,1.000000
1724166881190381200,1,477.55,593.12,215.90,45.80,1,2,1.000000
1724166881190381200,2,643.15,629.48,31.91,17.27,1,1,1.000000
1724166881264815100,1,480.37,593.81,213.45,44.01,1,2,1.000000
1724166881264815100,2,641.29,628.95,37.36,18.11,1,1,1.000000
1724166881317158800,1,483.57,594.69,211.67,43.39,1,2,1.000000
1724166881317158800,2,637.40,627.38,41.23,20.47,1,1,1.000000
1724166881391387800,1,483.97,593.26,213.26,43.87,1,2,1.000000
1724166881391387800,2,641.18,628.73,38.88,18.19,1,1,1.000000
1724166881445194300,1,482.30,593.29,214.80,44.78,1,2,1.000000
1724166881445194300,2,633.83,626.10,44.80,22.38,1,1,1.000000
1724166881510252900,1,478.81,592.75,219.18,44.66,1,2,1.000000
1724166881510252900,2,634.55,627.15,44.91,22.36,1,1,1.000000
1724166881576053800,1,484.19,595.04,210.86,42.72,1,2,1.000000
1724166881576053800,2,615.74,622.75,62.13,27.02,1,1,1.000000
1724166881637090100,1,482.90,594.06,215.45,42.20,1,2,1.000000
1724166881637090100,2,622.05,623.69,56.06,24.78,1,1,1.000000
1724166881720308300,1,482.80,594.28,212.95,42.31,1,2,1.000000
1724166881720308300,2,599.12,621.79,76.41,27.93,1,1,1.000000
1724166881768768100,1,483.08,592.34,215.28,43.35,1,2,1.000000
1724166881768768100,2,627.44,623.62,55.87,25.07,1,1,1.000000
1724166881831841600,1,481.76,592.62,218.68,42.01,1,2,1.000000
1724166881831841600,2,618.20,621.65,62.16,26.71,1,1,1.000000
1724166881891607800,1,485.78,593.08,214.00,41.25,1,2,1.000000
1724166881891607800,2,620.13,622.78,61.40,25.78,1,1,1.000000
1724166881965287900,1,482.80,592.24,217.31,42.06,1,2,1.000000
1724166881965287900,2,618.24,622.86,62.59,25.32,1,1,1.000000
1724166882023170700,1,480.49,591.47,220.78,42.23,1,2,1.000000
1724166882023170700,2,621.44,621.93,56.91,26.86,1,1,1.000000
1724166882083413800,1,482.89,592.24,217.73,42.05,1,2,1.000000
1724166882083413800,2,620.52,621.90,58.55,25.92,1,1,1.000000
1724166882156716400,1,483.70,592.18,218.87,42.37,1,2,1.000000
1724166882156716400,2,610.19,620.65,70.54,29.54,1,1,1.000000
1724166882221558900,1,479.28,591.61,216.70,41.71,1,2,1.000000
1724166882221558900,2,599.47,620.53,77.25,27.72,1,1,1.000000
1724166882278810700,1,481.11,591.24,219.40,41.04,1,2,1.000000
1724166882278810700,2,610.20,621.34,67.47,25.64,1,1,1.000000
1724166882349743300,1,479.60,591.26,220.62,41.74,1,2,1.000000
1724166882349743300,2,599.30,620.79,77.66,26.75,1,1,1.000000
1724166882405781500,1,477.60,590.31,223.01,42.13,1,2,1.000000
1724166882405781500,2,615.23,622.72,64.82,25.81,1,1,1.000000
1724166882475813000,1,477.94,590.05,220.08,42.54,1,2,1.000000
1724166882475813000,2,600.06,621.04,79.84,27.14,1,1,1.000000
1724166882533474300,1,477.71,589.80,220.97,43.09,1,2,1.000000
1724166882533474300,2,599.87,620.31,78.40,29.14,1,1,1.000000
1724166882597289900,1,478.69,589.52,221.02,43.66,1,2,1.000000
1724166882597289900,2,600.27,620.06,72.62,30.50,1,1,1.000000
1724166882669243100,1,480.52,590.45,217.91,42.28,1,2,1.000000
1724166882669243100,2,598.59,619.71,69.68,30.48,1,1,1.000000
1724166882725725400,1,477.00,590.30,223.29,42.04,1,2,1.000000
1724166882725725400,2,599.19,619.22,70.95,30.50,1,1,1.000000
1724166882796128700,1,475.84,589.10,223.91,44.17,1,2,1.000000
1724166882796128700,2,597.37,619.22,77.40,31.93,1,1,1.000000
1724166882865147500,1,482.02,589.77,218.60,42.99,1,2,1.000000
1724166882865147500,2,597.62,619.96,79.11,30.50,1,1,1.000000
1724166882919706000,1,476.79,589.57,222.46,43.14,1,2,1.000000
1724166882919706000,2,602.91,619.99,71.59,30.20,1,1,1.000000
1724166882979340700,1,477.32,588.97,221.23,44.31,1,2,1.000000
1724166882979340700,2,607.36,621.72,66.75,27.88,1,1,1.000000
1724166883053951000,1,472.90,588.57,227.70,44.94,1,2,1.000000
1724166883053951000,2,598.06,620.36,78.82,29.39,1,1,1.000000
1724166883113044200,1,475.92,587.03,222.49,47.05,1,2,1.000000
1724166883113044200,2,603.51,621.30,73.09,28.48,1,1,1.000000
1724166883178800300,1,477.20,588.17,219.44,45.07,1,2,1.000000
1724166883178800300,2,599.60,620.91,67.29,29.95,1,1,1.000000
1724166883239080200,1,472.87,586.45,225.62,47.34,1,2,1.000000
1724166883239080200,2,598.93,620.44,71.14,30.95,1,1,1.000000
1724166883308056800,1,469.01,585.42,230.43,48.66,1,2,1.000000
1724166883308056800,2,598.83,620.72,72.80,31.62,1,1,1.000000
1724166883362249800,1,470.47,585.17,227.75,49.30,1,2,1.000000
1724166883362249800,2,598.26,620.44,70.22,31.88,1,1,1.000000
1724166883432760800,1,473.03,586.01,222.46,48.55,1,2,1.000000
1724166883432760800,2,595.74,620.49,73.59,31.21,1,1,1.000000
1724166883492180000,1,469.82,585.03,228.77,50.44,1,2,1.000000
1724166883492180000,2,598.27,621.11,70.62,31.19,1,1,1.000000
1724166883563560100,1,475.47,588.39,222.92,44.79,1,2,1.000000
1724166883563560100,2,592.79,619.99,75.99,31.69,1,1,1.000000
1724166883624975500,1,479.32,588.95,216.49,44.35,1,2,1.000000
1724166883624975500,2,586.15,618.91,81.50,33.67,1,1,1.000000
1724166883687702000,1,477.20,589.83,220.58,42.76,1,2,1.000000
1724166883687702000,2,586.84,619.60,80.83,32.13,1,1,1.000000
1724166883750153000,1,476.00,589.54,222.22,43.45,1,2,1.000000
1724166883750153000,2,583.29,618.43,74.11,34.39,1,1,1.000000
1724166883830441100,1,481.40,592.78,221.51,39.47,1,2,1.000000
1724166883830441100,2,580.84,619.13,64.48,32.35,1,1,1.000000
1724166883882490100,1,486.98,593.36,215.72,39.22,1,2,1.000000
1724166883882490100,2,568.14,617.38,77.24,34.83,1,1,1.000000
1724166883945915300,1,490.02,594.70,210.16,37.71,1,2,1.000000
1724166883945915300,2,559.89,617.32,83.96,37.67,1,1,1.000000
1724166884024368800,1,493.31,594.74,211.89,37.30,1,2,1.000000
1724166884024368800,2,557.28,616.66,84.55,38.64,1,1,1.000000
1724166884073715500,1,492.75,594.64,212.85,38.89,1,2,1.000000
1724166884073715500,2,559.63,617.26,78.07,35.91,1,1,1.000000
1724166884140855600,1,494.98,594.87,215.26,37.35,1,2,1.000000
1724166884140855600,2,558.04,615.39,87.44,40.31,1,1,1.000000
1724166884140855600,6,662.18,629.55,20.54,11.94,1,1,1.000000
1724166884222825700,1,495.84,594.56,219.80,37.52,1,2,1.000000
1724166884222825700,2,556.75,616.76,83.75,36.38,1,1,1.000000
1724166884222825700,6,659.95,629.64,22.42,13.17,1,1,1.000000
1724166884284994100,1,495.68,594.25,220.47,37.25,1,2,1.000000
1724166884284994100,2,554.85,619.48,72.20,34.56,1,1,1.000000
1724166884284994100,6,659.94,629.33,22.36,13.23,1,1,1.000000
1724166884332416700,1,498.18,594.45,217.26,36.98,1,2,1.000000
1724166884332416700,2,553.90,622.23,62.09,31.97,1,1,1.000000
1724166884332416700,6,655.49,629.72,27.28,15.66,1,1,1.000000
1724166884393460100,1,499.33,593.57,219.63,36.68,1,2,1.000000
1724166884393460100,2,548.45,622.50,61.36,32.11,1,1,1.000000
1724166884393460100,6,653.82,629.32,27.02,16.31,1,1,1.000000
1724166884456723900,1,499.55,593.68,220.24,36.25,1,2,1.000000
1724166884456723900,2,545.71,623.99,62.96,31.47,1,1,1.000000
1724166884456723900,6,656.38,628.52,25.53,14.66,1,1,1.000000
1724166884515601400,1,497.66,593.38,219.24,36.64,1,2,1.000000
1724166884515601400,2,541.62,623.39,64.39,31.66,1,1,1.000000
1724166884515601400,6,654.07,626.14,31.87,16.99,1,1,1.000000
1724166884580440500,1,500.54,592.92,218.02,37.78,1,2,1.000000
1724166884580440500,2,540.21,624.38,64.72,31.11,1,1,1.000000
1724166884580440500,6,654.04,628.45,27.18,15.91,1,1,1.000000
1724166884647657300,1,499.52,593.72,220.22,37.50,1,2,1.000000
1724166884647657300,2,538.95,625.13,64.47,30.39,1,1,1.000000
1724166884647657300,6,654.38,629.77,24.00,14.14,1,1,1.000000
1724166884710738600,1,499.66,593.69,217.76,37.60,1,2,1.000000
1724166884710738600,2,541.60,622.62,73.35,35.51,1,1,1.000000
1724166884710738600,6,656.21,629.44,21.63,13.90,1,1,1.000000
1724166884772983900,1,495.20,593.69,218.25,37.86,1,2,1.000000
1724166884772983900,2,541.98,623.31,73.90,35.96,1,1,1.000000
1724166884772983900,6,660.15,630.30,19.23,14.67,1,1,1.000000
1724166884848899400,1,499.77,594.28,213.24,37.42,1,2,1.000000
1724166884848899400,2,534.94,624.86,74.29,29.97,1,1,1.000000
1724166884848899400,6,661.60,633.50,13.83,12.46,1,1,1.000000
1724166884904183200,1,493.37,594.10,216.31,38.37,1,2,1.000000
1724166884904183200,2,536.11,625.14,68.45,28.43,1,1,1.000000
1724166884976788200,1,494.06,593.37,210.47,40.11,1,2,1.000000
1724166884976788200,2,534.03,624.81,68.42,28.51,1,1,1.000000
1724166885036638700,1,488.29,594.19,215.19,40.89,1,2,1.000000
1724166885036638700,2,536.66,624.91,65.42,25.53,1,1,1.000000
1724166885133711700,1,487.07,594.27,215.09,40.07,1,2,1.000000
1724166885133711700,2,538.48,624.45,64.36,25.02,1,1,1.000000
1724166885159825000,1,482.56,594.33,218.58,39.58,1,2,1.000000
1724166885159825000,2,534.98,623.38,67.26,27.63,1,1,1.000000
1724166885224501500,1,481.01,592.76,219.75,42.02,1,2,1.000000
1724166885224501500,2,517.80,621.13,86.52,31.92,1,1,1.000000
1724166885284547400,1,480.27,592.95,219.76,41.28,1,2,1.000000
1724166885352533200,1,475.27,590.05,226.67,44.63,1,2,1.000000
1724166885352533200,2,519.04,619.62,79.08,29.37,1,1,1.000000
1724166885416509200,1,477.53,590.24,223.99,44.77,1,2,1.000000
1724166885416509200,2,519.39,617.99,81.07,31.43,1,1,1.000000
1724166885480934500,1,477.84,590.38,222.50,44.67,1,2,1.000000
1724166885480934500,2,523.45,618.45,71.43,30.47,1,1,1.000000
1724166885545383900,1,474.02,589.61,225.87,45.65,1,2,1.000000
1724166885545383900,2,522.75,617.00,72.49,31.43,1,1,1.000000
1724166885604034400,1,474.69,588.76,221.50,47.06,1,2,1.000000
1724166885604034400,2,523.07,617.44,69.12,30.52,1,1,1.000000
1724166885669140800,1,473.77,585.95,224.96,50.35,1,2,1.000000
1724166885669140800,2,523.00,616.49,68.22,31.08,1,1,1.000000
1724166885737132300,1,466.72,583.08,232.81,53.23,1,2,1.000000
1724166885737132300,2,521.38,615.58,70.90,30.61,1,1,1.000000
1724166885812482300,1,465.91,582.80,234.36,52.58,1,2,1.000000
1724166885812482300,2,523.46,615.66,63.33,27.83,1,1,1.000000
1724166885868681400,1,465.68,582.10,233.97,53.40,1,2,1.000000
1724166885868681400,2,523.07,614.76,77.00,29.18,1,1,1.000000
1724166885868681400,12,529.96,633.26,18.63,14.02,1,1,1.000000
1724166885930078600,1,466.64,581.87,234.04,53.63,1,2,1.000000
1724166885930078600,2,523.37,613.26,72.06,26.29,1,1,1.000000
1724166885930078600,12,531.58,632.85,22.85,14.11,1,1,1.000000
1724166885995525000,1,466.96,582.32,235.93,51.54,1,2,1.000000
1724166885995525000,2,518.73,613.10,70.44,24.93,1,1,1.000000
1724166885995525000,12,534.10,633.85,23.43,14.63,1,1,1.000000
1724166886054259200,1,463.73,581.52,238.36,52.44,1,2,1.000000
1724166886054259200,2,520.68,613.35,79.82,26.16,1,1,1.000000
1724166886054259200,12,542.19,637.23,20.52,12.42,1,1,1.000000
1724166886119172100,1,456.63,576.96,247.01,56.69,1,2,1.000000
1724166886119172100,2,518.09,612.76,75.79,26.42,1,1,1.000000
1724166886119172100,12,538.85,639.40,18.19,12.85,1,1,1.000000
1724166886179289000,1,450.73,572.43,253.14,59.18,1,2,1.000000
1724166886179289000,2,515.54,611.75,62.50,23.96,1,1,1.000000
1724166886261284000,1,453.73,572.85,253.53,56.70,1,2,1.000000
1724166886261284000,2,514.95,612.02,63.87,22.81,1,1,1.000000
1724166886319204500,1,451.40,571.73,255.15,58.50,1,2,1.000000
1724166886319204500,2,515.93,609.62,61.81,25.02,1,1,1.000000
1724166886370554400,1,451.20,569.69,254.73,59.36,1,2,1.000000
1724166886370554400,2,515.54,609.67,61.78,24.07,1,1,1.000000
1724166886440042300,1,450.61,569.75,257.71,57.35,1,2,1.000000
1724166886440042300,2,510.36,606.60,62.96,25.57,1,1,1.000000
1724166886501837600,1,453.72,570.47,262.67,56.96,1,2,1.000000
1724166886501837600,2,513.96,607.11,70.54,26.00,1,1,1.000000
1724166886568693200,1,459.14,573.17,252.21,52.50,1,2,1.000000
1724166886568693200,2,503.09,606.64,75.57,27.75,1,1,1.000000
1724166886632839000,1,456.60,569.40,255.92,55.20,1,2,1.000000
1724166886632839000,2,502.51,607.43,72.07,23.66,1,1,1.000000
1724166886692264300,1,455.29,570.68,258.51,51.79,1,2,1.000000
1724166886692264300,2,501.57,608.48,57.41,19.49,1,1,1.000000
1724166886755413200,1,454.82,569.32,263.94,52.52,1,2,1.000000
1724166886755413200,2,498.59,608.04,58.62,19.68,1,1,1.000000
1724166886826477900,1,456.03,571.11,262.19,49.20,1,2,1.000000
1724166886826477900,2,498.36,606.55,59.10,23.20,1,1,1.000000
1724166886887138000,1,457.40,571.75,257.64,49.74,1,2,1.000000
1724166886887138000,2,498.57,606.68,52.54,19.49,1,1,1.000000
1724166886951238900,1,455.73,571.02,264.45,49.18,1,2,1.000000
1724166886951238900,2,498.85,607.64,53.67,19.72,1,1,1.000000
1724166887020439200,1,458.15,571.37,257.12,49.69,1,2,1.000000
1724166887020439200,2,499.01,607.65,45.39,17.63,1,1,1.000000
1724166887073388600,1,463.04,574.65,253.05,45.25,1,2,1.000000
1724166887073388600,2,502.89,608.67,40.79,19.91,1,1,1.000000
1724166887149220700,1,462.15,574.51,259.99,44.91,1,2,1.000000
1724166887149220700,2,502.38,609.04,42.27,20.76,1,1,1.000000
1724166887203446200,1,461.61,572.61,264.46,46.96,1,2,1.000000
1724166887203446200,2,501.29,607.32,41.29,24.29,1,1,1.000000
1724166887269720400,1,463.46,574.68,262.09,45.17,1,2,1.000000
1724166887269720400,2,506.16,610.71,37.61,19.31,1,1,1.000000
1724166887332366300,2,509.36,612.41,32.12,17.83,1,1,1.000000
1724166887414093200,1,464.78,576.34,251.01,44.31,1,2,1.000000
1724166887414093200,2,503.59,614.95,30.53,17.90,1,1,1.000000
1724166887459707200,1,465.80,577.34,252.94,43.69,1,2,1.000000
1724166887459707200,2,506.42,614.27,32.33,17.05,1,1,1.000000
1724166887525256700,1,468.17,578.37,252.18,42.88,1,2,1.000000
1724166887525256700,2,508.41,617.81,23.47,14.22,1,1,1.000000
1724166887588995300,1,470.01,579.08,248.66,42.49,1,2,1.000000
1724166887588995300,2,507.28,617.71,25.16,14.94,1,1,1.000000
1724166887650963300,1,469.84,579.78,247.25,41.81,1,2,1.000000
1724166887650963300,2,507.43,617.47,22.62,14.77,1,1,1.000000
1724166887726997800,1,472.93,580.89,241.66,41.52,1,2,1.000000
1724166887726997800,2,509.91,619.16,15.79,13.03,1,1,1.000000
1724166887778178000,1,473.51,582.11,238.94,41.73,1,2,1.000000
1724166887778178000,2,509.85,619.33,15.24,12.59,1,1,1.000000
1724166887851955700,1,478.58,583.17,234.46,41.15,1,2,1.000000
1724166887851955700,2,508.62,619.34,18.52,13.91,1,1,1.000000
1724166887910166500,1,475.89,583.37,236.21,41.36,1,2,1.000000
1724166887910166500,2,511.61,621.22,15.69,12.26,1,1,1.000000
1724166887975433200,1,475.21,584.56,231.91,40.86,1,2,1.000000
1724166888034164600,1,478.74,584.31,229.35,42.40,1,2,1.000000
1724166888034164600,2,509.35,618.65,14.41,12.58,1,1,1.000000
1724166888111728000,1,477.74,585.54,232.36,42.03,1,2,1.000000
1724166888166680800,1,476.52,585.58,235.47,42.61,1,2,1.000000
1724166888166680800,2,508.99,616.51,17.90,15.95,1,1,1.000000
1724166888228975300,1,480.06,585.84,228.26,42.83,1,2,1.000000
1724166888296061300,1,483.26,586.73,226.02,43.00,1,2,1.000000
1724166888490899600,1,480.75,587.36,226.87,42.09,1,2,1.000000
1724166888516759500,1,481.03,587.56,226.89,42.44,1,2,1.000000
1724166888577702500,1,480.32,588.61,227.63,41.23,1,2,1.000000
1724166888630166200,1,481.99,588.62,220.11,42.76,1,2,1.000000
1724166888678072600,1,485.00,590.84,219.72,39.87,1,2,1.000000
1724166888717840900,1,483.37,590.69,220.48,40.75,1,2,1.000000
1724166888781143000,1,481.99,591.65,221.66,40.05,1,2,1.000000
1724166888825541700,1,483.94,591.99,219.65,39.85,1,2,1.000000
1724166888871851300,1,490.19,593.63,208.46,39.39,1,2,1.000000
1724166888992333300,1,484.00,593.45,219.34,39.56,1,2,1.000000
1724166889060820900,1,487.79,594.45,216.67,40.12,1,2,1.000000
1724166889112491500,1,490.08,595.54,214.74,38.91,1,2,1.000000
1724166889170746300,1,489.18,595.66,213.99,39.95,1,2,1.000000
1724166889331996800,1,491.51,596.10,211.72,39.46,1,2,1.000000
1724166889358063700,1,493.86,597.45,207.40,38.36,1,2,1.000000
1724166889428309600,1,494.68,598.35,205.05,38.77,1,2,1.000000
1724166889467504700,1,498.46,598.21,199.03,38.68,1,2,1.000000
1724166889513409800,1,500.61,598.93,198.00,39.99,1,2,1.000000
1724166889560658600,1,501.62,599.54,199.23,39.16,1,2,1.000000
1724166889607457200,1,499.19,600.26,199.00,39.73,1,2,1.000000
1724166889668019600,1,505.39,602.20,190.66,39.93,1,2,1.000000
1724166889711600300,1,503.62,602.19,193.89,39.96,1,2,1.000000
1724166889772998300,1,501.36,602.65,194.08,39.87,1,2,1.000000
1724166889832796200,1,503.53,603.65,191.13,38.93,1,2,1.000000
1724166889894936200,1,501.29,605.07,193.78,38.08,1,2,1.000000
1724166889956900300,1,503.39,604.93,189.95,39.02,1,2,1.000000
1724166890032432700,1,505.21,605.91,187.58,38.21,1,2,1.000000
1724166890090443700,1,504.13,607.91,186.51,36.36,1,2,1.000000
1724166890151749500,1,502.93,607.30,188.29,37.97,1,2,1.000000
1724166890210480300,1,503.32,607.42,187.23,37.40,1,2,1.000000
1724166890276361300,1,505.03,607.66,185.59,37.45,1,2,1.000000
1724166890343395800,1,506.02,609.36,172.56,35.08,1,2,1.000000
1724166890401466500,1,502.09,606.94,185.68,38.99,1,2,1.000000
1724166890473205400,1,502.36,607.50,185.84,37.07,1,2,1.000000
1724166890532251800,1,504.35,606.97,186.29,39.13,1,2,1.000000
1724166890594827500,1,504.58,607.83,183.05,37.44,1,2,1.000000
1724166890669900500,1,504.18,607.15,186.40,38.08,1,2,1.000000
1724166890723198800,1,504.01,606.88,188.57,38.65,1,2,1.000000
1724166890799027600,1,505.61,606.82,183.24,39.21,1,2,1.000000
1724166890857143000,1,504.06,606.51,188.61,38.51,1,2,1.000000
1724166890918811600,1,502.83,606.21,191.41,38.88,1,2,1.000000
1724166890983572200,1,502.16,605.31,190.49,39.57,1,2,1.000000
1724166891064840700,1,503.90,605.21,189.73,39.94,1,2,1.000000
1724166891108236100,1,507.98,606.71,181.20,37.94,1,2,1.000000
1724166891183417200,1,503.52,605.46,187.09,39.78,1,2,1.000000
1724166891239304800,1,507.10,606.43,179.99,37.08,1,2,1.000000
1724166891310474900,1,504.93,605.24,193.16,38.75,1,2,1.000000
1724166891368061300,1,504.99,605.43,186.45,38.54,1,2,1.000000
1724166891449734700,1,502.64,606.38,190.45,37.62,1,2,1.000000
1724166891503209800,1,505.34,605.36,189.28,38.68,1,2,1.000000
1724166891558015500,1,500.58,604.71,192.94,39.32,1,2,1.000000
1724166891623794300,1,505.11,605.20,189.33,38.37,1,2,1.000000
1724166891683921700,1,506.79,605.95,184.17,36.77,1,2,1.000000
1724166891756028400,1,505.47,606.30,183.94,37.29,1,2,1.000000
1724166891816953500,1,502.06,604.56,190.10,39.61,1,2,1.000000
1724166891878800200,1,502.91,605.34,189.70,38.40,1,2,1.000000
1724166891951811900,1,505.57,606.05,184.75,37.31,1,2,1.000000
1724166892009875000,1,503.96,605.46,190.62,37.42,1,2,1.000000
1724166892070885600,1,502.75,604.65,192.41,38.86,1,2,1.000000
1724166892130504000,1,505.55,605.20,188.40,38.09,1,2,1.000000
1724166892198269800,1,503.60,604.63,190.10,38.81,1,2,1.000000
1724166892262952300,1,501.99,605.07,191.70,39.18,1,2,1.000000
1724166892327348900,1,501.29,605.37,194.12,38.05,1,2,1.000000
1724166892398433400,1,502.27,604.80,191.08,38.45,1,2,1.000000
1724166892472811600,1,503.51,604.25,190.23,39.40,1,2,1.000000
1724166892513101300,1,502.44,604.63,190.97,38.84,1,2,1.000000
1724166892587228000,1,503.48,603.96,190.37,37.94,1,2,1.000000
1724166892673367100,1,504.87,603.52,190.05,38.59,1,2,1.000000
1724166892730365800,1,500.46,602.52,195.65,39.52,1,2,1.000000
1724166892818635100,1,501.53,602.88,194.20,38.96,1,2,1.000000
1724166892850651700,1,499.99,602.33,195.16,39.41,1,2,1.000000
1724166892915984600,1,501.36,600.59,196.36,39.14,1,2,1.000000
1724166892972398700,1,502.41,600.69,197.87,38.26,1,2,1.000000
1724166893030138000,1,498.45,600.82,198.15,37.93,1,2,1.000000
1724166893091596900,1,500.76,600.89,196.52,38.11,1,2,1.000000
1724166893163437300,1,500.36,600.46,198.58,38.76,1,2,1.000000
1724166893227483300,1,498.59,600.59,200.86,37.90,1,2,1.000000
1724166893284960900,1,500.09,600.44,199.78,38.91,1,2,1.000000
1724166893346824000,1,504.97,600.13,196.94,39.64,1,2,1.000000
1724166893412734900,1,507.16,600.54,195.96,38.51,1,2,1.000000
1724166893475395300,1,503.73,600.42,198.99,38.04,1,2,1.000000
1724166893541182500,1,504.55,600.19,197.44,38.56,1,2,1.000000
1724166893607806200,1,501.26,600.59,199.12,38.65,1,2,1.000000
1724166893670819400,1,500.87,600.25,199.40,39.26,1,2,1.000000
1724166893739673000,1,501.68,600.37,203.25,39.70,1,2,1.000000
1724166893806533500,1,504.57,600.75,197.55,38.79,1,2,1.000000
1724166893859723200,1,507.41,600.97,195.86,38.54,1,2,1.000000
1724166893931090200,1,506.15,601.35,197.06,37.58,1,2,1.000000
1724166893987895500,1,500.28,600.88,203.20,39.11,1,2,1.000000
1724166894053646800,1,499.55,601.96,199.42,39.50,1,2,1.000000
1724166894175489100,1,503.83,602.45,194.80,38.80,1,2,1.000000
1724166894238931600,1,505.17,602.16,197.94,39.12,1,2,1.000000
1724166894294304200,1,503.36,602.14,200.09,39.51,1,2,1.000000
1724166894350869100,1,503.85,602.57,198.84,38.94,1,2,1.000000
1724166894382478000,1,506.11,602.03,196.00,38.89,1,2,1.000000
1724166894460390300,1,503.86,601.98,201.87,39.48,1,2,1.000000
1724166894505699700,1,503.11,601.59,204.21,39.52,1,2,1.000000
1724166894567732600,1,504.60,600.94,201.00,38.71,1,2,1.000000
1724166894631878100,1,504.48,601.29,203.24,38.06,1,2,1.000000
1724166894698155600,1,504.16,600.00,203.67,39.47,1,2,1.000000
1724166894765028300,1,502.19,600.92,201.52,38.12,1,2,1.000000
1724166894831527900,1,501.60,600.20,205.22,38.97,1,2,1.000000
1724166894886362300,1,501.58,600.54,204.19,37.81,1,2,1.000000
1724166894947717500,1,502.16,600.07,206.92,37.57,1,2,1.000000
1724166895016591100,1,502.38,599.39,209.55,37.55,1,2,1.000000
1724166895076607600,1,499.03,599.36,214.42,37.87,1,2,1.000000
1724166895144287900,1,502.17,600.00,205.77,37.46,1,2,1.000000
1724166895203921200,1,501.44,600.14,202.62,36.90,1,2,1.000000
1724166895274361700,1,503.51,599.79,200.34,37.18,1,2,1.000000
1724166895343706200,1,502.87,599.25,202.08,37.29,1,2,1.000000
1724166895404767700,1,503.72,598.39,205.24,37.84,1,2,1.000000
1724166895470275400,1,503.31,598.65,205.62,37.87,1,2,1.000000
1724166895525414000,1,502.07,598.56,204.57,37.70,1,2,1.000000
1724166895590868800,1,500.91,597.73,209.02,37.87,1,2,1.000000
1724166895665721800,1,504.42,597.99,205.89,37.78,1,2,1.000000
1724166895720910300,1,502.90,599.21,200.03,36.56,1,2,1.000000
1724166895784498300,1,501.14,598.85,205.87,38.08,1,2,1.000000
1724166895852977300,1,501.46,598.20,204.51,38.53,1,2,1.000000
1724166895911529700,1,493.05,597.34,214.09,39.64,1,2,1.000000
1724166895978183800,1,491.67,597.24,214.67,40.55,1,2,1.000000
1724166896041076000,1,491.58,596.59,213.29,40.52,1,2,1.000000
1724166896105339100,1,493.60,596.13,212.58,41.12,1,2,1.000000
1724166896170583400,1,490.92,596.56,213.34,41.60,1,2,1.000000
1724166896237348000,1,492.96,596.06,212.06,41.67,1,2,1.000000
1724166896296425300,1,492.38,595.37,213.41,42.22,1,2,1.000000
1724166896365774800,1,493.85,596.01,211.75,41.49,1,2,1.000000
1724166896426177800,1,496.01,597.92,205.74,39.11,1,2,1.000000
1724166896495378300,1,496.07,597.53,209.01,39.96,1,2,1.000000
1724166896551035900,1,496.79,597.84,206.88,40.05,1,2,1.000000
1724166896618644100,1,497.84,597.85,202.86,39.06,1,2,1.000000
1724166896680114900,1,497.42,597.30,204.39,40.27,1,2,1.000000
1724166896745969400,1,499.35,597.38,204.85,40.00,1,2,1.000000
1724166896811781900,1,494.46,597.13,206.75,39.98,1,2,1.000000
1724166896873371400,1,494.87,596.68,207.21,39.90,1,2,1.000000
1724166896934843700,1,495.03,596.12,205.12,39.37,1,2,1.000000
1724166896997335900,1,494.90,596.86,208.33,39.46,1,2,1.000000
1724166897061639800,1,497.31,596.72,208.26,39.41,1,2,1.000000
1724166897124956400,1,495.34,595.91,209.10,40.52,1,2,1.000000
1724166897205954800,1,497.48,595.82,207.25,39.83,1,2,1.000000
1724166897251928300,1,494.09,594.98,209.60,39.48,1,2,1.000000
1724166897329156700,1,496.33,593.58,210.60,41.25,1,2,1.000000
1724166897384544900,1,495.15,594.40,211.04,39.60,1,2,1.000000
1724166897452021800,1,494.30,594.01,213.45,39.82,1,2,1.000000
1724166897506553100,1,489.76,592.84,217.06,40.54,1,2,1.000000
1724166897571629200,1,490.60,589.82,221.86,41.94,1,2,1.000000
1724166897643511500,1,489.42,590.55,219.43,40.83,1,2,1.000000
1724166897699520000,1,489.11,589.13,225.45,42.06,1,2,1.000000
1724166897764866900,1,488.93,588.80,222.85,41.23,1,2,1.000000
1724166897838107100,1,488.32,588.49,225.20,40.08,1,2,1.000000
1724166897906809200,1,487.73,586.55,228.91,41.74,1,2,1.000000
1724166897972603100,1,487.45,586.64,226.68,41.19,1,2,1.000000
1724166898033045500,1,489.65,586.01,225.55,40.91,1,2,1.000000
1724166898083048500,1,489.10,584.16,228.25,41.99,1,2,1.000000
1724166898152079000,1,484.91,584.15,230.06,41.59,1,2,1.000000
1724166898217970500,1,488.09,583.95,228.20,40.72,1,2,1.000000
1724166898285033600,1,487.21,583.10,227.25,42.43,1,2,1.000000
1724166898345666400,1,483.75,582.67,233.51,41.69,1,2,1.000000
1724166898408546600,1,484.17,582.23,236.76,40.42,1,2,1.000000
1724166898478962600,1,486.59,581.44,231.68,41.25,1,2,1.000000
1724166898543176700,1,482.71,581.39,238.94,41.25,1,2,1.000000
1724166898606496800,1,479.94,579.81,242.23,40.44,1,2,1.000000
1724166898661352700,1,482.74,578.45,233.60,42.92,1,2,1.000000
1724166898731424000,1,479.66,579.67,244.70,41.33,1,2,1.000000
1724166898793545500,1,482.31,578.37,243.03,40.29,1,2,1.000000
1724166898854658500,1,482.30,577.07,245.87,41.61,1,2,1.000000
1724166898916382600,1,479.26,575.14,248.07,42.71,1,2,1.000000
1724166898980946500,1,481.73,573.45,244.96,43.41,1,2,1.000000
1724166899046582400,1,480.24,571.71,248.75,45.08,1,2,1.000000
1724166899176265700,1,478.20,570.34,254.48,44.58,1,2,1.000000
1724166899210500200,1,479.31,568.72,253.41,46.15,1,2,1.000000
1724166899257407400,1,477.62,568.50,256.69,45.12,1,2,1.000000
1724166899312495900,1,473.29,567.43,260.98,45.44,1,2,1.000000
1724166899369152500,1,474.45,566.92,259.95,44.42,1,2,1.000000
1724166899434324100,1,470.62,566.86,265.19,43.77,1,2,1.000000
1724166899495721000,1,474.10,565.69,267.81,43.07,1,2,1.000000
1724166899563236200,1,468.36,563.80,275.38,43.70,1,2,1.000000
1724166899622631400,1,469.87,562.85,275.47,43.84,1,2,1.000000
1724166899684570700,1,469.24,563.20,277.62,42.26,1,2,1.000000
1724166899754674700,1,467.90,561.04,280.78,44.53,1,2,1.000000
1724166899810999800,1,469.29,559.38,281.03,45.27,1,2,1.000000
1724166899878886200,1,467.90,557.89,283.46,45.95,1,2,1.000000
1724166899959522300,1,471.25,557.77,283.78,46.47,1,2,1.000000
1724166900008720800,1,466.32,557.23,290.22,44.68,1,2,1.000000
1724166900067946500,1,466.26,558.41,285.70,43.73,1,2,1.000000
1724166900132576000,1,465.89,555.50,291.57,44.72,1,2,1.000000
1724166900209981600,1,465.61,556.07,292.50,44.04,1,2,1.000000
1724166900263911400,1,466.74,555.19,293.58,44.77,1,2,1.000000
1724166900324741300,1,464.17,555.71,289.20,44.63,1,2,1.000000
1724166900437768900,1,466.37,555.37,292.09,44.17,1,2,1.000000
1724166900475177300,1,467.34,554.54,289.79,45.08,1,2,1.000000
1724166900533371000,1,460.69,555.21,295.03,44.84,1,2,1.000000
1724166900581693000,1,460.40,554.87,294.64,44.68,1,2,1.000000
1724166900647423300,1,461.58,554.52,291.21,44.57,1,2,1.000000
1724166900713197000,1,456.24,554.69,300.26,43.51,1,2,1.000000
1724166900784090400,1,455.50,555.38,294.07,42.62,1,2,1.000000
1724166900844576700,1,458.74,555.39,298.33,42.33,1,2,1.000000
1724166900915283800,1,454.23,554.29,302.38,42.86,1,2,1.000000
1724166900966121300,1,455.32,553.89,302.31,42.56,1,2,1.000000
1724166901037623200,1,456.01,554.96,294.82,41.78,1,2,1.000000
1724166901142659100,1,454.12,553.39,301.57,42.86,1,2,1.000000
1724166901179172200,1,453.76,553.17,303.41,42.39,1,2,1.000000
1724166901236500300,1,454.20,552.81,299.63,44.10,1,2,1.000000
1724166901236500300,29,487.96,599.07,25.05,17.47,1,1,1.000000
1724166901290356700,1,451.12,552.06,303.34,43.71,1,2,1.000000
1724166901290356700,29,487.14,597.97,26.37,18.28,1,1,1.000000
1724166901352288100,1,446.72,551.26,309.04,43.59,1,2,1.000000
1724166901352288100,29,490.72,595.79,26.95,19.70,1,1,1.000000
1724166901414871800,1,445.76,550.95,308.17,43.00,1,2,1.000000
1724166901414871800,29,488.07,592.07,36.67,21.21,1,1,1.000000
1724166901485202300,1,442.22,549.77,315.03,43.69,1,2,1.000000
1724166901485202300,29,490.01,591.46,38.22,22.61,1,1,1.000000
1724166901560257300,1,445.38,549.27,311.63,44.23,1,2,1.000000
1724166901560257300,29,495.53,590.82,34.00,22.81,1,1,1.000000
1724166901609949700,1,442.27,549.32,315.26,43.46,1,2,1.000000
1724166901609949700,29,491.24,590.29,38.45,25.85,1,1,1.000000
1724166901668323400,1,442.34,547.91,311.75,44.65,1,2,1.000000
1724166901668323400,29,493.52,589.53,36.23,28.16,1,1,1.000000
1724166901733630800,1,440.14,547.01,317.97,44.74,1,2,1.000000
1724166901733630800,29,497.79,587.50,41.03,29.65,1,1,1.000000
1724166901804114600,1,441.18,545.09,316.95,46.50,1,2,1.000000
1724166901804114600,29,499.95,588.85,41.15,23.12,1,1,1.000000
1724166901867578400,1,437.12,545.40,320.50,45.39,1,2,1.000000
1724166901867578400,29,506.16,587.90,44.19,18.27,1,1,1.000000
1724166901921411100,1,439.31,545.22,316.06,45.88,1,2,1.000000
1724166901921411100,29,514.51,588.50,41.38,13.25,1,1,1.000000
1724166901995837400,1,439.75,545.24,316.36,45.56,1,2,1.000000
1724166902057388800,1,439.08,545.70,315.67,44.51,1,2,1.000000
1724166902139752300,1,440.28,544.74,316.87,45.42,1,2,1.000000
1724166902139752300,31,533.98,594.24,18.02,13.22,1,1,1.000000
1724166902183005300,1,437.01,544.79,321.07,46.40,1,2,1.000000
1724166902245348900,1,433.30,543.68,325.85,47.90,1,2,1.000000
1724166902312177300,1,433.76,545.13,326.79,47.10,1,2,1.000000
1724166902377022600,1,431.42,543.72,328.76,48.08,1,2,1.000000
1724166902437254500,1,433.48,544.39,327.15,47.69,1,2,1.000000
1724166902519354100,1,431.67,541.96,327.44,50.07,1,2,1.000000
1724166902569357500,1,436.63,545.01,322.95,47.19,1,2,1.000000
1724166902644400700,1,436.29,546.89,321.88,45.51,1,2,1.000000
1724166902708295000,1,435.42,543.48,323.25,48.94,1,2,1.000000
1724166902763245500,1,433.82,545.25,323.94,46.89,1,2,1.000000
1724166902831396100,1,435.80,543.37,323.01,49.22,1,2,1.000000
1724166902886169900,1,437.90,545.36,320.46,46.52,1,2,1.000000
1724166902949915700,1,440.43,546.68,314.83,45.93,1,2,1.000000
1724166903013349400,1,444.87,548.30,311.79,44.60,1,2,1.000000
1724166903082227600,1,442.94,545.56,312.64,47.58,1,2,1.000000
1724166903148769700,1,444.37,546.47,312.77,45.73,1,2,1.000000
1724166903206256700,1,436.54,547.22,323.82,44.63,1,2,1.000000
1724166903277190100,1,440.49,546.34,317.85,45.70,1,2,1.000000
1724166903277190100,33,464.05,582.36,17.84,13.14,1,1,1.000000
1724166903345522700,1,441.24,546.45,318.41,45.74,1,2,1.000000
1724166903345522700,33,467.15,582.32,18.19,14.55,1,1,1.000000
1724166903401857100,1,443.11,546.39,319.42,45.30,1,2,1.000000
1724166903466260800,1,449.52,545.73,310.61,46.71,1,2,1.000000
1724166903466260800,34,496.69,598.39,39.72,26.99,1,1,1.000000
1724166903529708300,1,442.94,545.69,315.68,45.70,1,2,1.000000
1724166903529708300,34,497.50,605.95,25.30,19.19,1,1,1.000000
1724166903588685500,1,440.73,545.89,317.92,46.02,1,2,1.000000
1724166903588685500,34,496.19,599.49,40.20,27.71,1,1,1.000000
1724166903660060100,1,440.02,543.39,322.99,48.57,1,2,1.000000
1724166903660060100,34,497.48,599.70,42.29,28.14,1,1,1.000000
1724166903725983000,1,443.43,543.99,320.12,47.51,1,2,1.000000
1724166903725983000,34,497.92,599.61,44.28,29.26,1,1,1.000000
1724166903780982700,1,453.80,544.19,311.83,47.37,1,2,1.000000
1724166903780982700,34,498.60,600.54,49.62,30.87,1,1,1.000000
1724166903856740500,1,446.88,544.46,317.90,48.62,1,2,1.000000
1724166903856740500,34,499.83,600.04,73.42,30.84,1,1,1.000000
1724166903909033300,1,445.95,544.34,319.79,47.62,1,2,1.000000
1724166903909033300,34,502.06,599.20,70.47,33.16,1,1,1.000000
1724166903974921100,1,449.47,542.43,318.22,49.46,1,2,1.000000
1724166903974921100,34,502.59,597.30,71.18,35.23,1,1,1.000000
1724166904041959700,1,447.85,542.61,319.97,48.98,1,2,1.000000
1724166904041959700,34,511.82,593.43,88.33,39.47,1,1,1.000000
1724166904101330700,1,451.73,541.98,314.24,50.04,1,2,1.000000
1724166904101330700,34,511.15,593.04,88.29,41.83,1,1,1.000000
1724166904175061000,1,446.11,541.89,322.81,50.26,1,2,1.000000
1724166904175061000,34,514.17,592.89,86.95,43.44,1,1,1.000000
1724166904240843500,1,449.19,542.48,318.35,49.58,1,2,1.000000
1724166904240843500,34,519.22,593.62,82.54,37.90,1,1,1.000000
1724166904299990400,1,451.36,543.76,314.90,48.43,1,2,1.000000
1724166904299990400,34,534.32,593.53,76.85,32.47,1,1,1.000000
1724166904355648300,1,450.99,542.26,320.63,50.92,1,2,1.000000
1724166904355648300,34,520.37,591.30,112.45,37.83,1,1,1.000000
1724166904419201400,1,447.38,542.24,326.34,51.13,1,2,1.000000
1724166904419201400,34,543.58,589.67,89.14,36.82,1,1,1.000000
1724166904484298300,1,443.71,540.69,328.98,52.28,1,2,1.000000
1724166904484298300,34,548.73,590.21,90.42,36.90,1,1,1.000000
1724166904572610400,1,443.14,542.19,330.69,51.68,1,2,1.000000
1724166904572610400,34,561.25,589.34,98.12,40.30,1,1,1.000000
1724166904649171100,1,445.47,546.06,320.95,46.64,1,2,1.000000
1724166904649171100,34,579.93,589.72,82.11,37.62,1,1,1.000000
1724166904692645900,1,442.16,546.55,314.50,46.75,1,2,1.000000
1724166904692645900,34,593.79,592.57,84.24,36.32,1,1,1.000000
1724166904747862200,1,433.45,544.75,319.34,47.83,1,2,1.000000
1724166904747862200,34,599.32,594.08,89.35,39.46,1,1,1.000000
1724166904816297400,1,429.18,542.84,323.15,49.06,1,2,1.000000
1724166904816297400,34,605.55,596.01,89.20,37.32,1,1,1.000000
1724166904892184400,1,425.76,542.30,324.73,49.37,1,2,1.000000
1724166904892184400,34,614.51,598.32,84.18,34.52,1,1,1.000000
1724166904942208200,1,429.55,541.43,322.88,49.73,1,2,1.000000
1724166904942208200,34,622.57,599.53,76.80,34.63,1,1,1.000000
1724166905038491300,1,425.96,540.04,323.79,50.69,1,2,1.000000
1724166905038491300,34,650.40,602.63,49.48,27.61,1,1,1.000000
1724166905086858000,1,428.67,539.18,320.47,50.86,1,2,1.000000
1724166905086858000,34,658.89,600.66,42.91,30.23,1,1,1.000000
1724166905130659800,1,423.15,539.64,327.82,49.67,1,2,1.000000
1724166905130659800,34,661.97,598.98,42.13,29.56,1,1,1.000000
1724166905196463000,1,428.58,539.66,324.22,49.85,1,2,1.000000
1724166905196463000,34,663.57,599.25,39.36,27.14,1,1,1.000000
1724166905250414400,1,428.04,539.87,327.58,48.69,1,2,1.000000
1724166905250414400,34,667.02,600.59,38.45,24.06,1,1,1.000000
1724166905326940700,1,426.56,538.93,332.35,49.28,1,2,1.000000
1724166905326940700,34,667.80,598.30,38.68,24.49,1,1,1.000000
1724166905387892600,1,428.51,536.17,330.61,53.80,1,2,1.000000
1724166905576848400,1,430.96,537.59,329.49,50.80,1,2,1.000000
1724166905604283500,1,451.64,539.10,308.26,48.75,1,2,1.000000
1724166905604283500,36,694.35,600.57,17.78,15.68,1,1,1.000000
1724166905656939300,1,449.31,539.78,315.14,47.42,1,2,1.000000
1724166905724738200,1,442.21,538.38,324.64,50.01,1,2,1.000000
1724166905764088100,1,441.71,537.93,320.89,50.40,1,2,1.000000
1724166905810781900,1,443.76,538.29,313.18,49.68,1,2,1.000000
1724166905854516800,1,444.41,539.56,319.12,49.29,1,2,1.000000
1724166905911803700,1,441.37,538.42,332.10,51.40,1,2,1.000000
1724166905961750900,1,442.74,541.01,324.17,49.30,1,2,1.000000
1724166906035731200,1,443.58,540.90,323.78,49.58,1,2,1.000000
1724166906084904900,1,449.49,543.66,302.40,48.71,1,2,1.000000
1724166906157193900,1,449.96,544.96,298.00,51.58,1,2,1.000000
1724166906211929800,1,447.98,544.69,319.45,47.83,1,2,1.000000
1724166906211929800,38,721.17,572.92,24.09,16.36,1,1,1.000000
1724166906417698100,1,449.31,544.43,320.47,49.23,1,2,1.000000
1724166906417698100,38,717.81,574.66,27.25,16.90,1,1,1.000000
1724166906443165100,1,452.75,546.85,317.90,45.53,1,2,1.000000
1724166906443165100,38,715.11,575.93,28.77,16.59,1,1,1.000000
1724166906501486300,1,453.18,548.85,308.54,43.71,1,2,1.000000
1724166906501486300,38,714.36,577.02,28.53,16.67,1,1,1.000000
1724166906559108400,1,452.26,549.41,314.09,43.80,1,2,1.000000
1724166906559108400,38,711.49,579.43,24.67,15.12,1,1,1.000000
1724166906607451200,1,454.98,550.81,306.22,43.33,1,2,1.000000
1724166906607451200,38,713.47,580.19,21.66,15.81,1,1,1.000000
1724166906649867800,1,457.18,550.91,307.23,44.56,1,2,1.000000
1724166906649867800,38,707.20,581.50,28.78,15.59,1,1,1.000000
1724166906708808200,1,454.69,552.00,308.43,43.96,1,2,1.000000
1724166906708808200,38,706.08,581.21,30.06,18.28,1,1,1.000000
1724166906756630900,1,457.43,553.63,297.87,43.71,1,2,1.000000
1724166906756630900,38,700.72,580.58,32.12,18.62,1,1,1.000000
1724166906798419800,1,459.07,553.20,300.35,43.34,1,2,1.000000
1724166906798419800,38,703.74,583.05,28.11,19.09,1,1,1.000000
1724166906866454900,1,460.43,554.25,297.82,43.34,1,2,1.000000
1724166906866454900,38,699.64,581.52,32.38,15.88,1,1,1.000000
1724166906920675300,1,460.30,553.62,296.11,45.34,1,2,1.000000
1724166906920675300,38,701.64,583.84,31.61,16.92,1,1,1.000000
1724166906979784800,1,457.33,553.21,300.45,44.39,1,2,1.000000
1724166906979784800,36,686.14,604.10,20.18,14.23,1,1,1.000000
1724166906979784800,38,705.48,584.12,30.85,16.49,1,1,1.000000
1724166907045591500,1,454.70,553.21,299.42,44.89,1,2,1.000000
1724166907045591500,38,714.83,588.03,15.48,10.96,1,1,1.000000
1724166907114105300,1,458.91,553.94,293.34,44.55,1,2,1.000000
1724166907114105300,38,702.42,586.80,30.89,15.23,1,1,1.000000
1724166907192152700,1,456.67,553.51,297.11,44.75,1,2,1.000000
1724166907192152700,38,697.00,586.26,33.58,17.13,1,1,1.000000
1724166907241107900,1,458.27,554.57,281.59,44.68,1,2,1.000000
1724166907241107900,38,695.25,588.13,27.61,17.62,1,1,1.000000
1724166907298833600,1,456.43,554.14,285.80,45.49,1,2,1.000000
1724166907298833600,38,695.11,586.28,33.09,19.38,1,1,1.000000
1724166907365516300,1,455.73,553.43,295.63,47.10,1,2,1.000000
1724166907365516300,38,691.63,585.94,36.60,21.77,1,1,1.000000
1724166907429442900,1,464.61,553.50,284.40,46.23,1,2,1.000000
1724166907429442900,38,691.43,585.07,36.77,21.54,1,1,1.000000
1724166907501559600,1,463.34,551.83,290.29,48.07,1,2,1.000000
1724166907501559600,38,685.17,584.51,43.31,22.05,1,1,1.000000
1724166907556844000,1,463.34,552.35,292.61,48.43,1,2,1.000000
1724166907556844000,38,683.49,585.36,46.42,20.37,1,1,1.000000
1724166907621569000,1,463.00,553.49,293.79,46.61,1,2,1.000000
1724166907621569000,38,683.94,586.24,45.46,22.13,1,1,1.000000
1724166907688684800,1,462.19,552.73,294.60,47.87,1,2,1.000000
1724166907688684800,38,682.13,586.60,48.98,25.01,1,1,1.000000
1724166907751139200,1,474.27,555.05,283.57,44.66,1,2,1.000000
1724166907751139200,38,681.81,588.66,47.69,17.77,1,1,1.000000
1724166907813765500,1,464.44,555.90,292.32,44.07,1,2,1.000000
1724166907813765500,38,675.44,588.42,36.89,19.90,1,1,1.000000
1724166907880011700,1,465.98,555.28,289.94,46.73,1,2,1.000000
1724166907880011700,38,677.43,588.89,52.20,20.17,1,1,1.000000
1724166907947159800,1,464.09,556.61,290.52,44.92,1,2,1.000000
1724166907947159800,38,670.45,589.90,34.61,17.95,1,1,1.000000
1724166908001996600,1,462.01,556.35,294.42,46.05,1,2,1.000000
1724166908001996600,38,668.90,588.38,47.34,19.84,1,1,1.000000
1724166908067459900,1,461.89,557.69,295.16,45.09,1,2,1.000000
1724166908067459900,38,668.55,588.68,52.15,20.32,1,1,1.000000
1724166908141376900,1,467.43,557.28,287.17,45.16,1,2,1.000000
1724166908141376900,38,667.14,590.43,35.78,17.87,1,1,1.000000
1724166908212690500,1,465.38,558.33,290.43,44.69,1,2,1.000000
1724166908212690500,38,666.27,592.84,53.11,16.83,1,1,1.000000
1724166908260445100,1,465.33,558.54,288.60,46.48,1,2,1.000000
1724166908260445100,38,666.32,590.99,46.98,18.71,1,1,1.000000
1724166908323267800,1,465.36,559.86,286.96,45.79,1,2,1.000000
1724166908323267800,38,666.23,591.34,41.59,18.31,1,1,1.000000
1724166908390381900,1,465.76,560.29,284.76,45.49,1,2,1.000000
1724166908390381900,38,666.74,592.14,33.99,15.13,1,1,1.000000
1724166908459753900,1,467.13,560.83,285.19,44.62,1,2,1.000000
1724166908459753900,38,668.74,592.45,39.05,16.67,1,1,1.000000
1724166908516586000,1,466.34,561.48,283.14,43.63,1,2,1.000000
1724166908582679000,1,467.77,562.08,281.16,44.93,1,2,1.000000
1724166908660896900,1,466.46,562.62,276.94,44.74,1,2,1.000000
1724166908715928600,1,466.55,564.00,278.49,41.69,1,2,1.000000
1724166908774431100,1,464.65,562.83,282.62,44.68,1,2,1.000000
1724166908841711600,1,467.59,562.91,276.68,45.37,1,2,1.000000
1724166908910418400,1,465.57,562.63,277.21,43.95,1,2,1.000000
1724166908976946000,1,461.66,561.24,280.33,46.47,1,2,1.000000
1724166909038184200,1,462.89,561.55,279.74,44.92,1,2,1.000000
1724166909099125600,1,465.60,562.55,275.26,44.35,1,2,1.000000
1724166909157092000,1,462.85,560.99,278.48,46.64,1,2,1.000000
1724166909220475600,1,464.58,560.50,277.25,44.31,1,2,1.000000
1724166909297968700,1,461.44,559.68,283.82,46.16,1,2,1.000000
1724166909354894400,1,463.85,558.19,281.54,44.90,1,2,1.000000
1724166909421709900,1,459.70,557.86,287.71,44.16,1,2,1.000000
1724166909477270500,1,460.38,556.52,289.77,45.05,1,2,1.000000
1724166909555673100,1,458.47,554.79,290.26,45.80,1,2,1.000000
1724166909611797800,1,457.54,554.84,294.60,44.57,1,2,1.000000
1724166909674058700,1,454.65,554.44,302.32,43.87,1,2,1.000000
1724166909740940900,1,458.02,553.64,294.20,43.80,1,2,1.000000
1724166909807516300,1,455.81,552.43,300.03,44.99,1,2,1.000000
1724166909860834400,1,455.55,551.06,303.40,46.46,1,2,1.000000
1724166909924082300,1,457.52,549.48,305.35,48.15,1,2,1.000000
1724166909992646700,1,454.61,550.30,311.00,45.82,1,2,1.000000
1724166910054846600,1,455.86,549.48,310.04,47.97,1,2,1.000000
1724166910117682900,1,453.48,550.38,314.78,47.43,1,2,1.000000
1724166910182376600,1,458.05,550.97,306.05,46.70,1,2,1.000000
1724166910250293200,1,455.23,551.13,308.69,46.40,1,2,1.000000
1724166910315155700,1,456.19,551.28,306.39,47.55,1,2,1.000000
1724166910371490600,1,455.50,551.90,309.36,46.61,1,2,1.000000
1724166910442192400,1,458.80,553.69,289.63,44.55,1,2,1.000000
1724166910505160100,1,458.25,553.56,303.57,44.68,1,2,1.000000
1724166910572751600,1,458.86,554.01,300.53,45.15,1,2,1.000000
1724166910572751600,48,691.73,599.28,20.73,13.64,1,1,1.000000
1724166910631485900,1,460.20,555.62,294.55,44.20,1,2,1.000000
1724166910696787300,1,456.85,555.70,297.27,43.80,1,2,1.000000
1724166910760332800,1,459.71,556.79,294.44,42.96,1,2,1.000000
1724166910823155000,1,457.59,557.19,295.88,42.99,1,2,1.000000
1724166910886463800,1,456.66,556.48,296.30,45.27,1,2,1.000000
1724166910946883700,1,451.66,555.85,299.53,45.45,1,2,1.000000
1724166911021407800,1,451.31,555.89,297.86,45.51,1,2,1.000000
1724166911075080700,1,453.22,554.75,297.13,47.45,1,2,1.000000
1724166911147068400,1,454.64,557.12,294.84,44.57,1,2,1.000000
1724166911205016500,1,454.13,555.78,294.48,46.85,1,2,1.000000
1724166911273047800,1,454.31,555.39,300.22,45.62,1,2,1.000000
1724166911338412700,1,453.86,556.02,292.67,45.84,1,2,1.000000
1724166911535624700,1,456.00,556.28,292.27,44.61,1,2,1.000000
1724166911561465900,1,456.40,557.03,293.84,44.39,1,2,1.000000
1724166911619278700,1,455.35,555.73,292.14,46.35,1,2,1.000000
1724166911665318400,1,453.84,555.71,295.22,44.54,1,2,1.000000
1724166911722462900,1,454.88,556.71,294.95,43.96,1,2,1.000000
1724166911768031600,1,453.74,557.22,297.41,44.12,1,2,1.000000
1724166911811830200,1,455.24,557.40,294.42,43.97,1,2,1.000000
1724166911865048400,1,460.55,556.90,288.46,43.02,1,2,1.000000
1724166911920338500,1,456.25,557.52,292.80,43.17,1,2,1.000000
1724166911972191000,1,454.76,557.08,299.48,44.99,1,2,1.000000
1724166912041035800,1,457.22,557.15,294.51,45.11,1,2,1.000000
1724166912100588100,1,458.66,558.02,294.23,44.22,1,2,1.000000
1724166912167416900,1,458.39,557.44,297.53,43.86,1,2,1.000000
1724166912234129600,1,457.46,557.48,298.00,43.94,1,2,1.000000
1724166912234129600,48,690.04,597.32,30.21,18.63,1,1,1.000000
1724166912300413200,1,459.24,557.19,295.57,44.08,1,2,1.000000
1724166912300413200,48,692.59,598.70,26.82,19.16,1,1,1.000000
1724166912300413200,52,624.02,601.07,19.07,11.60,1,1,1.000000
1724166912365742800,1,456.93,557.80,298.26,45.00,1,2,1.000000
1724166912365742800,48,690.38,598.52,29.13,17.74,1,1,1.000000
1724166912365742800,52,623.92,600.94,25.08,14.11,1,1,1.000000
1724166912424434000,1,459.77,557.47,299.05,44.69,1,2,1.000000
1724166912424434000,48,698.59,597.23,20.68,14.94,1,1,1.000000
1724166912424434000,52,633.34,602.74,15.52,9.82,1,1,1.000000
1724166912532183900,1,460.73,557.23,286.95,46.10,1,2,1.000000
1724166912532183900,48,699.73,598.23,16.60,14.52,1,1,1.000000
1724166912532183900,52,625.05,600.57,28.74,14.78,1,1,1.000000
1724166912582291800,1,459.79,559.64,280.05,43.89,1,2,1.000000
1724166912582291800,48,700.38,601.08,14.10,12.24,1,1,1.000000
1724166912582291800,52,623.53,600.11,34.89,14.48,1,1,1.000000
1724166912627714500,1,457.77,559.87,291.24,43.52,1,2,1.000000
1724166912627714500,52,621.49,600.59,37.69,15.26,1,1,1.000000
1724166912686483600,1,459.58,558.69,290.39,44.45,1,2,1.000000
1724166912686483600,48,690.28,599.48,22.09,17.12,1,1,1.000000
1724166912686483600,52,619.82,600.77,33.90,15.95,1,1,1.000000
1724166912754918500,1,459.67,558.53,291.15,43.85,1,2,1.000000
1724166912754918500,48,690.03,598.89,24.09,17.81,1,1,1.000000
1724166912754918500,52,622.38,603.36,22.93,13.25,1,1,1.000000
1724166912813696400,1,461.17,558.64,288.28,43.62,1,2,1.000000
1724166912813696400,48,686.37,599.30,27.87,18.07,1,1,1.000000
1724166912813696400,52,620.69,607.75,16.80,11.46,1,1,1.000000
1724166912874150600,1,458.41,558.27,291.52,43.20,1,2,1.000000
1724166912874150600,48,663.20,597.80,50.31,22.24,1,1,1.000000
1724166912874150600,52,617.95,607.55,21.13,12.60,1,1,1.000000
1724166912930772000,1,462.52,558.06,281.87,44.38,1,2,1.000000
1724166912930772000,48,666.63,595.60,46.69,24.52,1,1,1.000000
1724166912930772000,52,620.52,606.43,26.07,14.49,1,1,1.000000
1724166912999276500,1,460.90,558.22,289.68,44.25,1,2,1.000000
1724166912999276500,48,683.03,601.99,29.76,18.51,1,1,1.000000
1724166912999276500,52,616.40,606.46,24.39,14.95,1,1,1.000000
1724166913076422300,1,462.65,559.85,282.44,42.13,1,2,1.000000
1724166913076422300,48,681.29,601.66,31.00,19.39,1,1,1.000000
1724166913076422300,52,612.03,607.00,29.77,15.34,1,1,1.000000
1724166913127327600,1,460.09,558.76,289.64,43.47,1,2,1.000000
1724166913127327600,48,679.82,604.18,32.71,20.34,1,1,1.000000
1724166913127327600,52,611.51,605.54,31.85,17.65,1,1,1.000000
1724166913194754000,1,460.10,558.22,290.07,45.44,1,2,1.000000
1724166913194754000,48,682.69,606.21,20.28,16.86,1,1,1.000000
1724166913194754000,52,612.82,607.92,27.39,15.17,1,1,1.000000
1724166913259583000,1,457.10,560.22,278.47,42.71,1,2,1.000000
1724166913259583000,48,682.03,605.98,22.49,19.50,1,1,1.000000
1724166913259583000,52,610.25,608.49,29.59,18.53,1,1,1.000000
1724166913317324600,1,460.34,558.47,291.02,43.50,1,2,1.000000
1724166913317324600,48,676.90,604.46,31.55,20.12,1,1,1.000000
1724166913392253600,1,463.25,558.39,292.14,43.39,1,2,1.000000
1724166913392253600,48,688.47,605.34,22.14,16.40,1,1,1.000000
1724166913446034600,1,464.66,557.87,283.48,44.20,1,2,1.000000
1724166913446034600,48,681.28,604.07,27.03,19.25,1,1,1.000000
1724166913446034600,58,599.14,619.64,22.83,14.23,1,1,1.000000
1724166913508111600,1,462.24,558.46,286.98,44.89,1,2,1.000000
1724166913508111600,58,596.15,618.31,27.37,17.05,1,1,1.000000
1724166913583898400,1,460.31,557.79,290.71,47.32,1,2,1.000000
1724166913583898400,58,593.97,617.36,32.14,19.25,1,1,1.000000
1724166913583898400,59,695.23,601.31,14.98,14.08,1,1,1.000000
1724166913640462800,1,462.56,557.61,289.16,47.15,1,2,1.000000
1724166913640462800,58,592.25,616.55,37.28,21.27,1,1,1.000000
1724166913640462800,59,700.04,600.81,13.43,12.79,1,1,1.000000
1724166913697516500,1,460.29,557.07,296.23,49.49,1,2,1.000000
1724166913697516500,58,581.95,614.45,47.47,27.62,1,1,1.000000
1724166913767742600,1,459.36,557.22,293.78,49.81,1,2,1.000000
1724166913767742600,58,578.03,616.24,52.54,28.35,1,1,1.000000
1724166913767742600,59,699.98,599.20,13.83,14.26,1,1,1.000000
1724166913828338900,1,465.55,558.00,280.24,47.83,1,2,1.000000
1724166913828338900,58,564.17,614.31,66.53,33.94,1,1,1.000000
1724166913894009000,1,464.46,558.54,285.75,46.39,1,2,1.000000
1724166913894009000,58,567.47,612.01,75.70,39.03,1,1,1.000000
1724166913961845200,1,462.68,557.93,288.21,45.29,1,2,1.000000
1724166913961845200,58,565.71,616.28,66.56,33.08,1,1,1.000000
1724166914023427500,1,460.85,557.94,291.94,48.70,1,2,1.000000
1724166914023427500,58,562.75,622.33,56.96,28.33,1,1,1.000000
1724166914081737900,1,461.74,558.06,290.06,48.15,1,2,1.000000
1724166914081737900,58,565.08,624.31,50.80,24.92,1,1,1.000000
1724166914168223000,1,461.94,558.35,291.78,48.72,1,2,1.000000
1724166914168223000,58,567.28,625.42,51.61,25.42,1,1,1.000000
1724166914211816200,1,463.46,557.75,288.43,50.36,1,2,1.000000
1724166914211816200,58,568.15,626.84,52.22,24.56,1,1,1.000000
1724166914275092600,1,460.73,557.82,289.52,50.00,1,2,1.000000
1724166914275092600,58,564.03,626.16,59.27,24.03,1,1,1.000000
1724166914343104300,1,461.75,557.29,289.22,51.30,1,2,1.000000
1724166914343104300,58,559.56,625.35,80.54,29.20,1,1,1.000000
1724166914413896000,1,463.00,556.98,293.52,51.66,1,2,1.000000
1724166914413896000,58,555.86,626.62,65.99,24.23,1,1,1.000000
1724166914469829100,1,465.48,557.11,284.50,52.34,1,2,1.000000
1724166914469829100,58,551.04,625.37,87.58,32.20,1,1,1.000000
1724166914539448600,1,464.66,557.54,288.24,50.60,1,2,1.000000
1724166914539448600,58,548.66,627.37,64.36,22.12,1,1,1.000000
1724166914598038900,1,463.65,557.06,289.82,52.93,1,2,1.000000
1724166914598038900,58,546.32,628.09,61.58,21.05,1,1,1.000000
1724166914674456500,1,466.00,558.13,288.45,50.19,1,2,1.000000
1724166914674456500,58,542.90,628.91,64.26,19.69,1,1,1.000000
1724166914738870200,1,462.41,557.18,288.06,51.61,1,2,1.000000
1724166914738870200,58,543.17,627.60,61.08,20.86,1,1,1.000000
1724166914791107200,1,467.70,556.10,281.68,52.84,1,2,1.000000
1724166914791107200,58,535.96,628.40,67.65,20.27,1,1,1.000000
1724166914855041900,1,467.22,557.31,285.37,51.39,1,2,1.000000
1724166914855041900,58,532.09,627.32,70.00,21.48,1,1,1.000000
1724166914916329900,1,474.75,557.95,277.54,50.35,1,2,1.000000
1724166914916329900,58,531.26,627.84,69.03,21.30,1,1,1.000000
1724166914978386700,1,467.84,556.31,284.35,52.87,1,2,1.000000
1724166914978386700,58,531.39,628.01,70.46,20.59,1,1,1.000000
1724166915048663700,1,464.88,556.44,287.99,53.59,1,2,1.000000
1724166915048663700,58,534.03,629.46,66.99,18.43,1,1,1.000000
1724166915112653500,1,464.69,557.18,292.01,51.52,1,2,1.000000
1724166915112653500,58,526.33,628.82,65.94,19.60,1,1,1.000000
1724166915192826900,1,465.14,556.84,285.38,51.89,1,2,1.000000
1724166915192826900,58,525.13,629.75,66.22,17.81,1,1,1.000000
1724166915247035100,1,464.79,557.49,287.98,51.82,1,2,1.000000
1724166915247035100,58,541.91,630.32,48.29,15.73,1,1,1.000000
1724166915298988000,1,462.01,558.09,286.41,50.20,1,2,1.000000
1724166915298988000,58,529.90,630.47,54.54,16.90,1,1,1.000000
1724166915383548600,1,463.60,558.27,288.47,47.78,1,2,1.000000
1724166915383548600,58,527.61,630.34,50.10,17.98,1,1,1.000000
1724166915439578200,1,478.58,558.08,272.61,45.21,1,2,1.000000
1724166915439578200,58,527.70,629.48,33.12,18.35,1,1,1.000000
1724166915501701100,1,465.15,557.21,287.13,45.35,1,2,1.000000
1724166915501701100,58,527.84,630.13,32.70,17.75,1,1,1.000000
1724166915560966100,1,464.39,557.72,286.81,46.30,1,2,1.000000
1724166915560966100,58,528.46,629.95,32.83,17.72,1,1,1.000000
1724166915632824400,1,463.48,557.19,287.62,46.96,1,2,1.000000
1724166915632824400,58,527.51,630.70,33.56,17.19,1,1,1.000000
1724166915689430300,1,463.21,557.42,289.30,45.95,1,2,1.000000
1724166915689430300,58,527.56,630.00,36.34,18.11,1,1,1.000000
1724166915748771400,1,465.08,557.42,289.60,45.67,1,2,1.000000
1724166915748771400,58,528.45,629.98,39.44,18.49,1,1,1.000000
1724166915812272000,1,464.25,557.38,286.25,45.27,1,2,1.000000
1724166915812272000,58,528.37,632.67,37.05,16.53,1,1,1.000000
1724166915882585500,1,460.95,555.89,295.10,45.74,1,2,1.000000
1724166915882585500,58,527.21,632.00,21.97,14.88,1,1,1.000000
1724166915945712400,1,463.54,555.39,290.13,46.53,1,2,1.000000
1724166915945712400,58,526.78,632.03,21.62,14.69,1,1,1.000000
1724166916002632900,1,468.95,555.83,282.55,45.52,1,2,1.000000
1724166916069307100,1,466.83,555.51,293.11,46.01,1,2,1.000000
1724166916069307100,58,527.70,628.36,27.31,19.48,1,1,1.000000
1724166916137624500,1,464.68,554.35,291.51,47.01,1,2,1.000000
1724166916137624500,58,527.29,627.93,26.92,19.86,1,1,1.000000
1724166916199759600,1,469.35,553.78,287.59,46.87,1,2,1.000000
1724166916266985100,1,468.36,552.31,292.84,48.77,1,2,1.000000
1724166916324220000,1,469.20,551.98,289.57,50.37,1,2,1.000000
1724166916398258700,1,469.20,550.61,296.50,51.75,1,2,1.000000
1724166916456929000,1,467.43,550.46,296.32,51.16,1,2,1.000000
1724166916518845200,1,469.19,550.41,294.56,52.31,1,2,1.000000
1724166916580205700,1,466.12,550.51,297.76,52.28,1,2,1.000000
1724166916654637200,1,470.49,550.65,295.03,52.25,1,2,1.000000
1724166916709964800,1,470.44,553.99,287.52,48.75,1,2,1.000000
1724166916777216000,1,466.61,554.89,293.29,47.38,1,2,1.000000
1724166916845680700,1,463.38,557.06,295.29,44.73,1,2,1.000000
1724166916900095100,1,461.72,558.11,294.50,42.41,1,2,1.000000
1724166916963802800,1,460.42,559.01,297.45,41.80,1,2,1.000000
1724166917034287300,1,455.27,557.40,291.39,46.98,1,2,1.000000
1724166917101640700,1,455.95,557.72,286.84,47.10,1,2,1.000000
1724166917162326000,1,444.11,556.35,296.78,46.38,1,2,1.000000
1724166917232392300,1,433.98,552.28,303.00,50.39,1,2,1.000000
1724166917289853800,1,436.86,547.97,299.61,54.11,1,2,1.000000
1724166917352154900,1,425.74,543.07,310.46,61.43,1,2,1.000000
1724166917410752800,1,426.18,537.46,308.49,67.57,1,2,1.000000
1724166917477437700,1,410.45,532.59,321.97,73.54,1,2,1.000000
1724166917477437700,64,531.48,624.01,26.94,19.41,1,1,1.000000
1724166917548437000,1,401.13,527.43,332.10,77.88,1,2,1.000000
1724166917548437000,64,533.69,613.05,37.20,27.62,1,1,1.000000
1724166917548437000,65,590.82,610.78,25.43,16.63,1,1,1.000000
1724166917603162500,1,400.44,527.37,332.88,76.05,1,2,1.000000
1724166917603162500,65,588.52,605.76,25.38,21.84,1,1,1.000000
1724166917603162500,66,506.12,612.02,28.44,16.72,1,1,1.000000
1724166917669279800,1,397.78,524.15,338.76,78.80,1,2,1.000000
1724166917669279800,65,587.27,599.93,27.30,28.57,1,1,1.000000
1724166917669279800,66,502.34,606.43,39.53,24.84,1,1,1.000000
1724166917736075000,1,412.10,525.29,325.88,75.62,1,2,1.000000
1724166917736075000,65,586.36,597.09,29.11,29.87,1,1,1.000000
1724166917736075000,66,505.16,613.15,31.95,18.16,1,1,1.000000
1724166917817176300,1,407.05,526.06,333.86,72.81,1,2,1.000000
1724166917817176300,65,589.19,593.88,26.44,33.01,1,1,1.000000
1724166917817176300,66,506.07,615.59,25.21,17.93,1,1,1.000000
1724166917875004400,1,408.16,527.38,335.07,69.54,1,2,1.000000
1724166917875004400,65,588.81,592.82,24.94,32.60,1,1,1.000000
1724166917875004400,66,508.31,613.81,27.16,20.56,1,1,1.000000
1724166917928617400,1,423.29,528.86,324.21,65.43,1,2,1.000000
1724166917989961700,1,422.34,531.10,325.60,61.37,1,2,1.000000
1724166917989961700,65,575.33,588.05,42.10,28.82,1,1,1.000000
1724166917989961700,66,508.59,604.81,48.48,29.59,1,1,1.000000
1724166918061414000,1,424.28,532.89,329.15,58.08,1,2,1.000000
1724166918061414000,65,566.04,586.78,44.29,24.98,1,1,1.000000
1724166918116738800,1,421.70,529.81,332.00,62.73,1,2,1.000000
1724166918116738800,65,566.37,585.01,39.41,24.68,1,1,1.000000
1724166918116738800,66,505.33,603.69,56.25,26.73,1,1,1.000000
1724166918185629300,1,423.59,531.88,337.89,59.18,1,2,1.000000
1724166918185629300,65,552.93,582.74,51.53,25.25,1,1,1.000000
1724166918185629300,66,503.08,608.50,57.45,22.93,1,1,1.000000
1724166918253548700,1,422.57,531.89,342.77,56.88,1,2,1.000000
1724166918253548700,65,552.03,582.35,53.27,24.73,1,1,1.000000
1724166918253548700,66,504.05,605.74,51.99,25.32,1,1,1.000000
1724166918317046700,1,425.47,531.07,337.59,58.94,1,2,1.000000
1724166918317046700,65,547.52,581.15,56.64,25.59,1,1,1.000000
1724166918317046700,66,505.13,607.87,50.33,23.93,1,1,1.000000
1724166918377125200,1,425.88,534.51,340.51,54.17,1,2,1.000000
1724166918377125200,65,543.60,581.72,63.65,28.10,1,1,1.000000
1724166918377125200,66,511.86,607.37,50.67,22.96,1,1,1.000000
1724166918516252100,1,432.02,535.27,336.25,51.78,1,2,1.000000
1724166918516252100,65,537.79,580.58,65.88,28.68,1,1,1.000000
1724166918516252100,66,503.00,608.07,47.36,19.97,1,1,1.000000
1724166918546318400,1,428.97,534.68,337.74,52.52,1,2,1.000000
1724166918546318400,65,535.26,580.54,67.13,29.16,1,1,1.000000
1724166918546318400,66,498.92,607.82,48.81,22.42,1,1,1.000000
1724166918594490500,1,428.16,534.02,352.26,53.58,1,2,1.000000
1724166918594490500,65,536.56,580.77,75.45,29.32,1,1,1.000000
1724166918594490500,66,498.77,606.54,49.53,20.36,1,1,1.000000
1724166918665779500,1,427.98,535.15,345.07,52.06,1,2,1.000000
1724166918665779500,65,539.08,581.08,65.96,28.49,1,1,1.000000
1724166918665779500,66,498.44,605.36,48.05,20.17,1,1,1.000000
1724166918712029900,1,428.16,535.10,341.22,52.96,1,2,1.000000
1724166918712029900,65,532.66,582.80,70.44,26.99,1,1,1.000000
1724166918712029900,66,497.29,604.75,45.89,21.48,1,1,1.000000
1724166918759628200,1,430.51,535.09,337.07,53.42,1,2,1.000000
1724166918759628200,65,530.88,583.03,70.69,25.82,1,1,1.000000
1724166918759628200,66,495.99,603.95,47.94,23.99,1,1,1.000000
1724166918829465800,1,430.33,536.26,336.20,51.95,1,2,1.000000
1724166918829465800,65,536.13,581.20,57.12,28.79,1,1,1.000000
1724166918829465800,66,496.66,602.17,48.71,24.48,1,1,1.000000
1724166918885170400,1,436.07,538.35,323.99,51.35,1,2,1.000000
1724166918885170400,65,533.63,583.11,60.83,28.82,1,1,1.000000
1724166918885170400,66,501.99,607.10,43.32,23.34,1,1,1.000000
1724166918950203100,1,436.33,538.77,335.13,50.77,1,2,1.000000
1724166918950203100,65,536.52,584.96,57.56,30.50,1,1,1.000000
1724166918950203100,66,501.51,609.43,45.52,24.29,1,1,1.000000
1724166919011147900,1,435.21,538.87,333.25,50.90,1,2,1.000000
1724166919011147900,65,535.12,586.42,63.81,29.26,1,1,1.000000
1724166919011147900,66,501.30,610.50,45.24,22.97,1,1,1.000000
1724166919082769300,1,437.55,540.85,331.88,49.24,1,2,1.000000
1724166919082769300,65,540.16,588.22,60.15,28.05,1,1,1.000000
1724166919082769300,66,503.11,612.08,45.49,20.89,1,1,1.000000
1724166919149547000,1,440.16,540.76,326.84,51.20,1,2,1.000000
1724166919149547000,65,537.81,588.92,54.57,27.55,1,1,1.000000
1724166919149547000,66,502.78,612.09,46.28,22.40,1,1,1.000000
1724166919203553900,1,442.88,543.68,319.49,49.20,1,2,1.000000
1724166919203553900,65,541.25,588.76,52.10,31.12,1,1,1.000000
1724166919203553900,66,502.69,612.81,47.76,24.08,1,1,1.000000
1724166919203553900,69,690.92,602.03,20.29,15.82,1,1,1.000000
1724166919270851900,1,437.87,542.60,323.51,50.23,1,2,1.000000
1724166919270851900,65,545.98,588.29,49.65,30.10,1,1,1.000000
1724166919270851900,66,504.20,609.94,48.51,25.74,1,1,1.000000
1724166919332175600,1,438.70,540.72,322.24,51.33,1,2,1.000000
1724166919332175600,65,544.20,588.80,42.98,34.90,1,1,1.000000
1724166919332175600,66,506.57,608.09,43.76,31.03,1,1,1.000000
1724166919407076000,1,449.66,540.50,309.60,51.51,1,2,1.000000
1724166919407076000,65,545.18,593.98,43.27,30.06,1,1,1.000000
1724166919407076000,66,513.21,615.40,33.86,25.37,1,1,1.000000
1724166919469707200,1,437.58,538.96,315.48,53.92,1,2,1.000000
1724166919469707200,65,550.01,599.84,41.01,24.29,1,1,1.000000
1724166919469707200,66,514.21,616.56,36.20,24.31,1,1,1.000000
1724166919469707200,70,502.06,603.89,60.75,24.97,1,1,1.000000
1724166919522961000,1,438.55,537.20,310.70,56.23,1,2,1.000000
1724166919522961000,65,555.03,600.47,43.76,25.78,1,1,1.000000
1724166919522961000,66,514.56,616.17,43.68,26.37,1,1,1.000000
1724166919598399800,1,462.18,536.68,286.34,57.99,1,2,1.000000
1724166919598399800,65,555.50,603.83,46.12,22.40,1,1,1.000000
1724166919598399800,66,518.39,617.22,38.80,24.63,1,1,1.000000
1724166919598399800,70,503.31,599.79,63.73,28.76,1,1,1.000000
1724166919654173100,1,458.61,532.37,285.64,62.92,1,2,1.000000
1724166919654173100,65,563.57,599.65,39.24,23.70,1,1,1.000000
1724166919654173100,66,517.08,613.42,45.45,28.24,1,1,1.000000
1724166919654173100,70,502.44,597.64,70.40,31.76,1,1,1.000000
1724166919720602400,1,418.35,528.01,324.31,69.07,1,2,1.000000
1724166919720602400,65,558.44,600.41,43.15,26.15,1,1,1.000000
1724166919720602400,66,514.64,613.00,42.47,32.85,1,1,1.000000
1724166919720602400,70,501.25,600.67,73.86,28.89,1,1,1.000000
1724166919807577000,1,438.12,527.12,305.25,70.79,1,2,1.000000
1724166919807577000,65,567.66,604.72,33.11,19.95,1,1,1.000000
1724166919807577000,66,515.98,613.25,42.40,31.27,1,1,1.000000
1724166919807577000,70,501.76,600.64,61.33,28.14,1,1,1.000000
1724166919866464500,1,397.47,520.64,345.97,77.93,1,2,1.000000
1724166919866464500,65,563.42,611.22,32.77,13.67,1,1,1.000000
1724166919866464500,66,514.51,614.32,42.36,31.30,1,1,1.000000
1724166919866464500,70,501.64,599.52,63.73,27.22,1,1,1.000000
1724166919930058700,1,400.23,518.08,342.30,80.59,1,2,1.000000
1724166919930058700,65,561.61,609.58,38.81,15.99,1,1,1.000000
1724166919930058700,66,515.31,614.27,42.82,29.72,1,1,1.000000
1724166919930058700,70,500.92,598.43,66.79,27.75,1,1,1.000000
1724166919985795500,1,422.15,516.19,317.02,82.82,1,2,1.000000
1724166919985795500,65,561.05,608.66,42.24,15.96,1,1,1.000000
1724166919985795500,66,514.94,615.96,45.24,27.29,1,1,1.000000
1724166919985795500,70,497.84,594.78,70.60,27.50,1,1,1.000000
1724166920052063600,1,392.65,511.49,349.77,87.62,1,2,1.000000
1724166920052063600,66,516.37,618.32,39.36,25.03,1,1,1.000000
1724166920052063600,70,500.23,593.77,75.68,29.73,1,1,1.000000
1724166920110464200,1,416.04,513.49,325.75,83.38,1,2,1.000000
1724166920110464200,66,516.62,619.79,40.96,24.24,1,1,1.000000
1724166920110464200,70,494.86,591.89,82.33,32.35,1,1,1.000000
1724166920168519000,1,406.60,511.85,337.51,84.84,1,2,1.000000
1724166920168519000,66,516.08,621.57,41.07,24.11,1,1,1.000000
1724166920168519000,70,496.34,590.89,82.36,34.61,1,1,1.000000
1724166920242456300,1,396.06,510.58,348.06,84.66,1,2,1.000000
1724166920242456300,66,516.90,622.91,40.85,23.11,1,1,1.000000
1724166920242456300,70,495.90,590.09,83.89,35.01,1,1,1.000000
1724166920290105500,1,397.89,513.08,348.92,80.88,1,2,1.000000
1724166920290105500,66,518.23,623.41,37.34,23.44,1,1,1.000000
1724166920290105500,70,496.56,591.07,84.45,35.83,1,1,1.000000
1724166920367018600,1,394.49,513.26,352.82,79.74,1,2,1.000000
1724166920367018600,66,521.34,628.43,29.19,17.62,1,1,1.000000
1724166920367018600,70,500.49,598.71,75.89,26.91,1,1,1.000000
1724166920422399500,1,396.06,516.54,353.30,74.01,1,2,1.000000
1724166920422399500,66,521.71,627.27,27.08,19.11,1,1,1.000000
1724166920422399500,70,500.20,609.35,42.16,15.88,1,1,1.000000
1724166920487444200,1,399.34,518.09,350.72,72.38,1,2,1.000000
1724166920487444200,66,521.17,627.62,21.55,17.04,1,1,1.000000
1724166920487444200,70,499.91,613.21,41.72,14.62,1,1,1.000000
1724166920549763200,1,402.66,519.25,352.54,67.07,1,2,1.000000
1724166920549763200,70,502.45,615.48,23.67,10.37,1,1,1.000000
1724166920622472100,1,435.26,523.47,319.45,62.41,1,2,1.000000
1724166920622472100,70,503.92,616.37,25.89,14.00,1,1,1.000000
1724166920683714500,1,418.30,523.74,339.40,61.58,1,2,1.000000
1724166920683714500,69,690.15,601.78,22.42,16.21,1,1,1.000000
1724166920748390200,1,413.07,525.78,347.27,57.22,1,2,1.000000
1724166920748390200,69,682.71,599.62,31.50,20.62,1,1,1.000000
1724166920808762000,1,421.92,527.46,337.67,55.39,1,2,1.000000
1724166920808762000,69,670.99,595.02,42.30,24.58,1,1,1.000000
1724166920872085700,1,417.25,527.92,339.29,54.84,1,2,1.000000
1724166920872085700,69,671.51,593.34,42.50,26.75,1,1,1.000000
1724166920941989700,1,414.44,527.34,344.18,55.92,1,2,1.000000
1724166920941989700,69,672.70,593.05,41.14,27.13,1,1,1.000000
1724166920996798600,1,446.61,529.17,311.01,52.67,1,2,1.000000
1724166920996798600,69,671.26,591.79,42.93,27.24,1,1,1.000000
1724166921062246700,1,405.67,524.60,354.94,57.29,1,2,1.000000
1724166921062246700,69,670.87,590.32,44.10,29.21,1,1,1.000000
1724166921125809600,1,405.68,523.01,355.60,60.66,1,2,1.000000
1724166921125809600,69,683.07,597.08,31.39,20.05,1,1,1.000000
1724166921198183100,1,414.18,521.52,339.42,62.56,1,2,1.000000
1724166921198183100,69,690.11,598.61,26.85,18.78,1,1,1.000000
1724166921252759400,1,385.97,516.15,371.68,69.30,1,2,1.000000
1724166921252759400,69,691.21,598.25,23.24,19.39,1,1,1.000000
1724166921319931500,1,385.79,512.85,370.65,73.58,1,2,1.000000
1724166921319931500,69,674.67,589.81,38.53,30.02,1,1,1.000000
1724166921390812700,1,400.31,513.11,353.47,73.98,1,2,1.000000
1724166921390812700,69,684.00,592.60,30.55,24.17,1,1,1.000000
1724166921470646600,1,410.68,507.30,340.07,81.90,1,2,1.000000
1724166921470646600,69,684.97,590.89,31.82,22.90,1,1,1.000000
1724166921508586300,1,413.16,506.06,340.69,81.76,1,2,1.000000
1724166921508586300,69,682.04,589.11,37.42,23.33,1,1,1.000000
1724166921573491300,1,426.98,506.27,323.32,83.09,1,2,1.000000
1724166921573491300,69,686.06,590.46,33.03,22.30,1,1,1.000000
1724166921647805400,1,430.72,502.84,318.44,86.91,1,2,1.000000
1724166921647805400,69,673.68,582.64,46.26,28.86,1,1,1.000000
1724166921647805400,78,656.50,609.72,32.56,22.51,1,1,1.000000
1724166921701946600,1,414.90,499.75,327.82,89.41,1,2,1.000000
1724166921701946600,69,662.46,581.26,57.39,30.31,1,1,1.000000
1724166921701946600,78,658.55,611.16,33.37,21.82,1,1,1.000000
1724166921767525500,1,434.58,505.10,312.72,80.80,1,2,1.000000
1724166921767525500,69,676.04,581.66,44.20,28.02,1,1,1.000000
1724166921767525500,78,661.72,609.52,32.40,25.30,1,1,1.000000
1724166921827357000,1,431.44,508.69,323.21,75.69,1,2,1.000000
1724166921827357000,69,663.63,580.06,56.71,28.25,1,1,1.000000
1724166921827357000,78,658.69,607.73,36.09,26.51,1,1,1.000000
1724166921895662000,1,432.90,511.54,322.29,74.02,1,2,1.000000
1724166921895662000,69,647.91,579.72,72.69,29.07,1,1,1.000000
1724166921895662000,78,659.19,607.64,32.56,26.69,1,1,1.000000
1724166921965990500,1,429.34,511.59,324.22,73.48,1,2,1.000000
1724166921965990500,69,650.65,579.50,69.74,28.07,1,1,1.000000
1724166921965990500,78,657.64,606.54,33.81,28.61,1,1,1.000000
1724166922023313400,1,434.74,516.92,324.04,65.97,1,2,1.000000
1724166922023313400,69,642.37,580.06,80.81,30.75,1,1,1.000000
1724166922023313400,78,658.45,606.35,33.66,27.24,1,1,1.000000
1724166922085216500,1,422.36,517.67,337.40,63.58,1,2,1.000000
1724166922085216500,69,644.77,578.14,83.94,25.95,1,1,1.000000
1724166922085216500,78,659.15,606.07,32.83,27.48,1,1,1.000000
1724166922151123600,1,430.90,518.78,329.80,59.94,1,2,1.000000
1724166922151123600,69,642.97,576.63,62.35,25.31,1,1,1.000000
1724166922151123600,78,658.71,606.45,33.50,25.66,1,1,1.000000
1724166922220147200,1,411.15,520.58,354.05,55.28,1,2,1.000000
1724166922220147200,69,636.60,574.04,67.44,26.71,1,1,1.000000
1724166922220147200,78,658.75,606.04,33.57,24.85,1,1,1.000000
1724166922279949000,1,414.05,522.12,349.89,53.54,1,2,1.000000
1724166922279949000,69,633.66,572.96,65.72,27.45,1,1,1.000000
1724166922279949000,78,659.38,607.37,40.40,23.20,1,1,1.000000
1724166922350115100,1,417.03,521.44,350.43,55.10,1,2,1.000000
1724166922350115100,69,635.73,572.25,57.08,25.02,1,1,1.000000
1724166922350115100,78,662.93,609.48,34.38,18.65,1,1,1.000000
1724166922407856200,1,420.79,521.49,349.56,55.97,1,2,1.000000
1724166922407856200,69,636.21,571.70,63.60,28.88,1,1,1.000000
1724166922407856200,78,662.53,608.46,37.07,18.23,1,1,1.000000
1724166922471783100,1,422.81,522.11,350.41,56.67,1,2,1.000000
1724166922471783100,69,632.31,569.25,58.60,26.56,1,1,1.000000
1724166922471783100,78,670.99,612.20,28.81,15.28,1,1,1.000000
1724166922538784200,1,421.53,521.98,355.73,57.04,1,2,1.000000
1724166922538784200,69,634.12,569.39,58.06,20.57,1,1,1.000000
1724166922538784200,78,678.15,612.17,22.64,14.80,1,1,1.000000