1724168457295765100,1,452.16,570.43,257.23,53.70,1,2,1.000000
1724168457363285100,1,451.99,570.57,257.83,53.25,1,2,1.000000
1724168457423733700,1,451.20,571.56,257.86,51.41,1,2,1.000000
1724168457490388800,1,451.72,571.07,257.24,52.78,1,2,1.000000
1724168457554220400,1,454.85,570.91,253.64,51.61,1,2,1.000000
1724168457614512400,1,452.55,570.89,255.71,51.93,1,2,1.000000
1724168457685259000,1,452.94,570.13,255.50,52.69,1,2,1.000000
1724168457742575700,1,453.16,570.75,253.82,51.28,1,2,1.000000
1724168457808173700,1,453.39,568.59,255.01,53.02,1,2,1.000000
1724168457878289200,1,453.43,567.44,256.69,53.73,1,2,1.000000
1724168457935069000,1,453.09,568.79,257.02,53.42,1,2,1.000000
1724168458012287400,1,450.83,568.06,258.97,53.79,1,2,1.000000
1724168458063658200,1,453.04,569.68,255.98,51.01,1,2,1.000000
1724168458126277100,1,452.21,570.66,256.95,49.78,1,2,1.000000
1724168458205294200,1,451.06,568.37,256.75,53.40,1,2,1.000000
1724168458254770400,1,454.69,565.97,254.85,55.67,1,2,1.000000
1724168458320406700,1,448.93,565.94,261.17,54.38,1,2,1.000000
1724168458404761200,1,448.37,565.10,263.67,54.43,1,2,1.000000
1724168458462883900,1,449.77,565.86,259.39,54.35,1,2,1.000000
1724168458532337600,1,442.95,560.92,266.68,59.74,1,2,1.000000
1724168458596643900,1,450.84,565.42,260.25,54.98,1,2,1.000000
1724168458648275500,1,450.04,566.71,260.82,52.42,1,2,1.000000
1724168458709204400,1,446.72,563.96,265.72,56.34,1,2,1.000000
1724168458772070700,1,446.06,560.36,265.69,60.63,1,2,1.000000
1724168458843280400,1,447.65,561.14,266.98,59.89,1,2,1.000000
1724168458900877700,1,448.00,563.60,265.08,56.09,1,2,1.000000
1724168458976023100,1,448.52,563.92,266.45,54.36,1,2,1.000000
1724168459031424900,1,443.46,558.46,271.61,62.37,1,2,1.000000
1724168459140356000,1,444.15,561.98,271.87,56.75,1,2,1.000000
1724168459179390500,1,446.67,563.87,268.95,55.11,1,2,1.000000
1724168459351150200,1,446.68,563.70,268.86,54.00,1,2,1.000000
1724168459372317100,1,444.68,563.56,269.71,53.96,1,2,1.000000
1724168459439360300,1,442.03,563.25,272.84,54.93,1,2,1.000000
1724168459483475500,1,458.30,565.71,258.26,52.09,1,2,1.000000
1724168459525429400,1,441.90,560.67,271.03,56.92,1,2,1.000000
1724168459573507700,1,440.50,561.74,273.41,55.33,1,2,1.000000
1724168459631143000,1,439.70,561.22,274.58,55.24,1,2,1.000000
1724168459675191300,1,443.87,562.63,271.60,54.25,1,2,1.000000
1724168459739323700,1,443.84,561.89,272.35,54.70,1,2,1.000000
1724168459792690500,1,445.98,562.59,270.97,53.34,1,2,1.000000
1724168459856816500,1,445.61,562.21,270.94,53.65,1,2,1.000000
1724168459922218600,1,446.44,561.84,269.78,54.46,1,2,1.000000
1724168459983604300,1,446.49,562.74,270.78,52.57,1,2,1.000000
1724168460046517100,1,438.00,559.68,279.10,55.40,1,2,1.000000
1724168460112071800,1,438.11,558.58,280.36,54.11,1,2,1.000000
1724168460179280300,1,438.96,558.20,279.50,54.93,1,2,1.000000
1724168460245167100,1,435.71,556.89,283.57,55.20,1,2,1.000000
1724168460310500700,1,438.66,555.73,281.95,57.39,1,2,1.000000
1724168460369150800,1,436.05,555.55,283.31,56.51,1,2,1.000000
1724168460432631300,1,435.02,554.99,284.11,57.66,1,2,1.000000
1724168460503359000,1,429.13,550.87,291.79,61.63,1,2,1.000000
1724168460561919200,1,428.83,553.27,291.97,59.35,1,2,1.000000
1724168460635091700,1,428.08,553.38,290.79,59.00,1,2,1.000000
1724168460687443500,1,435.57,554.45,285.12,57.12,1,2,1.000000
1724168460755360300,1,437.58,555.89,282.40,55.92,1,2,1.000000
1724168460816783600,1,446.25,558.21,275.00,53.35,1,2,1.000000
1724168460894911800,1,432.01,553.97,290.33,57.99,1,2,1.000000
1724168460943164000,1,436.17,554.79,287.63,56.74,1,2,1.000000
1724168461006957000,1,441.18,559.56,281.61,51.07,1,2,1.000000
1724168461090633800,1,441.59,559.70,281.64,51.44,1,2,1.000000
1724168461138695900,1,441.52,560.16,281.31,51.17,1,2,1.000000
1724168461196996900,1,445.41,562.40,278.84,48.80,1,2,1.000000
1724168461261948200,1,443.47,562.38,275.26,48.82,1,2,1.000000
1724168461373711900,1,452.89,566.09,269.07,45.56,1,2,1.000000
1724168461431841500,1,452.76,566.27,271.13,45.70,1,2,1.000000
1724168461497000500,1,454.35,568.48,265.31,44.31,1,2,1.000000
1724168461497000500,4,456.28,568.63,263.83,43.18,1,2,1.000000
1724168461554154400,4,454.24,568.90,271.54,45.66,1,2,1.000000
1724168461618103600,4,453.82,569.52,267.12,44.99,1,2,1.000000
1724168461682914700,4,455.36,570.18,265.85,45.16,1,2,1.000000
1724168461739346700,4,459.58,571.86,264.54,43.77,1,2,1.000000
1724168461804770400,4,457.30,572.49,262.28,44.87,1,2,1.000000
1724168461880823500,4,457.70,573.28,258.98,43.96,1,2,1.000000
1724168461934417600,4,460.00,574.06,257.71,43.71,1,2,1.000000
1724168461991881900,4,460.65,575.00,256.71,43.78,1,2,1.000000
1724168462048489300,4,463.81,576.47,253.90,42.98,1,2,1.000000
1724168462108590800,4,464.40,577.30,253.08,43.70,1,2,1.000000
1724168462161765200,4,467.33,578.67,247.12,41.77,1,2,1.000000
1724168462224875300,4,466.97,578.99,247.98,43.58,1,2,1.000000
1724168462288866500,4,466.42,580.00,248.50,43.24,1,2,1.000000
1724168462361083600,4,467.08,580.33,245.58,42.82,1,2,1.000000
1724168462429764900,4,469.32,582.31,243.57,42.44,1,2,1.000000
1724168462485008000,4,473.25,583.71,236.07,42.82,1,2,1.000000
1724168462545112800,4,475.82,584.83,231.65,41.63,1,2,1.000000
1724168462609521300,4,473.68,586.03,233.38,40.49,1,2,1.000000
1724168462672536200,4,480.37,587.50,226.99,41.40,1,2,1.000000
1724168462734981800,4,483.59,589.17,220.47,40.63,1,2,1.000000
1724168462803673400,4,483.32,589.66,220.88,41.11,1,2,1.000000
1724168462867179100,4,478.97,590.01,224.97,42.67,1,2,1.000000
1724168462927555600,4,480.58,591.26,220.90,42.70,1,2,1.000000
1724168462991652700,4,483.72,593.56,214.93,39.84,1,2,1.000000
1724168463052861000,4,483.99,593.74,216.87,41.32,1,2,1.000000
1724168463117854000,4,483.21,595.97,215.40,40.57,1,2,1.000000
1724168463185652400,4,483.97,596.20,214.97,40.96,1,2,1.000000
1724168463245661200,4,487.61,597.62,206.96,40.87,1,2,1.000000
1724168463311504800,4,485.96,598.86,207.84,40.97,1,2,1.000000
1724168463372894800,4,490.62,600.27,202.86,39.88,1,2,1.000000
1724168463438867000,4,489.97,602.16,199.58,40.18,1,2,1.000000
1724168463513899800,4,488.56,602.33,202.59,41.43,1,2,1.000000
1724168463570569500,4,495.76,604.29,193.57,41.31,1,2,1.000000
1724168463640840400,4,493.67,604.84,197.16,40.32,1,2,1.000000
1724168463702884700,4,492.00,605.06,194.78,40.87,1,2,1.000000
1724168463758246000,4,489.77,605.13,195.93,41.92,1,2,1.000000
1724168463822714700,4,497.34,608.77,187.45,39.53,1,2,1.000000
1724168463889915700,4,498.08,610.32,184.73,38.80,1,2,1.000000
1724168463959364400,4,497.91,610.21,181.24,40.44,1,2,1.000000
1724168464016961600,4,497.14,611.48,182.09,38.91,1,2,1.000000
1724168464085757000,4,497.38,611.41,184.46,39.73,1,2,1.000000
1724168464161345500,4,498.67,611.80,179.49,39.80,1,2,1.000000
1724168464213704700,4,499.64,611.71,178.66,40.04,1,2,1.000000
1724168464273423900,4,500.58,612.22,178.62,39.79,1,2,1.000000
1724168464338125600,4,492.41,608.25,187.00,43.79,1,2,1.000000
1724168464531349400,4,492.23,607.54,186.95,44.93,1,2,1.000000
1724168464557757100,4,489.41,607.02,192.25,45.10,1,2,1.000000
1724168464603157600,4,493.67,608.12,186.04,44.07,1,2,1.000000
1724168464664258600,4,492.05,607.12,187.22,45.84,1,2,1.000000
1724168464710444300,4,489.08,605.95,187.90,46.06,1,2,1.000000
1724168464753658200,4,489.00,605.54,188.70,45.97,1,2,1.000000
1724168464818506500,4,490.18,604.28,187.14,47.29,1,2,1.000000
1724168464859788600,4,492.47,604.92,186.61,46.53,1,2,1.000000
1724168464921680000,4,487.76,603.79,192.92,46.56,1,2,1.000000
1724168464974490700,4,492.69,605.82,191.55,42.53,1,2,1.000000
1724168465039607000,4,489.53,604.49,195.98,43.97,1,2,1.000000
1724168465111160100,4,488.80,605.27,197.36,42.84,1,2,1.000000
1724168465170168200,4,488.91,604.96,198.80,42.61,1,2,1.000000
1724168465236971200,4,492.17,606.58,192.19,40.48,1,2,1.000000
1724168465294856200,4,487.32,604.73,199.41,42.33,1,2,1.000000
1724168465357051600,4,494.88,606.87,193.54,39.07,1,2,1.000000
1724168465429369500,4,493.10,604.86,195.60,41.45,1,2,1.000000
1724168465489160400,4,499.89,607.39,188.50,38.42,1,2,1.000000
1724168465563205700,4,503.42,607.09,187.97,38.44,1,2,1.000000
1724168465627206400,4,498.74,605.67,193.48,40.12,1,2,1.000000
1724168465683516500,4,503.99,606.74,189.38,38.57,1,2,1.000000
1724168465742432400,4,505.21,608.01,183.27,37.80,1,2,1.000000
1724168465804645400,4,500.68,606.07,194.51,39.99,1,2,1.000000
1724168465877362000,4,497.38,605.77,197.91,40.56,1,2,1.000000
1724168465936663100,4,497.06,605.67,199.19,39.92,1,2,1.000000
1724168466007861900,4,498.84,605.56,197.51,40.25,1,2,1.000000
1724168466086261800,4,496.94,606.62,196.38,40.44,1,2,1.000000
1724168466269965600,4,498.30,606.00,197.46,40.51,1,2,1.000000
1724168466287503200,4,501.95,606.83,192.89,39.12,1,2,1.000000
1724168466337665500,4,495.16,603.21,204.56,43.40,1,2,1.000000
1724168466403103100,4,504.14,606.70,190.03,37.88,1,2,1.000000
1724168466446563900,4,499.44,606.37,192.21,39.10,1,2,1.000000
1724168466503534700,4,495.29,604.89,193.53,40.76,1,2,1.000000
1724168466557207900,4,494.36,604.53,197.01,41.05,1,2,1.000000
1724168466607143400,4,493.79,604.40,198.58,41.00,1,2,1.000000
1724168466643556400,4,495.22,604.55,196.96,40.21,1,2,1.000000
1724168466708638300,4,493.88,604.59,198.53,39.66,1,2,1.000000
1724168466837331700,4,489.38,603.15,205.54,40.45,1,2,1.000000
1724168466908453000,4,488.03,602.22,204.52,41.44,1,2,1.000000
1724168466927032500,4,490.28,602.66,202.04,40.09,1,2,1.000000
1724168466959940500,4,494.62,603.07,199.35,40.05,1,2,1.000000
1724168467027691100,4,487.74,600.82,208.79,42.25,1,2,1.000000
1724168467092721300,4,494.25,601.15,199.77,40.85,1,2,1.000000
1724168467151355100,4,494.10,601.53,201.78,40.12,1,2,1.000000
1724168467217360300,4,491.54,600.66,203.28,41.71,1,2,1.000000
1724168467283954800,4,492.72,601.16,200.55,38.54,1,2,1.000000
1724168467344807200,4,490.76,599.53,209.12,40.64,1,2,1.000000
1724168467409289800,4,474.58,594.16,221.79,44.83,1,2,1.000000
1724168467471837500,4,484.47,598.72,211.30,41.32,1,2,1.000000
1724168467538818100,4,483.58,597.63,209.89,41.54,1,2,1.000000
1724168467599761000,4,488.23,598.41,206.89,41.20,1,2,1.000000
1724168467661741500,4,488.31,599.36,207.67,40.30,1,2,1.000000
1724168467726181700,4,481.84,596.09,213.02,42.84,1,2,1.000000
1724168467806597100,4,486.81,596.75,212.92,42.89,1,2,1.000000
1724168467872053000,4,488.54,597.72,208.60,41.53,1,2,1.000000
1724168467931954700,4,477.78,592.98,219.48,45.64,1,2,1.000000
1724168467989071300,4,479.10,593.70,218.17,45.30,1,2,1.000000
1724168468051905800,4,475.60,591.47,219.31,47.92,1,2,1.000000
1724168468121477400,4,473.35,590.70,222.28,49.44,1,2,1.000000
1724168468176498800,4,481.37,594.87,212.97,44.81,1,2,1.000000
1724168468240559000,4,481.28,594.30,212.98,45.06,1,2,1.000000
1724168468306024500,4,479.51,592.05,214.30,46.72,1,2,1.000000
1724168468368817000,4,479.66,592.34,214.66,46.50,1,2,1.000000
1724168468433875700,4,483.63,592.97,210.93,47.05,1,2,1.000000
1724168468502970600,4,482.18,591.76,210.60,48.33,1,2,1.000000
1724168468578257600,4,485.09,593.67,209.04,45.37,1,2,1.000000
1724168468626931900,4,485.07,591.62,206.74,47.93,1,2,1.000000
1724168468707865000,4,486.79,593.76,207.50,45.76,1,2,1.000000
1724168468753014600,4,483.25,591.03,209.19,48.72,1,2,1.000000
1724168468818727700,4,484.94,590.29,209.32,49.42,1,2,1.000000
1724168468881092400,4,484.12,590.76,209.92,48.86,1,2,1.000000
1724168468943541700,4,485.04,589.77,209.37,49.91,1,2,1.000000
1724168469006565800,4,487.05,590.51,206.43,48.73,1,2,1.000000
1724168469072477000,4,485.35,589.74,208.31,49.50,1,2,1.000000
1724168469150648400,4,486.55,591.02,208.18,48.23,1,2,1.000000
1724168469211704000,4,486.65,589.50,208.21,49.54,1,2,1.000000
1724168469293649100,4,486.96,591.86,207.98,47.80,1,2,1.000000
1724168469331133400,4,487.00,590.03,208.95,48.86,1,2,1.000000
1724168469391038900,4,486.84,590.14,207.83,48.00,1,2,1.000000
1724168469457038000,4,484.77,588.84,208.67,49.38,1,2,1.000000
1724168469566541600,4,483.46,589.81,209.66,49.67,1,2,1.000000
1724168469608887500,4,482.37,586.32,211.31,52.43,1,2,1.000000
1724168469666621400,4,481.16,587.35,212.55,51.59,1,2,1.000000
1724168469719114400,4,482.62,587.95,212.22,50.81,1,2,1.000000
1724168469779857500,4,482.84,587.99,208.13,50.76,1,2,1.000000
1724168469840670300,4,480.61,587.02,209.12,51.43,1,2,1.000000
1724168469916226800,4,481.18,587.45,213.10,50.22,1,2,1.000000
1724168469971484500,4,481.78,586.72,211.14,50.16,1,2,1.000000
1724168470033238500,4,482.26,587.81,210.72,49.63,1,2,1.000000
1724168470093384900,4,482.75,587.94,210.42,49.58,1,2,1.000000
1724168470158564500,4,481.91,589.93,211.17,47.86,1,2,1.000000
1724168470225351300,4,483.93,590.58,211.38,46.12,1,2,1.000000
1724168470289028300,4,484.31,591.29,210.04,45.91,1,2,1.000000
1724168470353694700,4,487.73,593.48,209.41,42.87,1,2,1.000000
1724168470423391100,4,488.37,591.65,209.89,44.44,1,2,1.000000
1724168470538089700,4,488.99,591.09,208.37,44.91,1,2,1.000000
1724168470605377400,4,488.89,591.17,209.17,45.22,1,2,1.000000
1724168470663005600,4,489.85,590.89,206.72,45.41,1,2,1.000000
1724168470732191500,4,497.57,591.64,198.60,44.83,1,2,1.000000
1724168470784733300,4,488.54,591.38,206.42,45.44,1,2,1.000000
1724168470843178200,4,485.36,589.62,211.12,46.49,1,2,1.000000
1724168470900836000,4,485.32,588.05,207.86,47.85,1,2,1.000000
1724168470952318500,4,483.71,585.61,211.32,49.93,1,2,1.000000
1724168470998125800,4,484.52,585.34,211.03,49.98,1,2,1.000000
1724168471063010000,4,480.82,585.16,210.47,49.89,1,2,1.000000
1724168471118604200,4,478.78,583.32,215.77,52.53,1,2,1.000000
1724168471183294500,4,477.83,582.41,219.59,52.44,1,2,1.000000
1724168471252373800,4,478.23,582.69,217.53,51.79,1,2,1.000000
1724168471315784900,4,477.10,582.76,221.10,51.88,1,2,1.000000
1724168471383586000,4,478.10,581.87,218.44,53.24,1,2,1.000000
1724168471448198200,4,482.26,582.09,213.24,53.71,1,2,1.000000
1724168471507146100,4,477.45,581.67,221.10,53.24,1,2,1.000000
1724168471567554900,4,483.35,582.42,215.53,52.13,1,2,1.000000
1724168471632691300,4,483.78,583.22,215.82,50.86,1,2,1.000000
1724168471697936500,4,484.28,582.78,217.55,49.11,1,2,1.000000
1724168471774883200,4,484.45,584.12,219.91,47.83,1,2,1.000000
1724168471774883200,12,572.02,625.30,36.73,22.52,1,1,1.000000
1724168471832693900,4,486.78,583.53,217.12,48.27,1,2,1.000000
1724168471832693900,12,576.29,624.15,33.42,22.36,1,1,1.000000
1724168471896282200,4,489.56,583.57,219.01,50.31,1,2,1.000000
1724168471896282200,12,575.92,625.43,37.80,20.42,1,1,1.000000
1724168471953946800,4,494.36,585.54,215.44,46.41,1,2,1.000000
1724168471953946800,12,580.20,623.52,38.52,20.90,1,1,1.000000
1724168472023293000,4,494.09,584.07,219.93,48.04,1,2,1.000000
1724168472023293000,12,579.82,622.86,44.38,21.56,1,1,1.000000
1724168472081117300,4,493.25,585.09,218.80,47.04,1,2,1.000000
1724168472081117300,12,581.06,621.93,48.07,23.62,1,1,1.000000
1724168472149438700,4,495.41,586.92,219.12,44.66,1,2,1.000000
1724168472149438700,12,573.17,621.63,62.90,27.55,1,1,1.000000
1724168472220125800,4,501.03,585.38,216.87,46.24,1,2,1.000000
1724168472220125800,12,588.71,621.53,49.87,25.62,1,1,1.000000
1724168472272800600,4,501.70,586.37,214.78,45.68,1,2,1.000000
1724168472272800600,12,581.12,622.10,62.04,24.88,1,1,1.000000
1724168472348994200,4,501.09,589.32,216.41,42.47,1,2,1.000000
1724168472348994200,12,586.03,621.64,65.87,25.23,1,1,1.000000
1724168472401579400,4,499.77,589.92,217.99,43.07,1,2,1.000000
1724168472401579400,12,587.36,622.07,69.76,24.23,1,1,1.000000
1724168472478421200,4,499.75,588.89,215.06,43.58,1,2,1.000000
1724168472478421200,12,589.97,623.13,71.49,24.94,1,1,1.000000
1724168472530238400,4,500.46,590.29,216.46,42.46,1,2,1.000000
1724168472530238400,12,597.76,622.35,69.76,25.36,1,1,1.000000
1724168472612427100,4,503.13,590.96,210.18,42.51,1,2,1.000000
1724168472612427100,12,612.01,622.86,60.39,25.45,1,1,1.000000
1724168472672255100,4,503.73,590.17,209.78,42.42,1,2,1.000000
1724168472672255100,12,611.52,621.99,63.89,25.67,1,1,1.000000
1724168472732772000,4,503.63,592.31,208.84,42.43,1,2,1.000000
1724168472732772000,12,616.33,623.61,58.12,25.06,1,1,1.000000
1724168472790934700,4,504.01,591.28,209.91,43.89,1,2,1.000000
1724168472790934700,12,619.69,622.23,60.91,26.81,1,1,1.000000
1724168472847534700,4,508.13,591.35,205.20,43.81,1,2,1.000000
1724168472847534700,12,627.99,622.06,54.11,26.87,1,1,1.000000
1724168472917076200,4,504.81,592.93,210.65,43.52,1,2,1.000000
1724168472917076200,12,632.08,623.75,47.26,23.40,1,1,1.000000
1724168472974412300,4,507.35,594.77,202.50,42.85,1,2,1.000000
1724168472974412300,12,633.29,623.52,47.66,22.84,1,1,1.000000
1724168473037445500,4,507.62,594.30,201.84,42.16,1,2,1.000000
1724168473037445500,12,643.14,625.51,37.30,22.79,1,1,1.000000
1724168473037445500,14,507.19,594.68,199.49,42.15,1,2,1.000000
1724168473101532900,4,508.71,594.82,200.73,42.25,1,2,1.000000
1724168473101532900,12,648.39,627.52,27.21,19.17,1,1,1.000000
1724168473101532900,14,508.47,595.25,198.57,42.08,1,2,1.000000
1724168473166784700,4,508.22,594.38,198.49,43.24,1,2,1.000000
1724168473231221500,4,509.28,596.12,196.37,41.94,1,2,1.000000
1724168473297788900,4,507.44,596.67,196.00,42.26,1,2,1.000000
1724168473361228700,4,508.55,596.54,197.30,42.53,1,2,1.000000
1724168473433700700,4,511.41,597.45,189.63,42.06,1,2,1.000000
1724168473493256700,4,510.52,596.59,191.35,42.13,1,2,1.000000
1724168473562717100,4,510.59,597.76,190.36,40.79,1,2,1.000000
1724168473624766000,4,510.44,597.62,189.28,42.16,1,2,1.000000
1724168473694083900,4,510.97,596.96,186.63,42.58,1,2,1.000000
1724168473757091600,4,509.62,596.61,195.19,42.87,1,2,1.000000
1724168473818524600,4,510.36,596.35,193.35,43.92,1,2,1.000000
1724168473818524600,17,510.20,595.76,195.73,44.08,1,2,1.000000
1724168473878542800,4,511.05,598.98,186.34,43.28,1,2,1.000000
1724168473936099900,4,510.84,598.07,189.37,43.60,1,2,1.000000
1724168474001883300,4,511.69,599.06,188.59,42.97,1,2,1.000000
1724168474063855900,4,511.01,599.59,189.85,42.84,1,2,1.000000
1724168474127370600,4,511.74,600.23,188.43,43.30,1,2,1.000000
1724168474197271200,4,510.43,599.40,190.12,43.31,1,2,1.000000
1724168474254717700,4,512.37,599.22,187.93,44.59,1,2,1.000000
1724168474320674000,4,510.20,599.21,188.17,43.48,1,2,1.000000
1724168474387202800,4,511.80,598.99,187.20,43.84,1,2,1.000000
1724168474456240800,4,511.84,599.16,187.85,44.26,1,2,1.000000
1724168474516085000,4,512.81,599.62,187.26,42.95,1,2,1.000000
1724168474576013700,4,510.54,597.92,190.35,44.61,1,2,1.000000
1724168474638062900,4,512.01,598.09,189.25,45.01,1,2,1.000000
1724168474706209500,4,512.68,598.75,186.88,44.08,1,2,1.000000
1724168474769914200,4,512.33,599.12,184.10,44.14,1,2,1.000000
1724168474840585500,4,510.79,598.61,188.44,44.73,1,2,1.000000
1724168474896170100,4,511.36,599.97,184.06,43.47,1,2,1.000000
1724168474962710900,4,512.80,599.59,186.60,43.84,1,2,1.000000
1724168475031073800,4,512.33,598.14,185.95,44.26,1,2,1.000000
1724168475086112300,4,512.59,597.45,185.50,44.16,1,2,1.000000
1724168475152891600,4,511.07,598.18,187.54,44.61,1,2,1.000000
1724168475226028900,4,511.77,597.92,189.78,43.88,1,2,1.000000
1724168475280241800,4,511.24,598.63,186.18,43.85,1,2,1.000000
1724168475347535700,4,510.64,598.84,188.34,43.77,1,2,1.000000
1724168475412961300,4,509.80,599.59,187.61,43.04,1,2,1.000000
1724168475479872100,4,509.74,599.85,188.10,43.16,1,2,1.000000
1724168475613815100,4,510.21,598.65,188.13,43.65,1,2,1.000000
1724168475632069000,4,506.41,598.58,194.50,44.12,1,2,1.000000
1724168475697248200,4,508.67,599.32,186.96,44.19,1,2,1.000000
1724168475739084600,4,507.98,598.49,191.84,43.81,1,2,1.000000
1724168475801004200,4,508.65,599.44,186.03,43.39,1,2,1.000000
1724168475867122600,4,511.50,599.06,181.93,43.36,1,2,1.000000
1724168475929506600,4,508.38,600.78,183.35,41.61,1,2,1.000000
1724168475985747400,4,506.87,599.33,188.71,42.90,1,2,1.000000
1724168476047393000,4,507.61,597.52,186.58,42.96,1,2,1.000000
1724168476115227800,4,507.67,596.41,185.71,43.22,1,2,1.000000
1724168476191032700,4,499.99,597.57,194.71,42.19,1,2,1.000000
1724168476255762600,4,499.75,597.51,193.67,42.59,1,2,1.000000
1724168476313101600,4,495.93,596.82,198.67,42.33,1,2,1.000000
1724168476382764900,4,497.31,597.10,197.88,41.73,1,2,1.000000
1724168476571019300,4,495.83,595.85,202.00,42.20,1,2,1.000000
1724168476595419800,4,487.98,593.26,205.56,44.36,1,2,1.000000
1724168476656117700,4,489.75,594.54,208.22,42.64,1,2,1.000000
1724168476701443600,4,487.97,593.39,208.14,42.38,1,2,1.000000
1724168476748859300,4,487.94,593.41,208.82,42.64,1,2,1.000000
1724168476806665000,4,489.02,592.76,208.65,42.31,1,2,1.000000
1724168476854431000,4,489.93,591.78,208.91,43.15,1,2,1.000000
1724168476898759500,4,489.11,593.07,210.38,41.41,1,2,1.000000
1724168476943439000,4,489.57,593.32,209.60,41.69,1,2,1.000000
1724168477013791100,4,490.78,593.58,212.70,40.45,1,2,1.000000
1724168477075516700,4,490.94,593.13,211.59,40.96,1,2,1.000000
1724168477139905700,4,489.64,592.43,210.85,40.65,1,2,1.000000
1724168477223271500,4,488.18,591.79,211.16,42.02,1,2,1.000000
1724168477272134200,4,487.20,591.28,216.02,42.31,1,2,1.000000
1724168477327610000,4,488.42,591.22,213.40,41.64,1,2,1.000000
1724168477396438600,4,488.37,591.94,215.38,42.29,1,2,1.000000
1724168477464164700,4,486.44,592.17,216.99,42.69,1,2,1.000000
1724168477524132800,4,486.35,592.48,217.44,42.13,1,2,1.000000
1724168477593852800,4,489.13,593.39,214.69,41.14,1,2,1.000000
1724168477656825200,4,487.91,591.75,214.91,42.01,1,2,1.000000
1724168477714247100,4,490.41,591.93,210.75,42.63,1,2,1.000000
1724168477780536900,4,489.23,593.57,213.81,41.63,1,2,1.000000
1724168477843191500,4,488.54,592.19,212.73,43.06,1,2,1.000000
1724168477903689200,4,492.53,594.06,208.59,40.32,1,2,1.000000
1724168477972890300,4,487.36,593.38,214.76,40.95,1,2,1.000000
1724168478031563200,4,487.27,593.93,215.18,40.14,1,2,1.000000
1724168478096935400,4,490.12,594.36,211.58,39.29,1,2,1.000000
1724168478161099200,4,485.43,592.64,217.28,41.70,1,2,1.000000
1724168478161099200,19,530.69,637.26,17.74,12.45,1,1,1.000000
1724168478223661400,4,487.51,592.85,217.21,41.53,1,2,1.000000
1724168478223661400,19,531.78,639.05,17.32,13.00,1,1,1.000000
1724168478296770600,4,488.47,593.48,217.05,40.58,1,2,1.000000
1724168478296770600,19,532.53,640.53,19.01,13.32,1,1,1.000000
1724168478359397100,4,490.70,593.31,216.68,40.76,1,2,1.000000
1724168478359397100,19,533.07,637.87,23.68,16.31,1,1,1.000000
1724168478359397100,21,587.88,626.25,36.58,17.47,1,1,1.000000
1724168478422059200,4,490.53,592.78,217.24,40.62,1,2,1.000000
1724168478422059200,19,536.71,637.35,21.44,17.12,1,1,1.000000
1724168478422059200,21,591.23,624.11,37.70,20.02,1,1,1.000000
1724168478422059200,23,654.29,626.99,21.85,14.09,1,1,1.000000
1724168478483296900,4,487.16,590.89,221.81,41.54,1,2,1.000000
1724168478483296900,19,532.71,636.94,30.88,18.05,1,1,1.000000
1724168478483296900,21,598.89,624.94,40.94,19.66,1,1,1.000000
1724168478547519200,4,491.61,591.72,218.38,40.61,1,2,1.000000
1724168478547519200,19,534.67,636.51,30.68,19.03,1,1,1.000000
1724168478547519200,21,591.90,622.22,53.65,24.30,1,1,1.000000
1724168478615521000,4,492.75,591.28,215.64,40.45,1,2,1.000000
1724168478615521000,19,535.17,636.24,31.59,20.56,1,1,1.000000
1724168478615521000,21,607.47,623.07,46.09,26.83,1,1,1.000000
1724168478678355500,4,490.44,590.66,221.68,41.66,1,2,1.000000
1724168478678355500,19,536.47,637.20,33.63,23.12,1,1,1.000000
1724168478678355500,21,601.78,621.32,53.92,29.82,1,1,1.000000
1724168478739871000,4,493.19,589.69,219.85,42.76,1,2,1.000000
1724168478739871000,19,535.87,638.47,43.10,23.45,1,1,1.000000
1724168478739871000,21,620.32,622.58,43.34,28.93,1,1,1.000000
1724168478799259600,4,493.38,590.37,221.73,40.71,1,2,1.000000
1724168478799259600,19,536.49,638.18,42.21,23.54,1,1,1.000000
1724168478799259600,21,631.91,628.31,30.84,24.78,1,1,1.000000
1724168478868387900,4,491.83,589.52,225.51,42.56,1,2,1.000000
1724168478868387900,19,538.05,637.35,52.82,24.97,1,1,1.000000
1724168478929755000,4,494.65,590.42,219.13,41.46,1,2,1.000000
1724168478929755000,19,543.01,639.10,55.33,23.50,1,1,1.000000
1724168479012176300,4,493.80,590.86,218.33,41.29,1,2,1.000000
1724168479012176300,19,540.58,636.52,60.93,27.12,1,1,1.000000
1724168479071703900,4,494.61,591.39,220.11,41.55,1,2,1.000000
1724168479071703900,19,543.52,635.77,56.50,29.75,1,1,1.000000
1724168479122879200,4,494.15,592.14,223.40,39.93,1,2,1.000000
1724168479122879200,19,549.43,635.94,51.48,30.75,1,1,1.000000
1724168479197348300,4,498.20,593.69,217.34,38.75,1,2,1.000000
1724168479197348300,19,550.17,634.19,53.64,31.89,1,1,1.000000
1724168479248630500,4,496.10,592.99,218.52,39.71,1,2,1.000000
1724168479248630500,19,551.69,634.06,52.47,32.26,1,1,1.000000
1724168479313726600,4,498.30,593.89,218.92,40.24,1,2,1.000000
1724168479313726600,19,552.23,632.89,60.72,34.32,1,1,1.000000
1724168479393491000,4,496.76,594.34,220.14,40.05,1,2,1.000000
1724168479393491000,19,561.52,632.63,56.99,33.87,1,1,1.000000
1724168479438267600,4,497.59,594.08,216.68,41.30,1,2,1.000000
1724168479438267600,19,567.03,633.10,59.73,34.20,1,1,1.000000
1724168479502950400,4,493.61,593.09,224.69,43.37,1,2,1.000000
1724168479502950400,19,568.55,633.32,60.91,33.72,1,1,1.000000
1724168479566644400,4,485.91,592.83,227.20,42.42,1,2,1.000000
1724168479566644400,19,570.60,632.08,67.31,34.07,1,1,1.000000
1724168479636975000,4,481.24,594.61,218.25,40.72,1,2,1.000000
1724168479636975000,19,574.88,630.75,72.40,35.15,1,1,1.000000
1724168479695854200,4,473.21,589.89,229.86,45.23,1,2,1.000000
1724168479695854200,19,584.32,630.29,70.94,35.38,1,1,1.000000
1724168479773694100,4,471.66,588.89,228.75,46.59,1,2,1.000000
1724168479773694100,19,587.75,629.69,70.20,36.71,1,1,1.000000
1724168479822863900,4,472.83,584.84,223.20,50.91,1,2,1.000000
1724168479822863900,19,596.02,633.65,64.45,30.72,1,1,1.000000
1724168479886332900,4,463.16,581.61,233.08,54.21,1,2,1.000000
1724168479886332900,19,599.38,633.69,66.14,31.37,1,1,1.000000
1724168479975449500,4,457.54,579.30,238.19,56.09,1,2,1.000000
1724168479975449500,19,597.18,632.85,64.84,30.69,1,1,1.000000
1724168480017585400,4,458.43,577.33,234.95,57.52,1,2,1.000000
1724168480017585400,19,604.37,635.32,63.16,27.21,1,1,1.000000
1724168480078969600,4,452.88,575.33,240.72,59.20,1,2,1.000000
1724168480078969600,19,626.21,636.44,41.26,24.56,1,1,1.000000
1724168480142952400,4,454.65,575.52,241.34,57.91,1,2,1.000000
1724168480142952400,19,634.37,635.61,33.94,21.24,1,1,1.000000
1724168480217186500,4,451.49,570.73,247.97,63.74,1,2,1.000000
1724168480217186500,19,638.11,632.03,32.52,26.28,1,1,1.000000
1724168480275175900,4,448.39,570.19,249.56,63.50,1,2,1.000000
1724168480275175900,19,640.89,631.38,32.71,25.04,1,1,1.000000
1724168480335818300,4,450.58,572.17,241.55,61.19,1,2,1.000000
1724168480335818300,19,640.26,631.31,29.15,21.14,1,1,1.000000
1724168480408335100,4,450.48,573.46,247.26,58.25,1,2,1.000000
1724168480408335100,19,643.18,633.84,25.49,18.80,1,1,1.000000
1724168480474339800,4,450.89,573.87,249.54,57.92,1,2,1.000000
1724168480474339800,19,640.13,633.07,31.39,21.09,1,1,1.000000
1724168480539591800,4,470.19,579.08,230.81,51.02,1,2,1.000000
1724168480539591800,19,644.36,635.48,23.98,17.61,1,1,1.000000
1724168480595456400,4,464.05,579.80,237.22,50.52,1,2,1.000000
1724168480663262800,4,465.25,580.42,238.02,49.96,1,2,1.000000
1724168480719449000,4,468.38,581.08,235.60,49.82,1,2,1.000000
1724168480719449000,28,649.64,625.78,25.48,15.74,1,1,1.000000
1724168480785739000,4,467.96,581.89,233.80,48.51,1,2,1.000000
1724168480892427100,4,469.88,583.29,237.66,45.94,1,2,1.000000
1724168480950646900,4,473.04,586.48,238.18,41.77,1,2,1.000000
1724168481010191700,4,478.25,586.15,233.06,42.66,1,2,1.000000
1724168481062364200,4,483.65,586.64,232.78,42.84,1,2,1.000000
1724168481121072500,4,485.84,586.33,239.67,41.84,1,2,1.000000
1724168481169929900,4,489.39,582.39,243.93,44.68,1,2,1.000000
1724168481232733300,4,489.60,585.06,240.17,42.03,1,2,1.000000
1724168481294441400,4,493.92,582.71,236.57,44.20,1,2,1.000000
1724168481359378800,4,497.22,585.49,234.76,41.79,1,2,1.000000
1724168481434664400,4,494.18,579.88,241.09,47.91,1,2,1.000000
1724168481503457400,4,495.22,578.31,242.11,49.44,1,2,1.000000
1724168481556541500,4,496.68,579.11,241.27,48.89,1,2,1.000000
1724168481622474500,4,496.06,580.06,240.52,47.37,1,2,1.000000
1724168481680504900,4,495.06,577.43,245.97,50.09,1,2,1.000000
1724168481742630500,4,495.27,577.52,246.82,49.44,1,2,1.000000
1724168481742630500,32,493.42,577.35,248.88,49.85,1,2,1.000000
1724168481874666600,4,489.83,586.98,238.62,39.70,1,2,1.000000
1724168481939669400,4,488.21,586.78,238.39,39.59,1,2,1.000000
1724168482011047400,4,484.77,585.45,237.38,42.27,1,2,1.000000
1724168482077145100,4,484.14,586.50,229.84,41.75,1,2,1.000000
1724168482134082200,4,482.24,585.27,233.28,41.61,1,2,1.000000
1724168482192664600,4,479.73,585.27,234.17,41.57,1,2,1.000000
1724168482254061000,4,477.50,585.23,237.02,41.76,1,2,1.000000
1724168482329054800,4,477.64,585.17,235.76,42.40,1,2,1.000000
1724168482393632100,4,478.62,584.62,232.06,42.86,1,2,1.000000
1724168482447668400,4,469.37,584.50,240.05,42.63,1,2,1.000000
1724168482512012000,4,469.74,583.81,238.28,43.03,1,2,1.000000
1724168482579369600,4,470.82,583.04,235.87,43.99,1,2,1.000000
1724168482640598400,4,470.21,583.28,236.34,44.11,1,2,1.000000
1724168482710350500,4,477.07,585.01,230.01,42.71,1,2,1.000000
1724168482769316100,4,480.07,585.50,231.22,41.96,1,2,1.000000
1724168482841617200,4,484.05,584.83,233.19,43.30,1,2,1.000000
1724168482895879000,4,481.81,585.73,236.91,41.13,1,2,1.000000
1724168482966904000,4,484.34,584.37,233.78,41.91,1,2,1.000000
1724168483027016400,4,483.81,584.74,236.57,42.07,1,2,1.000000
1724168483109545700,4,485.77,584.49,235.64,41.28,1,2,1.000000
1724168483160286800,4,485.37,583.22,237.88,42.75,1,2,1.000000
1724168483219998400,4,485.51,584.15,236.88,41.42,1,2,1.000000
1724168483284220300,4,487.04,584.44,236.44,40.33,1,2,1.000000
1724168483343815100,4,482.68,583.44,237.83,40.94,1,2,1.000000
1724168483410218100,4,483.12,584.28,239.40,40.41,1,2,1.000000
1724168483480323700,4,484.01,584.31,240.72,40.96,1,2,1.000000
1724168483480323700,34,522.59,627.60,33.38,18.43,1,1,1.000000
1724168483539342800,4,485.10,584.41,236.49,40.22,1,2,1.000000
1724168483539342800,34,519.36,627.78,23.80,20.16,1,1,1.000000
1724168483608357200,4,484.47,583.88,241.35,40.77,1,2,1.000000
1724168483608357200,34,523.15,627.93,20.77,17.85,1,1,1.000000
1724168483667195300,4,487.33,585.20,237.53,39.31,1,2,1.000000
1724168483667195300,34,522.35,627.66,20.68,18.55,1,1,1.000000
1724168483726678000,4,491.65,585.07,230.66,39.78,1,2,1.000000
1724168483726678000,34,524.27,629.18,19.70,18.96,1,1,1.000000
1724168483792476300,4,488.85,584.92,234.92,39.86,1,2,1.000000
1724168483792476300,34,524.19,627.60,18.24,20.50,1,1,1.000000
1724168483860305400,4,487.50,584.69,235.94,40.60,1,2,1.000000
1724168483860305400,34,527.23,632.64,18.88,16.89,1,1,1.000000
1724168483921816400,4,488.79,586.04,231.97,39.29,1,2,1.000000
1724168483921816400,34,527.79,631.23,19.00,17.47,1,1,1.000000
1724168483984666100,4,486.74,585.39,233.50,40.41,1,2,1.000000
1724168483984666100,34,529.53,630.61,21.73,19.50,1,1,1.000000
1724168484046836500,4,491.69,586.00,228.30,39.64,1,2,1.000000
1724168484046836500,34,529.16,628.86,17.56,22.60,1,1,1.000000
1724168484110749800,4,492.39,585.75,228.30,40.16,1,2,1.000000
1724168484315593400,4,491.82,586.00,227.35,40.69,1,2,1.000000
1724168484315593400,34,531.69,630.07,16.11,21.80,1,1,1.000000
1724168484343435300,4,489.66,586.32,228.43,39.82,1,2,1.000000
1724168484396340000,4,487.39,586.83,230.96,38.89,1,2,1.000000
1724168484444620800,4,487.45,586.82,229.71,39.45,1,2,1.000000
1724168484444620800,36,529.53,626.52,18.08,19.29,1,1,1.000000
1724168484493026800,4,487.57,586.73,231.64,40.23,1,2,1.000000
1724168484493026800,36,529.37,626.47,20.35,18.00,1,1,1.000000
1724168484550924900,4,492.13,586.86,229.75,41.34,1,2,1.000000
1724168484596347800,4,491.96,587.19,227.69,40.02,1,2,1.000000
1724168484638874800,4,494.83,587.33,226.82,40.41,1,2,1.000000
1724168484702822500,4,495.16,587.83,226.81,39.55,1,2,1.000000
1724168484765244600,4,494.90,588.51,223.32,39.28,1,2,1.000000
1724168484822173800,4,492.89,590.32,221.38,38.54,1,2,1.000000
1724168484822173800,40,514.51,623.51,22.83,16.68,1,1,1.000000
1724168484904660500,4,495.23,590.26,218.97,39.27,1,2,1.000000
1724168484904660500,40,513.65,620.95,31.47,16.64,1,1,1.000000
1724168484947233700,4,491.37,590.66,222.44,39.09,1,2,1.000000
1724168484947233700,40,514.03,622.99,38.57,23.18,1,1,1.000000
1724168485006399500,4,493.80,590.55,224.55,39.40,1,2,1.000000
1724168485006399500,40,515.78,623.01,33.05,21.56,1,1,1.000000
1724168485083566600,4,494.04,591.05,221.50,38.44,1,2,1.000000
1724168485083566600,40,516.99,622.69,36.55,23.56,1,1,1.000000
1724168485134391700,4,492.59,591.36,220.12,38.97,1,2,1.000000
1724168485134391700,40,517.14,622.21,43.25,24.53,1,1,1.000000
1724168485202202000,4,495.43,590.75,219.57,40.72,1,2,1.000000
1724168485202202000,40,521.15,621.37,44.81,26.38,1,1,1.000000
1724168485263370300,4,492.94,591.86,220.55,40.11,1,2,1.000000
1724168485263370300,40,515.60,618.88,55.72,24.60,1,1,1.000000
1724168485330242200,4,493.74,592.74,215.20,40.07,1,2,1.000000
1724168485330242200,36,524.54,633.67,28.14,18.51,1,1,1.000000
1724168485330242200,40,517.56,617.79,63.80,21.22,1,1,1.000000
1724168485330242200,42,606.04,624.62,30.28,15.08,1,1,1.000000
1724168485394771800,4,486.38,592.91,223.95,40.89,1,2,1.000000
1724168485394771800,36,526.71,636.10,27.35,19.01,1,1,1.000000
1724168485394771800,40,520.94,615.91,66.77,23.81,1,1,1.000000
1724168485394771800,42,608.10,623.29,37.75,16.13,1,1,1.000000
1724168485455285800,4,484.67,591.16,223.85,42.45,1,2,1.000000
1724168485455285800,36,526.09,630.09,31.81,27.05,1,1,1.000000
1724168485455285800,40,536.36,616.53,61.91,23.98,1,1,1.000000
1724168485455285800,42,613.39,624.39,42.17,16.73,1,1,1.000000
1724168485520540200,4,489.85,592.12,214.70,42.20,1,2,1.000000
1724168485520540200,36,530.10,635.15,30.26,21.43,1,1,1.000000
1724168485520540200,40,530.21,614.02,71.05,27.78,1,1,1.000000
1724168485520540200,42,613.92,623.56,52.31,20.68,1,1,1.000000
1724168485585106500,4,482.15,592.69,222.96,41.68,1,2,1.000000
1724168485585106500,36,530.76,633.69,32.93,24.73,1,1,1.000000
1724168485585106500,40,536.49,614.52,74.33,27.98,1,1,1.000000
1724168485585106500,42,625.96,624.39,44.36,22.04,1,1,1.000000
1724168485647100200,4,487.85,593.33,216.54,42.07,1,2,1.000000
1724168485647100200,36,534.31,637.99,27.37,18.35,1,1,1.000000
1724168485647100200,40,522.27,613.49,87.45,30.00,1,1,1.000000
1724168485647100200,42,632.15,623.84,44.63,23.84,1,1,1.000000
1724168485711668000,4,482.41,593.15,216.53,41.55,1,2,1.000000
1724168485711668000,36,533.83,633.33,22.25,19.27,1,1,1.000000
1724168485711668000,40,553.78,616.50,64.79,25.65,1,1,1.000000
1724168485711668000,42,632.41,624.28,42.68,21.30,1,1,1.000000
1724168485777175700,4,484.19,593.23,215.54,43.70,1,2,1.000000
1724168485777175700,36,535.44,636.40,18.54,19.12,1,1,1.000000
1724168485849809300,4,488.28,594.77,212.50,40.23,1,2,1.000000
1724168485849809300,36,535.30,635.73,15.76,20.37,1,1,1.000000
1724168485849809300,40,564.45,617.78,111.64,31.56,1,1,1.000000
1724168485908010600,4,494.62,595.80,206.45,38.53,1,2,1.000000
1724168485968094100,4,492.61,595.75,211.31,39.79,1,2,1.000000
1724168485968094100,40,566.62,619.25,109.32,30.69,1,1,1.000000
1724168485968094100,42,643.68,626.35,35.69,20.33,1,1,1.000000
1724168486037033000,4,492.46,596.91,207.47,38.63,1,2,1.000000
1724168486037033000,40,577.22,618.54,101.13,32.57,1,1,1.000000
1724168486101783000,4,491.36,596.57,208.65,39.04,1,2,1.000000
1724168486101783000,40,582.00,618.82,91.25,31.86,1,1,1.000000
1724168486168032600,4,488.11,596.35,211.74,39.31,1,2,1.000000
1724168486223881000,4,491.85,596.65,209.12,40.00,1,2,1.000000
1724168486223881000,40,587.22,618.56,85.30,33.74,1,1,1.000000
1724168486292471500,4,498.20,597.22,203.74,38.87,1,2,1.000000
1724168486292471500,40,598.71,620.41,72.30,31.14,1,1,1.000000
1724168486364829000,4,489.91,596.06,210.22,39.64,1,2,1.000000
1724168486364829000,40,600.60,620.45,70.07,30.85,1,1,1.000000
1724168486424058900,4,492.27,596.56,211.02,41.16,1,2,1.000000
1724168486424058900,40,604.03,620.85,68.18,30.67,1,1,1.000000
1724168486492196600,4,491.98,596.50,208.57,41.06,1,2,1.000000
1724168486492196600,40,610.11,621.39,65.08,30.64,1,1,1.000000
1724168486547471300,4,492.57,596.69,208.92,40.79,1,2,1.000000
1724168486547471300,40,614.81,621.56,59.71,30.16,1,1,1.000000
1724168486619718100,4,492.29,596.10,208.10,42.41,1,2,1.000000
1724168486619718100,40,611.84,623.52,64.44,27.53,1,1,1.000000
1724168486692756800,4,492.98,595.95,209.61,41.48,1,2,1.000000
1724168486692756800,40,632.86,628.21,42.21,22.55,1,1,1.000000
1724168486742596600,4,488.68,596.07,213.89,40.49,1,2,1.000000
1724168486742596600,40,638.73,629.77,36.91,18.74,1,1,1.000000
1724168486803732800,4,489.37,596.71,213.35,38.89,1,2,1.000000
1724168486803732800,40,650.02,630.14,31.13,18.60,1,1,1.000000
1724168486872039100,4,488.63,595.66,214.33,39.91,1,2,1.000000
1724168486872039100,40,655.49,628.64,22.77,16.01,1,1,1.000000
1724168486932764100,4,487.54,595.29,214.61,40.16,1,2,1.000000
1724168486932764100,40,663.08,628.87,19.85,15.53,1,1,1.000000
1724168486995948200,4,487.22,594.95,216.02,39.81,1,2,1.000000
1724168487063484100,4,486.36,595.32,216.34,38.07,1,2,1.000000
1724168487121784700,4,487.78,594.75,213.63,39.09,1,2,1.000000
1724168487190060600,4,495.33,595.22,207.64,38.86,1,2,1.000000
1724168487250474300,4,490.15,594.45,214.11,38.86,1,2,1.000000
1724168487325406700,4,494.07,594.91,210.99,39.14,1,2,1.000000
1724168487378812000,4,492.87,593.91,214.27,40.37,1,2,1.000000
1724168487447866800,4,495.13,593.59,212.77,40.28,1,2,1.000000
1724168487515390800,4,496.68,594.02,209.29,40.14,1,2,1.000000
1724168487571718000,4,492.74,594.67,212.37,38.60,1,2,1.000000
1724168487632593700,4,496.15,594.82,209.42,38.66,1,2,1.000000
1724168487703461900,4,493.69,593.96,212.35,41.30,1,2,1.000000
1724168487760833800,4,493.35,594.44,211.37,39.48,1,2,1.000000
1724168487823509700,4,493.07,594.42,211.24,39.26,1,2,1.000000
1724168487888382600,4,491.92,594.62,212.79,39.74,1,2,1.000000
1724168487950671200,4,492.19,594.80,211.11,39.83,1,2,1.000000
1724168488013679100,4,493.92,595.02,209.83,39.67,1,2,1.000000
1724168488079361300,4,492.33,594.49,214.75,41.74,1,2,1.000000
1724168488143431100,4,493.50,595.43,211.53,40.79,1,2,1.000000
1724168488208285300,4,493.20,595.50,210.38,40.37,1,2,1.000000
1724168488281610800,4,495.32,595.72,209.02,40.76,1,2,1.000000
1724168488348641700,4,497.82,596.08,207.77,39.88,1,2,1.000000
1724168488405486000,4,497.07,596.05,207.42,40.85,1,2,1.000000
1724168488470140200,4,498.74,596.84,205.17,40.03,1,2,1.000000
1724168488532349000,4,497.74,596.71,207.50,39.73,1,2,1.000000
1724168488595235900,4,499.97,597.89,204.79,38.02,1,2,1.000000
1724168488657497300,4,499.73,597.52,201.15,37.95,1,2,1.000000
1724168488727723000,4,495.73,597.97,206.80,38.30,1,2,1.000000
1724168488786132100,4,497.83,598.14,203.34,38.73,1,2,1.000000
1724168488856596700,4,498.03,598.12,204.68,39.14,1,2,1.000000
1724168488913876000,4,499.38,598.01,203.87,38.38,1,2,1.000000
1724168488986186300,4,495.17,598.02,206.85,38.37,1,2,1.000000
1724168489047699100,4,494.49,597.70,208.10,39.34,1,2,1.000000
1724168489112873000,4,494.43,597.59,209.96,40.17,1,2,1.000000
1724168489172761600,4,497.74,598.04,203.52,39.89,1,2,1.000000
1724168489230057300,4,495.48,597.44,206.65,40.20,1,2,1.000000
1724168489309875000,4,497.93,598.02,204.96,39.22,1,2,1.000000
1724168489361344400,4,493.73,596.93,208.41,40.80,1,2,1.000000
1724168489427358800,4,495.44,597.51,207.51,40.29,1,2,1.000000
1724168489495403900,4,498.27,597.56,203.92,39.76,1,2,1.000000
1724168489552468900,4,495.51,597.31,205.86,40.24,1,2,1.000000
1724168489624883700,4,493.08,597.11,208.55,39.84,1,2,1.000000
1724168489684062600,4,491.24,596.66,208.18,40.45,1,2,1.000000
1724168489745683800,4,496.43,596.91,203.82,40.04,1,2,1.000000
1724168489811562900,4,498.66,597.25,202.52,38.87,1,2,1.000000
1724168489882432000,4,494.45,597.02,207.30,39.32,1,2,1.000000
1724168489942209100,4,496.98,597.27,205.08,40.02,1,2,1.000000
1724168490010832100,4,495.85,597.25,206.51,39.80,1,2,1.000000
1724168490085185400,4,498.20,596.18,206.49,40.87,1,2,1.000000
1724168490143090200,4,498.57,596.53,206.81,39.88,1,2,1.000000
1724168490199493900,4,497.76,595.21,211.66,41.19,1,2,1.000000
1724168490257012100,4,498.77,597.26,203.25,40.43,1,2,1.000000
1724168490384959400,4,501.14,597.06,203.76,39.37,1,2,1.000000
1724168490432819100,4,498.03,596.21,208.50,39.56,1,2,1.000000
1724168490488239900,4,496.46,596.63,209.39,39.60,1,2,1.000000
1724168490524348100,4,499.36,595.97,203.86,40.71,1,2,1.000000
1724168490593385600,4,499.48,596.33,207.64,39.55,1,2,1.000000
1724168490643706900,4,497.57,596.40,207.73,40.01,1,2,1.000000
1724168490707754400,4,497.40,596.56,205.38,39.77,1,2,1.000000
1724168490773366200,4,498.00,596.42,209.15,40.22,1,2,1.000000
1724168490837743400,4,493.66,596.25,213.88,40.54,1,2,1.000000
1724168490898780100,4,498.70,597.07,203.91,39.28,1,2,1.000000
1724168490963122800,4,495.67,597.68,206.85,38.95,1,2,1.000000
1724168491023573600,4,493.59,596.54,208.82,39.57,1,2,1.000000
1724168491099670400,4,494.33,597.17,210.80,39.21,1,2,1.000000
1724168491158662500,4,494.73,596.81,209.89,40.32,1,2,1.000000
1724168491222451600,4,498.27,596.60,207.11,40.01,1,2,1.000000
1724168491281718700,4,500.40,597.27,203.47,39.34,1,2,1.000000
1724168491351179600,4,497.53,597.96,205.32,39.51,1,2,1.000000
1724168491406500500,4,494.81,597.65,210.13,40.45,1,2,1.000000
1724168491476929900,4,494.88,597.17,209.02,39.72,1,2,1.000000
1724168491539284300,4,498.07,597.51,207.45,38.69,1,2,1.000000
1724168491601972800,4,499.50,596.89,208.80,40.96,1,2,1.000000
1724168491670570400,4,497.02,596.55,207.59,41.66,1,2,1.000000
1724168491730068500,4,497.19,597.86,206.57,39.87,1,2,1.000000
1724168491795989600,4,497.95,597.54,205.92,40.54,1,2,1.000000
1724168491858959300,4,498.48,597.27,209.61,40.44,1,2,1.000000
1724168491922880800,4,497.68,597.34,206.34,40.30,1,2,1.000000
1724168491984733200,4,495.98,596.56,208.03,41.37,1,2,1.000000
1724168492051726400,4,494.53,597.80,210.09,39.05,1,2,1.000000
1724168492118594200,4,498.25,597.86,207.52,40.07,1,2,1.000000
1724168492177632100,4,493.24,596.70,212.56,40.81,1,2,1.000000
1724168492242879700,4,496.36,596.26,213.89,42.08,1,2,1.000000
1724168492308034500,4,496.52,597.01,212.61,40.26,1,2,1.000000
1724168492374149100,4,495.49,597.02,210.63,39.89,1,2,1.000000
1724168492437362500,4,497.49,597.12,209.88,40.25,1,2,1.000000
1724168492505507400,4,499.53,596.87,208.27,40.75,1,2,1.000000
1724168492567291800,4,491.46,596.37,215.44,41.63,1,2,1.000000
1724168492623166600,4,495.82,596.73,211.89,40.43,1,2,1.000000
1724168492693401100,4,498.28,597.00,209.07,40.95,1,2,1.000000
1724168492761355200,4,493.23,596.00,215.16,42.72,1,2,1.000000
1724168492817138900,4,493.34,595.70,215.55,42.82,1,2,1.000000
1724168492883477700,4,494.00,597.70,209.16,41.48,1,2,1.000000
1724168492956365400,4,498.57,597.03,207.76,42.55,1,2,1.000000
1724168493005744000,4,495.99,596.77,213.28,42.12,1,2,1.000000
1724168493076130900,4,495.25,597.07,209.62,42.53,1,2,1.000000
1724168493136790000,4,497.63,596.37,211.16,44.21,1,2,1.000000
1724168493203040800,4,497.12,595.67,214.58,45.96,1,2,1.000000
1724168493270503900,4,497.31,596.54,209.16,44.49,1,2,1.000000
1724168493329865900,4,495.80,596.22,208.28,45.03,1,2,1.000000
1724168493392566300,4,502.13,596.81,201.43,44.23,1,2,1.000000
1724168493459115700,4,497.81,597.37,202.13,44.19,1,2,1.000000
1724168493528701900,4,499.44,596.56,204.17,44.96,1,2,1.000000
1724168493585666900,4,499.67,596.90,199.78,44.79,1,2,1.000000
1724168493647228100,4,497.93,598.20,200.81,45.40,1,2,1.000000
1724168493720707500,4,500.75,598.54,201.55,45.34,1,2,1.000000
1724168493720707500,50,501.87,597.98,201.04,43.64,1,2,1.000000
1724168493778104500,4,495.90,597.70,206.07,46.80,1,2,1.000000
1724168493778104500,50,497.15,597.26,205.40,44.75,1,2,1.000000
1724168493905343600,4,499.67,598.30,203.48,43.38,1,2,1.000000
1724168493969726300,4,496.32,597.17,212.04,44.57,1,2,1.000000
1724168494035892800,4,494.26,596.24,213.67,46.22,1,2,1.000000
1724168494109664600,4,497.73,597.87,207.91,47.07,1,2,1.000000
1724168494170294400,4,494.93,596.80,209.05,45.68,1,2,1.000000
1724168494235745200,4,496.39,596.89,208.58,45.19,1,2,1.000000
1724168494235745200,52,496.12,597.44,207.85,47.22,1,2,1.000000
1724168494353683400,4,494.34,596.62,208.80,45.61,1,2,1.000000
1724168494427091300,4,496.32,596.42,204.87,49.04,1,2,1.000000
1724168494486706200,4,502.90,597.17,201.57,43.68,1,2,1.000000
1724168494551065900,4,501.66,597.35,201.68,43.97,1,2,1.000000
1724168494610028700,4,500.05,598.59,198.75,42.79,1,2,1.000000
1724168494610028700,54,498.93,599.27,199.68,44.56,1,2,1.000000
1724168494676535500,4,492.11,596.76,209.85,45.32,1,2,1.000000
1724168494676535500,54,491.24,597.15,210.81,46.95,1,2,1.000000
1724168494747275900,4,498.37,597.81,205.91,43.33,1,2,1.000000
1724168494800038700,4,493.58,598.00,210.50,46.49,1,2,1.000000
1724168494861070900,4,494.47,597.82,207.78,45.61,1,2,1.000000
1724168494928720000,4,496.20,599.08,208.68,44.67,1,2,1.000000
1724168494928720000,55,496.91,598.29,208.58,43.04,1,2,1.000000
1724168495000342100,4,500.49,599.24,203.42,44.75,1,2,1.000000
1724168495066066200,4,494.42,597.94,211.98,45.83,1,2,1.000000
1724168495120216600,4,498.41,598.43,207.15,45.91,1,2,1.000000
1724168495184768900,4,494.40,597.78,209.57,46.78,1,2,1.000000
1724168495248514400,4,498.20,598.98,204.38,45.70,1,2,1.000000
1724168495311985800,4,498.63,599.55,204.82,44.83,1,2,1.000000
1724168495374321400,4,498.61,600.72,201.13,43.57,1,2,1.000000
1724168495437817200,4,498.63,599.64,203.49,44.71,1,2,1.000000
1724168495508342100,4,499.74,598.97,204.82,44.89,1,2,1.000000
1724168495620374100,4,499.62,600.42,201.82,43.67,1,2,1.000000
1724168495666693300,4,501.47,600.63,199.38,41.21,1,2,1.000000
1724168495726948900,4,500.34,600.10,199.53,39.90,1,2,1.000000
1724168495792087700,4,500.35,600.19,199.76,39.11,1,2,1.000000
1724168495843365000,4,502.71,599.61,201.22,39.36,1,2,1.000000
1724168495904006200,4,501.94,599.84,203.35,39.65,1,2,1.000000
1724168495969469800,4,501.70,599.67,200.56,39.00,1,2,1.000000
1724168496020092900,4,502.03,599.72,200.31,39.18,1,2,1.000000
1724168496092356300,4,504.61,600.04,199.03,39.00,1,2,1.000000
1724168496155482300,4,504.33,599.52,196.23,40.09,1,2,1.000000
1724168496218240100,4,502.64,599.52,199.44,39.45,1,2,1.000000
1724168496272425900,4,505.00,600.60,197.95,38.37,1,2,1.000000
1724168496349679300,4,503.67,600.32,199.33,39.09,1,2,1.000000
1724168496406358600,4,504.10,599.84,198.72,39.47,1,2,1.000000
1724168496464304700,4,504.52,599.90,195.52,40.43,1,2,1.000000
1724168496529834700,4,504.68,600.77,197.71,41.56,1,2,1.000000
1724168496601999800,4,504.23,600.61,196.40,41.94,1,2,1.000000
1724168496656957200,4,504.92,599.08,196.93,41.58,1,2,1.000000
1724168496720124700,4,503.80,600.78,197.04,41.49,1,2,1.000000
1724168496788675500,4,503.88,600.23,198.92,42.05,1,2,1.000000
1724168496848229900,4,508.10,601.86,187.44,39.70,1,2,1.000000
1724168496920758600,4,509.23,599.57,189.69,40.17,1,2,1.000000
1724168496988070500,4,509.16,600.94,190.56,40.83,1,2,1.000000
1724168497042877500,4,507.74,601.24,191.46,41.11,1,2,1.000000
1724168497104540700,4,507.26,600.22,191.71,42.62,1,2,1.000000
1724168497167625400,4,508.94,601.75,189.48,40.49,1,2,1.000000
1724168497235307400,4,507.64,601.54,191.18,41.20,1,2,1.000000
1724168497299155000,4,507.07,602.39,193.38,40.60,1,2,1.000000
1724168497371398600,4,507.30,603.17,189.37,39.44,1,2,1.000000
1724168497425450900,4,507.43,603.38,188.39,39.46,1,2,1.000000
1724168497485640600,4,508.10,603.58,188.33,39.82,1,2,1.000000
1724168497561427300,4,505.85,603.57,190.67,40.63,1,2,1.000000
1724168497621398100,4,509.30,603.23,188.33,39.87,1,2,1.000000
1724168497684389600,4,504.75,602.90,194.20,39.98,1,2,1.000000
1724168497748032700,4,504.78,602.99,194.16,40.42,1,2,1.000000
1724168497810314700,4,506.25,602.30,195.76,41.32,1,2,1.000000
1724168497874459100,4,508.10,602.66,190.66,41.40,1,2,1.000000
1724168497938836300,4,506.35,602.77,190.39,40.69,1,2,1.000000
1724168498002074900,4,508.40,603.32,190.85,40.02,1,2,1.000000
1724168498083203600,4,508.68,601.85,190.79,41.69,1,2,1.000000
1724168498134350500,4,505.65,602.36,197.93,40.55,1,2,1.000000
1724168498190510100,4,504.53,601.58,197.64,40.46,1,2,1.000000
1724168498266567800,4,503.94,599.84,199.08,43.08,1,2,1.000000
1724168498322812100,4,507.92,600.85,191.55,41.12,1,2,1.000000
1724168498390955800,4,505.22,599.90,199.13,41.81,1,2,1.000000
1724168498451488300,4,507.66,600.02,196.18,41.22,1,2,1.000000
1724168498451488300,63,509.30,598.91,197.58,41.06,1,2,1.000000
1724168498515115200,4,504.64,599.45,203.36,40.64,1,2,1.000000
1724168498515115200,63,504.08,600.21,203.29,41.16,1,2,1.000000
1724168498638801100,4,508.72,600.17,194.59,39.02,1,2,1.000000
1724168498703304500,4,507.58,601.45,197.88,39.41,1,2,1.000000
1724168498774140500,4,506.72,601.22,197.31,40.04,1,2,1.000000
1724168498774140500,64,508.37,600.18,198.27,39.72,1,2,1.000000
1724168498833175300,4,505.03,601.42,201.66,40.58,1,2,1.000000
1724168498897446900,4,508.22,601.03,196.41,40.13,1,2,1.000000
1724168498973040600,4,507.23,599.81,201.38,39.83,1,2,1.000000
1724168499024779100,4,505.70,599.75,202.30,40.42,1,2,1.000000
1724168499089889100,4,506.64,599.07,202.13,40.92,1,2,1.000000
1724168499152266300,4,505.60,600.18,202.62,39.50,1,2,1.000000
1724168499217419400,4,504.08,598.88,203.53,40.74,1,2,1.000000
1724168499280704000,4,508.38,599.62,200.01,39.76,1,2,1.000000
1724168499342687700,4,509.41,600.55,198.07,38.53,1,2,1.000000
1724168499416494600,4,507.28,600.11,202.37,38.35,1,2,1.000000
1724168499477061400,4,506.83,599.51,201.21,40.11,1,2,1.000000
1724168499541955100,4,503.76,599.95,205.72,39.62,1,2,1.000000
1724168499608757900,4,503.66,599.06,213.02,40.77,1,2,1.000000
1724168499669933800,4,504.00,599.26,206.65,39.89,1,2,1.000000
1724168499729779700,4,508.16,600.65,199.73,38.61,1,2,1.000000
1724168499792892600,4,507.92,600.13,199.53,38.00,1,2,1.000000
1724168499792892600,67,506.59,601.03,198.32,37.25,1,2,1.000000
1724168499875632800,4,508.72,599.07,203.00,39.05,1,2,1.000000
1724168499875632800,67,507.35,599.95,201.88,38.34,1,2,1.000000
1724168499923387500,4,506.45,600.46,199.63,38.31,1,2,1.000000
1724168499923387500,67,505.37,601.46,199.00,37.31,1,2,1.000000
1724168499985291100,4,505.91,600.68,203.84,37.43,1,2,1.000000
1724168499985291100,67,504.60,601.54,202.76,36.65,1,2,1.000000
1724168500050050200,4,506.69,600.96,197.68,37.27,1,2,1.000000
1724168500050050200,67,505.28,601.97,197.06,36.22,1,2,1.000000
1724168500117063700,4,507.52,600.86,197.22,38.05,1,2,1.000000
1724168500117063700,67,505.74,602.42,196.74,38.00,1,2,1.000000
1724168500186814100,4,505.79,600.88,201.17,37.37,1,2,1.000000
1724168500242200500,4,507.76,601.42,198.18,36.60,1,2,1.000000
1724168500313470400,4,510.20,601.56,190.07,36.47,1,2,1.000000
1724168500383328500,4,506.09,601.19,194.64,37.57,1,2,1.000000
1724168500439542500,4,505.32,600.72,195.46,39.07,1,2,1.000000
1724168500505889000,4,503.27,599.80,199.45,39.61,1,2,1.000000
1724168500561823700,4,496.77,599.47,206.22,40.00,1,2,1.000000
1724168500624381000,4,499.31,598.06,207.53,41.97,1,2,1.000000
1724168500696016500,4,503.33,599.92,201.27,39.23,1,2,1.000000
1724168500754394700,4,497.76,597.89,206.42,41.51,1,2,1.000000
1724168500818848700,4,497.56,598.10,207.67,41.21,1,2,1.000000
1724168500882704600,4,499.81,597.85,204.27,41.56,1,2,1.000000
1724168500947808800,4,500.19,598.21,207.50,40.91,1,2,1.000000
1724168501005964100,4,503.73,598.39,202.18,40.96,1,2,1.000000
1724168501076363400,4,499.76,598.98,205.01,39.86,1,2,1.000000
1724168501139549300,4,500.08,598.43,205.21,39.74,1,2,1.000000
1724168501234650100,4,501.17,599.31,203.05,38.94,1,2,1.000000
1724168501281309700,4,502.30,598.87,202.46,39.27,1,2,1.000000
1724168501328773100,4,497.04,597.48,208.97,41.69,1,2,1.000000
1724168501397379200,4,493.75,597.03,214.19,41.76,1,2,1.000000
1724168501459528900,4,493.71,596.22,211.92,42.42,1,2,1.000000
1724168501523063000,4,493.51,596.37,214.30,41.16,1,2,1.000000
1724168501613468300,4,495.64,595.90,210.33,41.92,1,2,1.000000
1724168501654302700,4,494.61,596.95,210.00,40.68,1,2,1.000000
1724168501716632400,4,496.60,596.34,210.99,40.19,1,2,1.000000
1724168501782582900,4,496.59,596.48,207.80,39.47,1,2,1.000000
1724168501849720800,4,493.29,595.78,211.20,40.07,1,2,1.000000
1724168501905303300,4,494.56,595.07,212.28,40.54,1,2,1.000000
1724168501967855800,4,495.02,594.75,213.12,42.21,1,2,1.000000
1724168502039058900,4,496.61,595.44,209.14,41.26,1,2,1.000000
1724168502101890200,4,493.95,594.64,212.60,41.85,1,2,1.000000
1724168502166794800,4,496.84,596.48,210.92,39.67,1,2,1.000000
1724168502235246600,4,496.94,594.71,213.66,41.51,1,2,1.000000
1724168502345672800,4,495.77,593.89,216.68,42.93,1,2,1.000000
1724168502398522800,4,495.11,594.50,215.56,42.78,1,2,1.000000
1724168502457001600,4,499.12,596.08,210.84,39.78,1,2,1.000000
1724168502497051900,4,493.90,595.42,217.19,39.62,1,2,1.000000
1724168502607319200,4,496.56,594.95,211.59,41.64,1,2,1.000000
1724168502630769900,4,497.13,595.19,213.20,39.66,1,2,1.000000
1724168502675699200,4,493.36,594.60,215.81,41.46,1,2,1.000000
1724168502736843200,4,496.44,593.96,217.05,41.69,1,2,1.000000
1724168502807033000,4,497.92,595.18,215.32,41.62,1,2,1.000000
1724168502864940300,4,498.45,594.19,213.07,42.93,1,2,1.000000
1724168502927414400,4,497.84,594.93,211.59,42.83,1,2,1.000000
1724168502992519500,4,497.10,595.54,213.25,40.36,1,2,1.000000
1724168503056418700,4,497.77,596.63,209.90,39.79,1,2,1.000000
1724168503121155000,4,497.97,595.57,210.21,42.14,1,2,1.000000
1724168503185907900,4,497.09,596.03,210.85,41.62,1,2,1.000000
1724168503247230600,4,499.02,594.29,211.35,43.51,1,2,1.000000
1724168503313627700,4,497.86,594.74,209.74,42.63,1,2,1.000000
1724168503380379700,4,497.95,595.02,209.85,43.08,1,2,1.000000
1724168503455257500,4,498.78,595.60,207.13,42.76,1,2,1.000000
1724168503510197900,4,497.83,595.25,211.20,42.37,1,2,1.000000
1724168503573206600,4,497.68,593.74,214.01,44.51,1,2,1.000000
1724168503632991700,4,500.87,594.23,210.01,43.78,1,2,1.000000
1724168503695631300,4,494.50,595.05,211.82,41.53,1,2,1.000000
1724168503763341400,4,497.29,594.98,210.97,42.37,1,2,1.000000
1724168503833231000,4,498.29,595.45,208.50,41.68,1,2,1.000000
1724168503889889800,4,494.87,594.69,212.84,41.55,1,2,1.000000
1724168503960289800,4,497.87,594.56,212.14,43.02,1,2,1.000000
1724168504017683900,4,496.46,594.73,211.17,43.15,1,2,1.000000
1724168504081976300,4,496.93,594.13,210.89,43.14,1,2,1.000000
1724168504146522400,4,495.80,595.23,211.87,41.67,1,2,1.000000
1724168504228222200,4,495.48,594.01,213.11,43.10,1,2,1.000000
1724168504277882100,4,497.45,593.72,210.33,43.70,1,2,1.000000
1724168504337095100,4,497.05,594.90,211.03,41.92,1,2,1.000000
1724168504399353800,4,498.89,594.74,208.74,41.78,1,2,1.000000
1724168504469242500,4,501.78,594.22,206.57,42.85,1,2,1.000000
1724168504538856500,4,498.96,594.26,208.29,42.50,1,2,1.000000
1724168504600091900,4,496.49,594.68,209.05,42.05,1,2,1.000000
1724168504659485900,4,496.28,593.74,215.23,43.63,1,2,1.000000
1724168504720751400,4,496.00,594.46,216.12,42.14,1,2,1.000000
1724168504792856700,4,497.53,594.65,213.90,41.79,1,2,1.000000
1724168504850945500,4,500.13,595.23,211.15,40.35,1,2,1.000000
1724168504912641300,4,499.55,595.42,212.69,40.23,1,2,1.000000
1724168504979219500,4,497.42,595.78,214.43,39.14,1,2,1.000000
1724168505041984400,4,497.65,594.86,214.39,41.67,1,2,1.000000
1724168505102488300,4,496.67,594.76,212.97,41.57,1,2,1.000000
1724168505169687400,4,499.71,596.57,211.35,39.07,1,2,1.000000
1724168505237982000,4,498.08,595.10,216.42,40.80,1,2,1.000000
1724168505237982000,70,513.26,625.38,14.56,9.46,1,1,1.000000
1724168505303254900,4,499.10,595.58,215.22,41.43,1,2,1.000000
1724168505369058300,4,497.26,595.14,216.33,41.89,1,2,1.000000
1724168505369058300,70,509.76,624.56,19.64,10.32,1,1,1.000000
1724168505426775400,4,497.78,596.24,214.36,40.36,1,2,1.000000
1724168505426775400,70,511.81,624.89,20.57,8.90,1,1,1.000000
1724168505488496900,4,496.58,596.92,211.81,39.10,1,2,1.000000
1724168505562272800,4,500.02,597.25,207.04,39.87,1,2,1.000000
1724168505562272800,72,515.56,628.69,20.12,12.51,1,1,1.000000
1724168505562272800,73,516.44,628.57,20.18,14.17,1,1,1.000000
1724168505621353000,4,498.83,597.23,209.68,39.41,1,2,1.000000
1724168505621353000,73,517.63,628.14,27.97,15.83,1,1,1.000000
1724168505686142900,4,499.03,597.23,207.55,39.11,1,2,1.000000
1724168505686142900,73,523.40,630.06,27.92,15.05,1,1,1.000000
1724168505743071700,4,498.73,597.66,207.64,38.33,1,2,1.000000
1724168505743071700,73,515.86,626.31,39.98,20.36,1,1,1.000000
1724168505813729100,4,500.87,597.80,210.49,38.58,1,2,1.000000
1724168505813729100,73,520.13,627.68,39.03,19.17,1,1,1.000000
1724168505875129500,4,499.14,597.40,206.45,39.00,1,2,1.000000
1724168505875129500,73,519.38,627.21,39.42,19.55,1,1,1.000000
1724168505944235600,4,501.83,597.46,201.07,39.90,1,2,1.000000
1724168505944235600,73,521.74,628.20,37.26,18.80,1,1,1.000000
1724168506003209000,4,499.50,597.78,208.23,38.78,1,2,1.000000
1724168506003209000,73,529.85,630.17,37.05,19.29,1,1,1.000000
1724168506067990700,4,502.68,598.46,200.53,38.40,1,2,1.000000
1724168506067990700,73,533.02,629.01,41.61,21.41,1,1,1.000000
1724168506138076500,4,500.77,597.58,207.00,40.12,1,2,1.000000
1724168506138076500,73,530.00,628.08,44.49,21.41,1,1,1.000000
1724168506198044700,4,501.49,597.93,209.18,38.33,1,2,1.000000
1724168506198044700,73,524.38,627.45,53.43,22.91,1,1,1.000000
1724168506262489500,4,498.86,598.11,209.33,38.82,1,2,1.000000
1724168506262489500,73,532.38,629.03,52.02,23.12,1,1,1.000000
1724168506329207900,4,502.66,599.38,203.76,38.60,1,2,1.000000
1724168506329207900,73,524.22,626.17,71.14,25.33,1,1,1.000000
1724168506392027800,4,500.82,598.52,206.62,39.11,1,2,1.000000
1724168506392027800,73,524.91,628.79,72.27,24.43,1,1,1.000000
1724168506451043100,4,504.44,598.64,203.72,39.64,1,2,1.000000
1724168506451043100,73,527.05,627.86,67.75,24.99,1,1,1.000000
1724168506519119600,4,503.42,598.84,203.21,38.86,1,2,1.000000
1724168506519119600,73,529.00,628.95,62.86,23.91,1,1,1.000000
1724168506585191000,4,507.08,601.13,194.15,35.89,1,2,1.000000
1724168506585191000,73,530.84,626.19,71.41,29.86,1,1,1.000000
1724168506646734600,4,504.31,600.58,201.61,36.69,1,2,1.000000
1724168506646734600,73,533.18,626.35,69.49,30.51,1,1,1.000000
1724168506705460200,4,502.10,600.44,202.06,37.39,1,2,1.000000
1724168506705460200,73,532.16,625.71,69.41,30.63,1,1,1.000000
1724168506772353000,4,505.19,600.42,197.25,37.41,1,2,1.000000
1724168506772353000,73,555.00,626.70,49.35,30.83,1,1,1.000000
1724168506832096700,4,504.89,600.45,201.36,37.39,1,2,1.000000
1724168506832096700,73,556.54,626.61,53.09,30.11,1,1,1.000000
1724168506899215700,4,504.26,600.30,199.14,37.47,1,2,1.000000
1724168506899215700,73,557.68,625.53,57.30,31.70,1,1,1.000000
1724168506962136800,4,502.85,600.51,202.80,37.31,1,2,1.000000
1724168506962136800,73,549.02,623.85,73.14,32.95,1,1,1.000000
1724168507030331900,4,497.62,599.17,205.01,38.75,1,2,1.000000
1724168507030331900,72,535.29,637.55,14.40,11.23,1,1,1.000000
1724168507030331900,73,564.79,624.22,58.74,30.25,1,1,1.000000
1724168507098141100,4,492.75,598.28,211.09,40.22,1,2,1.000000
1724168507098141100,73,571.58,623.03,68.75,32.30,1,1,1.000000
1724168507159158700,4,500.12,598.04,200.67,40.37,1,2,1.000000
1724168507159158700,73,580.74,624.24,58.60,32.30,1,1,1.000000
1724168507218792500,4,492.70,597.64,208.00,40.46,1,2,1.000000
1724168507218792500,73,580.24,623.99,60.46,32.95,1,1,1.000000
1724168507278825500,4,492.47,595.94,206.21,43.70,1,2,1.000000
1724168507278825500,73,585.64,624.04,59.90,33.25,1,1,1.000000
1724168507343997700,4,492.41,596.80,207.63,43.25,1,2,1.000000
1724168507343997700,73,589.86,623.80,59.86,32.59,1,1,1.000000
1724168507416384300,4,492.25,596.12,204.88,43.85,1,2,1.000000
1724168507416384300,73,597.50,624.91,56.14,31.82,1,1,1.000000
1724168507479028500,4,491.72,594.17,211.56,45.55,1,2,1.000000
1724168507479028500,73,597.17,624.22,61.02,32.37,1,1,1.000000
1724168507548263700,4,494.04,596.99,208.59,41.90,1,2,1.000000
1724168507548263700,73,602.17,625.95,57.07,30.81,1,1,1.000000
1724168507607965600,4,493.31,596.71,210.75,43.03,1,2,1.000000
1724168507607965600,73,599.43,624.68,67.08,29.83,1,1,1.000000
1724168507667898900,4,496.26,596.67,207.63,42.12,1,2,1.000000
1724168507667898900,73,600.22,624.51,64.43,29.65,1,1,1.000000
1724168507728554300,4,494.44,595.62,210.15,43.16,1,2,1.000000
1724168507728554300,73,600.08,624.16,66.98,29.32,1,1,1.000000
1724168507797999500,4,497.62,597.16,207.73,41.01,1,2,1.000000
1724168507797999500,73,599.95,623.63,69.36,31.11,1,1,1.000000
1724168507858103200,4,499.55,597.23,205.16,38.65,1,2,1.000000
1724168507858103200,73,617.91,628.52,54.84,21.55,1,1,1.000000
1724168507926367000,4,499.24,597.34,204.73,38.05,1,2,1.000000
1724168507926367000,73,621.98,629.35,49.16,21.15,1,1,1.000000
1724168507991670400,4,500.30,597.47,208.41,38.35,1,2,1.000000
1724168507991670400,73,632.82,626.65,43.88,21.32,1,1,1.000000
1724168508049016200,4,500.04,596.72,205.87,38.65,1,2,1.000000
1724168508049016200,73,631.41,627.36,41.46,18.08,1,1,1.000000
1724168508112302000,4,501.21,597.03,212.09,37.62,1,2,1.000000
1724168508112302000,73,638.09,626.78,40.80,17.65,1,1,1.000000
1724168508178505700,4,501.75,597.24,215.41,37.84,1,2,1.000000
1724168508178505700,73,637.55,625.89,35.00,19.08,1,1,1.000000
1724168508178505700,80,637.78,626.31,33.99,18.71,1,1,1.000000
1724168508242458400,4,501.05,596.57,216.03,38.61,1,2,1.000000
1724168508242458400,73,637.31,624.97,45.43,22.23,1,1,1.000000
1724168508314635100,4,505.16,597.17,208.84,39.05,1,2,1.000000
1724168508314635100,73,647.82,625.65,34.53,16.31,1,1,1.000000
1724168508370156600,4,503.49,596.11,215.42,40.04,1,2,1.000000
1724168508436649900,4,503.13,597.55,211.41,39.03,1,2,1.000000
1724168508516865300,4,504.72,598.16,206.49,37.78,1,2,1.000000
1724168508575313200,4,506.46,599.34,204.33,37.24,1,2,1.000000
1724168508624433000,4,507.30,599.61,200.58,37.84,1,2,1.000000
1724168508688415300,4,506.57,599.14,209.29,38.95,1,2,1.000000
1724168508761888600,4,505.93,599.55,205.79,38.60,1,2,1.000000
1724168508820836000,4,507.56,600.78,197.88,37.74,1,2,1.000000
1724168508888216400,4,509.71,601.41,193.25,36.59,1,2,1.000000
1724168508948799200,4,508.13,600.55,196.53,37.97,1,2,1.000000
1724168509031420400,4,507.24,598.60,197.44,40.20,1,2,1.000000
1724168509078655300,4,505.77,598.59,196.77,40.50,1,2,1.000000
1724168509137181600,4,507.12,598.70,197.84,40.32,1,2,1.000000
1724168509207925500,4,508.48,598.32,194.61,40.33,1,2,1.000000
1724168509265717800,4,506.72,598.57,196.16,40.35,1,2,1.000000
1724168509332496800,4,505.44,597.89,199.79,40.40,1,2,1.000000
1724168509399768300,4,505.17,597.32,198.00,40.60,1,2,1.000000
1724168509456199400,4,503.71,597.31,202.98,40.49,1,2,1.000000
1724168509518783900,4,504.12,596.78,202.59,41.02,1,2,1.000000
1724168509583018800,4,504.60,595.77,201.20,40.52,1,2,1.000000
1724168509646490600,4,504.55,594.15,201.77,42.35,1,2,1.000000
1724168509717565800,4,504.39,595.31,204.06,40.30,1,2,1.000000
1724168509777134500,4,504.78,595.50,206.18,39.73,1,2,1.000000
1724168509844283100,4,502.24,594.24,209.39,39.72,1,2,1.000000
1724168509911004700,4,502.49,594.72,210.00,40.14,1,2,1.000000
1724168509971452600,4,503.05,592.63,210.41,41.72,1,2,1.000000
1724168510032910300,4,501.03,591.32,211.98,41.90,1,2,1.000000
1724168510108680200,4,500.63,591.63,209.19,40.27,1,2,1.000000
1724168510163486800,4,500.46,589.60,213.49,40.45,1,2,1.000000
1724168510236351500,4,500.08,589.86,213.75,41.03,1,2,1.000000
1724168510296714200,4,498.72,588.89,213.79,40.25,1,2,1.000000
1724168510353894200,4,499.38,587.19,216.86,41.72,1,2,1.000000
1724168510415121500,4,497.43,587.29,218.13,41.13,1,2,1.000000
1724168510511967800,4,490.94,585.17,224.17,42.76,1,2,1.000000
1724168510575245100,4,490.94,584.71,225.99,44.02,1,2,1.000000
1724168510635638600,4,490.94,583.73,228.19,43.60,1,2,1.000000
1724168510685604200,4,489.65,583.79,231.38,41.29,1,2,1.000000
1724168510754595600,4,492.77,583.29,223.59,41.67,1,2,1.000000
1724168510814819600,4,490.36,582.20,231.39,42.82,1,2,1.000000
1724168510883086700,4,487.66,580.72,234.59,43.05,1,2,1.000000
1724168510945119700,4,488.29,580.80,232.40,41.87,1,2,1.000000
1724168510998155300,4,485.00,580.41,235.75,40.70,1,2,1.000000
1724168511065175700,4,484.06,579.19,240.66,41.11,1,2,1.000000
1724168511125639500,4,482.05,577.81,243.89,42.18,1,2,1.000000
1724168511184810500,4,486.09,576.97,239.68,42.87,1,2,1.000000
1724168511247200800,4,482.07,574.40,244.34,45.54,1,2,1.000000
1724168511324440200,4,480.81,572.86,249.26,44.42,1,2,1.000000
1724168511378577000,4,483.45,572.62,246.02,44.29,1,2,1.000000
1724168511448764800,4,483.84,572.52,245.03,44.10,1,2,1.000000
1724168511509189300,4,482.02,569.97,253.70,45.53,1,2,1.000000
1724168511577208700,4,479.40,569.17,255.57,45.43,1,2,1.000000
1724168511641653000,4,477.53,568.38,256.33,44.83,1,2,1.000000
1724168511695540900,4,475.69,566.26,259.15,46.55,1,2,1.000000
1724168511762600700,4,477.15,566.59,260.07,44.46,1,2,1.000000
1724168511836559200,4,476.90,565.89,253.98,44.87,1,2,1.000000
1724168511893061400,4,476.53,563.31,260.45,46.73,1,2,1.000000
1724168511958330100,4,476.11,564.42,264.80,43.80,1,2,1.000000
1724168512018258600,4,472.62,564.35,264.04,43.49,1,2,1.000000
1724168512092805800,4,470.09,563.23,271.70,44.36,1,2,1.000000
1724168512158101800,4,469.67,562.33,272.94,43.46,1,2,1.000000
1724168512210476000,4,469.81,561.87,272.94,43.90,1,2,1.000000
1724168512273472000,4,469.02,560.51,274.38,43.72,1,2,1.000000
1724168512338210800,4,465.83,559.10,277.98,44.83,1,2,1.000000
1724168512400839900,4,464.68,559.50,280.85,43.76,1,2,1.000000
1724168512468198200,4,463.13,558.35,289.33,44.05,1,2,1.000000
1724168512668995700,4,465.67,557.83,284.17,44.76,1,2,1.000000
1724168512689799400,4,466.98,557.23,285.87,43.31,1,2,1.000000
1724168512766955300,4,465.83,556.46,285.56,42.93,1,2,1.000000
1724168512801041600,4,467.59,556.47,281.47,44.37,1,2,1.000000
1724168512843681400,4,462.14,555.13,290.23,44.31,1,2,1.000000
1724168512907286400,4,465.48,554.70,285.33,44.56,1,2,1.000000
1724168512955487800,4,468.13,555.31,284.47,44.41,1,2,1.000000
1724168512995915400,4,468.47,554.77,284.43,45.03,1,2,1.000000
1724168513043133300,4,462.58,555.01,294.74,43.84,1,2,1.000000
1724168513110257700,4,460.55,555.20,294.77,43.56,1,2,1.000000
1724168513173497100,4,462.35,554.00,293.54,45.16,1,2,1.000000
1724168513232595000,4,459.13,553.31,295.10,44.67,1,2,1.000000
1724168513300191800,4,462.26,552.74,292.44,44.70,1,2,1.000000
1724168513362294000,4,457.75,553.75,297.23,43.17,1,2,1.000000
1724168513433517500,4,458.30,553.71,296.30,43.58,1,2,1.000000
1724168513498956200,4,458.28,551.39,295.67,45.83,1,2,1.000000
1724168513554344600,4,458.29,550.85,298.59,45.53,1,2,1.000000
1724168513614730500,4,459.64,552.99,298.60,42.69,1,2,1.000000
1724168513681625400,4,455.80,552.74,301.89,42.96,1,2,1.000000
1724168513745236800,4,454.50,550.53,302.95,44.87,1,2,1.000000
1724168513807330700,4,452.65,551.73,304.32,43.54,1,2,1.000000
1724168513875556400,4,451.73,551.52,306.26,43.27,1,2,1.000000
1724168513938678400,4,448.54,550.57,310.05,44.25,1,2,1.000000
1724168514000255000,4,451.30,549.60,304.81,45.73,1,2,1.000000
1724168514093114000,4,450.52,550.43,310.36,44.52,1,2,1.000000
1724168514147884500,4,451.43,551.23,309.89,43.31,1,2,1.000000
1724168514220242900,4,451.10,550.15,310.09,43.04,1,2,1.000000
1724168514279107200,4,454.39,549.25,309.46,43.92,1,2,1.000000
1724168514330841900,4,455.61,549.68,305.30,43.01,1,2,1.000000
1724168514390007600,4,446.47,548.77,312.60,45.34,1,2,1.000000
1724168514448803600,4,450.97,548.33,309.58,44.60,1,2,1.000000
1724168514521070500,4,445.03,548.18,321.89,45.46,1,2,1.000000
1724168514593102500,4,451.60,549.00,309.39,44.47,1,2,1.000000
1724168514648015500,4,449.21,548.57,309.44,44.55,1,2,1.000000
1724168514711271200,4,442.72,546.45,315.57,47.03,1,2,1.000000
1724168514769553900,4,442.99,546.30,313.51,47.74,1,2,1.000000
1724168514769553900,84,500.54,602.70,36.50,24.54,1,1,1.000000
1724168514831631300,4,445.16,547.16,312.52,45.59,1,2,1.000000
1724168514831631300,84,498.16,603.32,40.86,24.26,1,1,1.000000
1724168514899151500,4,443.56,547.02,315.80,46.22,1,2,1.000000
1724168514899151500,84,498.94,607.87,32.97,22.76,1,1,1.000000
1724168514962337700,4,446.88,546.66,310.23,47.88,1,2,1.000000
1724168514962337700,84,498.84,605.13,42.60,27.39,1,1,1.000000
1724168515024994400,4,465.55,548.09,291.14,43.80,1,2,1.000000
1724168515024994400,84,498.78,602.98,42.85,29.86,1,1,1.000000
1724168515222616800,4,464.17,547.70,292.88,45.25,1,2,1.000000
1724168515222616800,84,498.79,599.09,40.88,36.49,1,1,1.000000
1724168515255430100,4,449.08,547.41,312.02,44.81,1,2,1.000000
1724168515255430100,84,502.10,599.12,41.07,36.85,1,1,1.000000
1724168515296832100,4,446.80,547.95,310.33,45.50,1,2,1.000000
1724168515296832100,84,503.12,602.41,39.63,34.31,1,1,1.000000
1724168515296832100,86,481.58,593.99,24.58,17.31,1,1,1.000000
1724168515358292400,4,453.74,548.59,303.40,46.10,1,2,1.000000
1724168515358292400,84,506.84,602.09,36.65,34.09,1,1,1.000000
1724168515358292400,86,482.80,592.43,23.03,19.44,1,1,1.000000
1724168515403507600,4,468.76,548.84,290.62,45.89,1,2,1.000000
1724168515403507600,84,507.48,602.06,41.47,38.65,1,1,1.000000
1724168515403507600,86,484.87,593.47,23.31,19.10,1,1,1.000000
1724168515451474800,4,444.85,548.31,314.52,45.59,1,2,1.000000
1724168515451474800,84,511.04,597.59,47.82,38.78,1,1,1.000000
1724168515451474800,86,483.91,592.09,28.61,21.98,1,1,1.000000
1724168515513010900,4,443.50,547.31,315.23,46.42,1,2,1.000000
1724168515513010900,84,511.34,597.91,46.47,39.27,1,1,1.000000
1724168515513010900,86,485.52,593.12,25.69,22.07,1,1,1.000000
1724168515554317000,4,447.58,548.51,312.29,45.41,1,2,1.000000
1724168515554317000,84,512.69,596.58,51.25,40.45,1,1,1.000000
1724168515554317000,86,485.33,588.04,33.63,27.74,1,1,1.000000
1724168515602068900,4,447.15,549.25,311.06,44.72,1,2,1.000000
1724168515602068900,84,512.09,595.30,58.91,40.87,1,1,1.000000
1724168515602068900,86,489.86,589.77,29.46,27.17,1,1,1.000000
1724168515667744100,4,448.19,548.96,308.17,45.26,1,2,1.000000
1724168515667744100,84,512.19,593.89,58.73,43.19,1,1,1.000000
1724168515728588100,4,445.17,548.37,311.82,46.14,1,2,1.000000
1724168515728588100,84,516.00,595.58,59.55,37.21,1,1,1.000000
1724168515803528200,4,448.35,546.92,303.95,51.50,1,2,1.000000
1724168515803528200,84,513.91,595.59,61.16,34.83,1,1,1.000000
1724168515803528200,86,493.67,589.13,46.38,28.87,1,1,1.000000
1724168515857116200,4,444.89,547.61,312.59,47.75,1,2,1.000000
1724168515857116200,84,505.11,593.09,71.83,35.58,1,1,1.000000
1724168515920472300,4,443.36,547.05,311.22,47.66,1,2,1.000000
1724168515920472300,84,504.10,591.23,77.67,37.25,1,1,1.000000
1724168515990068700,4,442.26,547.84,313.83,47.39,1,2,1.000000
1724168515990068700,84,527.80,599.19,50.24,25.18,1,1,1.000000
1724168515990068700,86,500.25,588.47,58.84,33.78,1,1,1.000000
1724168516046912400,4,442.88,548.20,312.63,46.86,1,2,1.000000
1724168516046912400,84,544.69,596.50,37.46,26.49,1,1,1.000000
1724168516046912400,86,501.56,587.36,62.87,30.83,1,1,1.000000
1724168516112180600,4,449.70,547.62,305.53,48.17,1,2,1.000000
1724168516112180600,84,544.14,596.46,41.52,28.46,1,1,1.000000
1724168516112180600,86,495.12,584.34,74.93,38.93,1,1,1.000000
1724168516182801400,4,448.72,545.80,309.30,49.20,1,2,1.000000
1724168516182801400,84,544.73,601.59,42.79,22.53,1,1,1.000000
1724168516182801400,86,497.79,585.59,91.05,33.97,1,1,1.000000
1724168516260104300,4,443.92,546.97,310.33,48.13,1,2,1.000000
1724168516260104300,86,499.30,583.55,78.58,34.95,1,1,1.000000
1724168516308605000,4,439.82,547.28,317.89,46.83,1,2,1.000000
1724168516308605000,86,501.70,584.16,88.99,28.00,1,1,1.000000
1724168516381374700,4,441.70,547.47,317.26,45.33,1,2,1.000000
1724168516381374700,86,505.87,585.75,56.66,22.06,1,1,1.000000
1724168516381374700,90,500.41,608.05,31.24,14.01,1,1,1.000000
1724168516445792300,4,442.59,546.41,317.38,46.16,1,2,1.000000
1724168516445792300,86,504.00,586.05,64.53,25.91,1,1,1.000000
1724168516445792300,90,507.56,609.75,19.44,11.86,1,1,1.000000
1724168516514862000,4,443.97,545.97,311.36,46.68,1,2,1.000000
1724168516514862000,86,499.07,586.71,66.56,25.92,1,1,1.000000
1724168516579484300,4,453.29,546.16,304.94,46.05,1,2,1.000000
1724168516579484300,86,500.29,586.08,62.02,24.50,1,1,1.000000
1724168516628569000,4,437.05,546.48,322.14,45.62,1,2,1.000000
1724168516628569000,86,496.84,587.23,63.06,21.65,1,1,1.000000
1724168516628569000,90,499.95,607.39,41.45,14.90,1,1,1.000000
1724168516691580000,4,452.63,546.90,305.27,44.32,1,2,1.000000
1724168516691580000,86,497.51,585.43,65.67,22.42,1,1,1.000000
1724168516761789800,4,438.13,546.70,320.34,45.15,1,2,1.000000
1724168516761789800,86,497.40,585.85,62.82,23.70,1,1,1.000000
1724168516820820200,4,442.52,546.83,316.24,45.74,1,2,1.000000
1724168516820820200,86,503.06,585.90,69.26,24.00,1,1,1.000000
1724168516891684400,4,444.97,546.61,314.63,46.29,1,2,1.000000
1724168516891684400,86,493.56,588.54,59.89,22.51,1,1,1.000000
1724168516950583900,4,446.82,545.38,313.28,46.33,1,2,1.000000
1724168516950583900,86,496.05,588.58,55.90,20.68,1,1,1.000000
1724168517032011100,4,447.06,547.65,313.91,44.13,1,2,1.000000
1724168517032011100,86,490.30,587.41,53.49,22.44,1,1,1.000000
1724168517082868900,4,446.74,547.63,309.24,44.87,1,2,1.000000
1724168517082868900,86,484.83,587.25,56.85,22.70,1,1,1.000000
1724168517140728600,4,448.41,548.05,307.27,44.62,1,2,1.000000
1724168517140728600,86,483.65,587.32,53.22,23.02,1,1,1.000000
1724168517212200300,4,449.32,546.88,310.05,45.41,1,2,1.000000
1724168517212200300,86,476.27,585.97,55.18,25.73,1,1,1.000000
1724168517272682400,4,448.54,549.31,309.08,44.29,1,2,1.000000
1724168517272682400,86,491.81,587.46,40.61,22.32,1,1,1.000000
1724168517339125100,4,447.53,549.07,310.74,44.15,1,2,1.000000
1724168517339125100,86,480.82,585.92,56.36,25.61,1,1,1.000000
1724168517406244700,4,443.73,547.59,313.09,45.24,1,2,1.000000
1724168517406244700,86,500.06,586.98,37.23,23.86,1,1,1.000000
1724168517459089300,4,445.89,548.38,311.02,45.58,1,2,1.000000
1724168517459089300,95,463.60,581.43,35.58,21.92,1,1,1.000000
1724168517533260500,4,449.36,548.49,309.75,44.98,1,2,1.000000
1724168517533260500,95,465.51,580.49,46.44,22.88,1,1,1.000000
1724168517585401200,4,456.96,546.44,304.85,46.91,1,2,1.000000
1724168517585401200,95,471.35,581.92,26.17,22.58,1,1,1.000000
1724168517650660800,4,426.27,543.34,329.38,49.08,1,2,1.000000
1724168517650660800,95,474.07,576.66,48.18,27.96,1,1,1.000000
1724168517712784500,4,424.98,541.03,321.50,53.49,1,2,1.000000
1724168517712784500,95,472.11,574.45,49.45,27.09,1,1,1.000000
1724168517781187100,4,441.18,537.69,305.82,58.02,1,2,1.000000
1724168517842398700,4,404.99,529.60,341.73,66.72,1,2,1.000000
1724168517917440200,4,393.55,522.80,353.05,73.89,1,2,1.000000
1724168517970908700,4,392.20,521.51,351.70,73.93,1,2,1.000000
1724168518034619500,4,394.97,522.67,349.14,74.44,1,2,1.000000
1724168518034619500,99,571.12,592.55,22.74,14.29,1,1,1.000000
1724168518097634000,4,408.97,524.87,333.39,71.65,1,2,1.000000
1724168518177858300,4,398.78,523.38,346.76,71.92,1,2,1.000000
1724168518177858300,99,569.96,586.20,40.95,20.85,1,1,1.000000
1724168518231815900,4,398.23,522.39,348.70,72.93,1,2,1.000000
1724168518231815900,99,563.09,585.78,49.59,23.80,1,1,1.000000
1724168518297789400,4,407.68,527.31,340.78,65.18,1,2,1.000000
1724168518297789400,99,568.67,587.60,56.45,22.65,1,1,1.000000
1724168518378074400,4,410.99,528.90,338.17,61.74,1,2,1.000000
1724168518378074400,99,553.66,585.42,74.49,28.12,1,1,1.000000
1724168518426804900,4,415.09,530.86,335.49,58.97,1,2,1.000000
1724168518426804900,99,568.41,587.44,63.14,24.13,1,1,1.000000
1724168518485813700,4,421.47,533.20,334.02,56.18,1,2,1.000000
1724168518485813700,99,559.28,584.60,86.06,31.68,1,1,1.000000
1724168518557567900,4,430.90,535.43,328.88,52.95,1,2,1.000000
1724168518557567900,99,567.34,584.54,70.52,28.84,1,1,1.000000
1724168518557567900,101,454.38,561.21,65.87,22.11,1,1,1.000000
1724168518609771100,4,427.41,535.10,331.83,53.15,1,2,1.000000
1724168518609771100,99,583.09,585.89,72.01,30.36,1,1,1.000000
1724168518609771100,101,450.96,559.27,73.07,24.61,1,1,1.000000
1724168518731903000,4,434.42,535.52,330.50,53.01,1,2,1.000000
1724168518731903000,99,580.07,584.82,85.04,33.56,1,1,1.000000
1724168518731903000,101,450.82,558.85,73.91,25.79,1,1,1.000000
1724168518753818800,4,447.59,535.88,321.33,53.20,1,2,1.000000
1724168518753818800,99,582.21,583.81,77.76,30.74,1,1,1.000000
1724168518753818800,101,455.69,561.79,74.04,22.07,1,1,1.000000
1724168518820760300,4,430.15,533.57,342.28,54.47,1,2,1.000000
1724168518820760300,99,588.05,583.46,79.85,34.16,1,1,1.000000
1724168518879376600,4,434.92,534.17,327.80,53.92,1,2,1.000000
1724168518879376600,99,594.12,583.17,74.95,34.28,1,1,1.000000
1724168518926886200,4,428.41,531.98,348.33,55.51,1,2,1.000000
1724168518926886200,99,600.30,581.71,74.77,34.68,1,1,1.000000
1724168519008044500,4,422.84,531.15,346.04,54.95,1,2,1.000000
1724168519008044500,99,601.29,581.56,83.25,37.15,1,1,1.000000
1724168519008044500,101,464.48,561.05,77.54,23.22,1,1,1.000000
1724168519058585100,4,423.19,529.21,351.11,57.60,1,2,1.000000
1724168519058585100,99,601.03,583.39,88.70,37.26,1,1,1.000000
1724168519121804500,4,431.01,529.97,339.42,56.26,1,2,1.000000
1724168519121804500,99,600.21,583.79,94.45,40.58,1,1,1.000000
1724168519189480500,4,432.89,529.37,338.15,59.94,1,2,1.000000
1724168519189480500,99,605.76,585.65,94.18,37.20,1,1,1.000000
1724168519249075600,4,424.52,529.78,339.45,58.66,1,2,1.000000
1724168519249075600,99,635.46,588.69,69.82,35.01,1,1,1.000000
1724168519249075600,101,513.61,560.60,50.61,20.66,1,1,1.000000
1724168519314005300,4,426.76,528.64,341.39,58.18,1,2,1.000000
1724168519314005300,99,601.15,585.27,108.11,40.19,1,1,1.000000
1724168519314005300,101,520.41,560.92,49.37,19.60,1,1,1.000000
1724168519314005300,104,437.91,559.12,46.26,29.85,1,1,1.000000
1724168519383282000,4,419.53,528.13,345.92,54.92,1,2,1.000000
1724168519383282000,99,650.89,592.10,59.25,28.16,1,1,1.000000
1724168519383282000,101,515.99,559.86,65.29,23.42,1,1,1.000000
1724168519383282000,104,442.13,556.49,48.64,31.06,1,1,1.000000
1724168519450288200,4,421.51,528.75,344.89,54.71,1,2,1.000000
1724168519450288200,99,657.64,592.31,54.07,28.18,1,1,1.000000
1724168519450288200,101,525.41,559.97,71.96,27.09,1,1,1.000000
1724168519450288200,104,434.28,557.55,55.07,34.86,1,1,1.000000
1724168519505352800,4,416.12,527.41,349.93,55.21,1,2,1.000000
1724168519505352800,99,660.32,591.58,51.10,29.04,1,1,1.000000
1724168519505352800,101,529.17,560.47,72.03,27.15,1,1,1.000000
1724168519505352800,104,450.28,565.51,48.04,24.52,1,1,1.000000
1724168519568674100,4,418.81,527.50,345.17,56.05,1,2,1.000000
1724168519568674100,99,668.45,592.60,42.84,27.41,1,1,1.000000
1724168519568674100,101,525.92,557.18,84.30,32.41,1,1,1.000000
1724168519568674100,104,437.19,554.78,61.33,33.10,1,1,1.000000
1724168519641858900,4,428.41,528.93,333.78,54.56,1,2,1.000000
1724168519641858900,99,668.98,593.09,42.26,26.78,1,1,1.000000
1724168519641858900,101,526.85,557.64,92.26,32.70,1,1,1.000000
1724168519641858900,104,446.77,555.43,64.25,38.00,1,1,1.000000
1724168519701703400,4,418.25,526.60,345.90,56.71,1,2,1.000000
1724168519701703400,99,671.88,594.09,40.18,26.07,1,1,1.000000
1724168519701703400,101,536.10,556.59,95.31,35.33,1,1,1.000000
1724168519701703400,104,447.15,555.87,67.24,37.72,1,1,1.000000
1724168519769025200,4,443.68,531.72,319.47,56.78,1,2,1.000000
1724168519769025200,99,689.48,601.33,22.86,16.18,1,1,1.000000
1724168519769025200,101,528.79,555.32,104.86,38.28,1,1,1.000000
1724168519769025200,104,449.87,556.47,65.16,34.73,1,1,1.000000
1724168519827484100,4,442.31,530.58,320.45,59.63,1,2,1.000000
1724168519827484100,99,693.21,601.28,19.26,15.29,1,1,1.000000
1724168519827484100,101,533.12,555.46,99.89,36.33,1,1,1.000000
1724168519827484100,104,448.30,553.82,76.34,38.33,1,1,1.000000
1724168519891492300,4,411.89,525.15,354.28,58.00,1,2,1.000000
1724168519891492300,101,545.31,557.17,92.92,33.45,1,1,1.000000
1724168519891492300,104,438.67,556.35,91.10,36.22,1,1,1.000000
1724168519952731700,4,441.47,530.98,319.85,62.89,1,2,1.000000
1724168519952731700,101,548.60,557.51,110.92,37.92,1,1,1.000000
1724168519952731700,104,445.90,553.38,82.85,38.48,1,1,1.000000
1724168520026620900,4,423.32,528.56,340.78,66.11,1,2,1.000000
1724168520026620900,101,546.51,556.60,114.95,38.48,1,1,1.000000
1724168520088830100,4,416.00,524.86,347.61,66.98,1,2,1.000000
1724168520088830100,101,568.73,558.94,89.36,35.97,1,1,1.000000
1724168520088830100,104,437.52,554.84,110.05,39.19,1,1,1.000000
1724168520153501600,4,435.92,525.40,325.98,65.96,1,2,1.000000
1724168520153501600,101,570.62,558.92,92.96,36.81,1,1,1.000000
1724168520153501600,110,479.65,594.96,27.69,17.30,1,1,1.000000
1724168520221782700,4,402.99,521.39,359.76,70.23,1,2,1.000000
1724168520221782700,101,580.55,560.07,90.29,37.04,1,1,1.000000
1724168520221782700,104,482.95,564.00,78.15,26.91,1,1,1.000000
1724168520221782700,110,481.57,593.84,27.96,16.42,1,1,1.000000
1724168520318489100,4,447.03,528.06,314.91,66.06,1,2,1.000000
1724168520318489100,101,583.23,561.75,90.18,39.29,1,1,1.000000
1724168520318489100,110,478.59,593.45,38.96,19.11,1,1,1.000000
1724168520355161300,4,418.59,523.90,343.58,70.03,1,2,1.000000
1724168520355161300,101,583.78,560.94,90.48,38.65,1,1,1.000000
1724168520355161300,110,470.30,588.65,55.37,23.00,1,1,1.000000
1724168520411235100,4,413.30,522.86,350.68,74.65,1,2,1.000000
1724168520411235100,101,582.77,561.16,91.65,39.36,1,1,1.000000
1724168520411235100,110,483.24,594.36,50.62,22.00,1,1,1.000000
1724168520477825900,4,405.43,521.07,357.35,74.02,1,2,1.000000
1724168520477825900,101,588.77,560.80,92.57,40.33,1,1,1.000000
1724168520477825900,104,513.61,566.90,70.80,24.84,1,1,1.000000
1724168520477825900,110,488.36,592.28,48.15,24.85,1,1,1.000000
1724168520541983900,4,420.05,522.50,343.80,77.09,1,2,1.000000
1724168520541983900,101,595.50,565.87,89.29,38.19,1,1,1.000000
1724168520541983900,110,501.23,588.77,42.06,21.85,1,1,1.000000
1724168520602008800,4,401.85,520.46,359.20,80.33,1,2,1.000000
1724168520602008800,110,507.36,590.29,45.31,26.32,1,1,1.000000
1724168520659781500,4,401.37,518.48,360.49,72.12,1,2,1.000000
1724168520659781500,101,599.75,563.79,90.63,42.85,1,1,1.000000
1724168520659781500,110,503.93,585.79,57.34,26.45,1,1,1.000000
1724168520659781500,117,449.93,557.61,45.91,36.64,1,1,1.000000
1724168520739966000,4,402.00,519.72,359.85,67.12,1,2,1.000000
1724168520739966000,101,612.64,572.09,82.09,38.17,1,1,1.000000
1724168520739966000,110,507.83,582.48,59.46,29.14,1,1,1.000000
1724168520739966000,117,454.31,556.90,41.22,37.11,1,1,1.000000
1724168520739966000,118,532.80,553.44,69.08,22.57,1,1,1.000000
1724168520793653600,4,402.56,517.46,362.17,68.97,1,2,1.000000
1724168520793653600,101,646.96,578.88,48.61,28.53,1,1,1.000000
1724168520793653600,110,509.91,584.93,73.62,28.74,1,1,1.000000
1724168520793653600,117,458.34,555.13,47.83,43.53,1,1,1.000000
1724168520793653600,118,536.02,553.36,61.66,23.98,1,1,1.000000
1724168520793653600,123,623.52,561.84,72.70,29.40,1,1,1.000000
1724168520855302300,4,408.05,517.76,350.90,79.40,1,2,1.000000
1724168520855302300,110,505.88,583.03,73.34,29.21,1,1,1.000000
1724168520855302300,117,455.01,559.51,44.89,36.49,1,1,1.000000