1724168379620610300,1,0.00,595.63,54.71,69.65,1,1,1.000000
1724168379654601700,1,0.22,586.91,84.75,77.31,1,1,1.000000
1724168379700274200,1,0.41,579.68,110.70,97.75,1,1,1.000000
1724168379774421100,1,0.06,572.35,142.55,118.60,1,1,1.000000
1724168379819398600,1,0.00,559.58,174.72,137.48,1,1,1.000000
1724168379897556500,1,0.00,553.51,211.45,144.63,1,1,1.000000
1724168379940420400,1,0.18,542.09,246.70,161.07,1,1,1.000000
1724168380017004900,1,0.01,537.89,273.64,159.10,1,1,1.000000
1724168380091679800,1,0.22,526.16,300.09,171.29,1,1,1.000000
1724168380139339900,1,0.61,526.17,327.09,175.30,1,1,1.000000
1724168380217637500,1,0.63,523.58,348.49,172.03,1,1,1.000000
1724168380259727100,1,0.40,515.69,384.56,172.18,1,1,1.000000
1724168380336245500,1,0.41,513.57,417.06,173.27,1,1,1.000000
1724168380367477300,1,0.25,508.74,454.29,192.15,1,1,1.000000
1724168380458939600,1,0.95,504.46,495.85,167.24,1,1,1.000000
1724168380533762800,1,18.84,495.61,515.02,148.65,1,1,1.000000
1724168380579262100,1,71.72,491.97,499.32,139.69,1,1,1.000000
1724168380657191300,1,104.10,488.92,494.68,140.42,1,1,1.000000
1724168380687680100,1,114.59,484.20,519.20,152.32,1,1,1.000000
1724168380777722200,1,125.78,478.38,561.00,175.31,1,1,1.000000
1724168380855031800,1,151.12,473.51,588.64,191.30,1,1,1.000000
1724168380898723100,1,189.50,467.96,583.43,189.72,1,1,1.000000
1724168380975202700,1,239.78,464.61,584.11,176.13,1,1,1.000000
1724168381020059600,1,304.62,462.21,637.29,154.43,1,1,1.000000
1724168381020059600,2,3.73,667.98,179.68,51.74,1,1,1.000000
1724168381096404700,1,360.11,461.31,578.23,135.12,1,1,1.000000
1724168381096404700,2,6.16,652.43,215.98,67.25,1,1,1.000000
1724168381126407900,1,414.82,458.79,575.30,137.45,1,1,1.000000
1724168381126407900,2,14.11,629.02,243.91,90.76,1,1,1.000000
1724168381173247600,1,461.64,455.46,590.15,135.96,1,1,1.000000
1724168381173247600,2,29.27,603.78,263.43,116.07,1,1,1.000000
1724168381252466700,1,506.09,448.20,614.53,139.28,1,1,1.000000
1724168381252466700,2,14.34,576.33,313.05,143.41,1,1,1.000000
1724168381325170700,1,551.42,443.59,660.48,146.01,1,1,1.000000
1724168381325170700,2,45.40,555.29,313.94,164.60,1,1,1.000000
1724168381419831200,1,595.50,435.34,646.42,143.38,1,1,1.000000
1724168381419831200,2,81.36,533.88,311.19,185.99,1,1,1.000000
1724168381450652300,1,637.74,422.65,641.85,145.31,1,1,1.000000
1724168381450652300,2,102.74,521.75,319.47,197.63,1,1,1.000000
1724168381493075600,1,674.17,416.10,605.03,146.30,1,1,1.000000
1724168381493075600,2,131.85,504.87,327.72,214.55,1,1,1.000000
1724168381570608100,1,720.60,407.34,558.37,147.65,1,1,1.000000
1724168381570608100,2,136.59,506.24,344.35,213.26,1,1,1.000000
1724168381618770100,1,763.59,398.15,515.29,155.61,1,1,1.000000
1724168381618770100,2,151.63,496.85,362.84,222.48,1,1,1.000000
1724168381691109400,1,807.02,390.92,473.00,162.02,1,1,1.000000
1724168381691109400,2,158.17,487.90,385.63,231.28,1,1,1.000000
1724168381766616900,1,847.11,385.34,433.71,160.03,1,1,1.000000
1724168381766616900,2,96.83,466.24,470.29,252.38,1,1,1.000000
1724168381814571200,1,880.61,377.41,399.13,159.46,1,1,1.000000
1724168381814571200,2,111.60,452.20,478.71,265.88,1,1,1.000000
1724168381889284300,1,906.33,398.65,373.63,125.42,1,1,1.000000
1724168381889284300,2,138.95,434.47,477.05,251.38,1,1,1.000000
1724168381935061800,1,948.01,397.75,332.33,118.96,1,1,1.000000
1724168381935061800,2,193.34,426.29,452.26,242.97,1,1,1.000000
1724168382022664200,1,993.49,395.56,286.61,118.19,1,1,1.000000
1724168382022664200,2,203.08,420.19,468.71,258.72,1,1,1.000000
1724168382087547500,1,1050.24,407.92,229.98,115.07,1,1,1.000000
1724168382087547500,2,206.97,409.88,507.96,295.92,1,1,1.000000
1724168382133058100,1,1103.02,412.94,176.32,113.67,1,1,1.000000
1724168382133058100,2,235.61,403.93,514.38,300.56,1,1,1.000000
1724168382181128200,1,1175.33,420.67,104.15,116.76,1,1,1.000000
1724168382181128200,2,304.75,392.27,481.03,296.10,1,1,1.000000
1724168382254425900,2,333.82,381.41,489.02,269.02,1,1,1.000000
1724168382302035600,2,364.87,363.96,491.67,231.25,1,1,1.000000
1724168382378669800,2,418.32,345.37,474.50,210.70,1,1,1.000000
1724168382460831900,2,495.35,333.17,477.29,201.50,1,1,1.000000
1724168382621947500,2,567.79,293.10,632.76,259.65,1,1,1.000000
1724168382695185100,2,713.50,280.66,547.43,234.76,1,1,1.000000
1724168382739421500,2,764.05,262.56,514.66,177.66,1,1,1.000000
1724168382815990200,2,811.83,254.32,466.65,182.77,1,1,1.000000
1724168382846244200,2,864.01,237.67,415.36,170.14,1,1,1.000000
1724168382938914300,2,945.84,225.52,334.66,156.64,1,1,1.000000
1724168382969049200,2,1025.22,253.41,255.27,126.36,1,1,1.000000
1724168383046345100,2,1095.49,256.34,184.47,113.65,1,1,1.000000
1724168383091738800,2,1160.21,271.61,119.43,122.21,1,1,1.000000
1724168384208003400,4,0.00,195.48,181.35,176.96,1,1,1.000000
1724168384298674700,4,0.20,181.21,220.41,198.27,1,1,1.000000
1724168384374422600,4,0.00,158.95,270.68,232.29,1,1,1.000000
1724168384419530800,4,0.47,135.20,343.55,247.11,1,1,1.000000
1724168384497486200,4,0.41,105.97,389.90,272.91,1,1,1.000000
1724168384540282700,4,0.01,82.12,438.03,283.19,1,1,1.000000
1724168384617835000,4,0.00,42.19,503.17,345.40,1,1,1.000000
1724168384650718000,4,0.00,34.64,543.70,354.48,1,1,1.000000
1724168384740985900,4,0.71,8.93,605.80,372.70,1,1,1.000000
1724168384740985900,5,0.19,88.12,211.08,208.63,1,1,1.000000
1724168384816741700,4,2.61,1.27,667.51,345.86,1,1,1.000000
1724168384816741700,5,0.00,66.63,241.22,219.00,1,1,1.000000
1724168384849039000,4,193.29,0.79,541.21,294.17,1,1,1.000000
1724168384849039000,5,0.14,44.05,275.38,246.20,1,1,1.000000
1724168384893404100,4,248.32,0.08,539.17,241.82,1,1,1.000000
1724168384893404100,5,0.02,18.72,308.38,274.31,1,1,1.000000
1724168384893404100,6,0.29,515.55,142.86,104.76,1,1,1.000000
1724168384969863300,4,333.48,0.00,499.39,238.41,1,1,1.000000
1724168384969863300,5,0.79,1.20,347.93,300.71,1,1,1.000000
1724168384969863300,6,0.56,499.82,188.59,131.94,1,1,1.000000
1724168385016325800,4,421.35,0.55,446.22,190.73,1,1,1.000000
1724168385016325800,5,0.81,1.16,340.02,282.32,1,1,1.000000
1724168385016325800,6,0.33,487.73,229.89,150.34,1,1,1.000000
1724168385094640400,4,494.41,0.19,411.80,153.55,1,1,1.000000
1724168385094640400,5,1.19,1.96,326.18,253.58,1,1,1.000000
1724168385094640400,6,0.68,475.55,263.90,170.26,1,1,1.000000
1724168385137276600,4,580.36,0.00,345.09,133.03,1,1,1.000000
1724168385137276600,5,41.06,1.67,301.39,264.15,1,1,1.000000
1724168385137276600,6,0.37,470.29,305.92,165.12,1,1,1.000000
1724168385213846500,4,659.47,0.00,300.34,98.65,1,1,1.000000
1724168385213846500,5,102.65,0.75,274.41,289.78,1,1,1.000000
1724168385213846500,6,0.67,462.16,359.59,160.13,1,1,1.000000
1724168385290316100,5,188.98,1.29,241.27,208.51,1,1,1.000000
1724168385290316100,6,0.98,453.21,406.72,178.18,1,1,1.000000
1724168385336392500,5,244.94,1.62,242.72,211.94,1,1,1.000000
1724168385336392500,6,1.72,441.09,465.20,180.29,1,1,1.000000
1724168385412731600,5,278.02,1.79,268.98,242.47,1,1,1.000000
1724168385412731600,6,78.41,423.84,433.61,149.36,1,1,1.000000
1724168385458756300,5,303.06,1.77,243.31,222.11,1,1,1.000000
1724168385458756300,6,112.56,420.24,447.46,162.94,1,1,1.000000
1724168385535367700,5,309.45,0.52,168.94,181.29,1,1,1.000000
1724168385535367700,6,77.70,414.27,541.27,191.25,1,1,1.000000
1724168385535367700,7,0.22,434.70,46.91,73.93,1,1,1.000000
1724168385580208600,5,336.75,0.34,146.48,99.83,1,1,1.000000
1724168385580208600,6,173.30,412.00,509.09,153.72,1,1,1.000000
1724168385580208600,7,0.26,431.02,60.70,85.92,1,1,1.000000
1724168385655911700,5,352.02,0.28,170.28,112.62,1,1,1.000000
1724168385655911700,6,273.30,402.92,455.11,134.62,1,1,1.000000
1724168385655911700,7,0.20,423.98,92.26,94.59,1,1,1.000000
1724168385732439700,5,411.77,0.06,81.81,83.93,1,1,1.000000
1724168385732439700,6,286.24,394.42,546.04,160.89,1,1,1.000000
1724168385732439700,7,0.22,414.21,133.16,94.43,1,1,1.000000
1724168385810004400,6,403.18,391.74,571.85,150.70,1,1,1.000000
1724168385810004400,7,0.29,400.39,183.27,141.55,1,1,1.000000
1724168385853823600,6,512.16,388.90,631.77,135.99,1,1,1.000000
1724168385853823600,7,0.42,390.01,228.22,152.96,1,1,1.000000
1724168385899555700,6,576.53,369.84,701.33,153.55,1,1,1.000000
1724168385899555700,7,0.48,371.83,264.33,186.62,1,1,1.000000
1724168385976174500,6,691.85,358.95,587.01,162.64,1,1,1.000000
1724168385976174500,7,0.84,356.50,264.26,194.25,1,1,1.000000
1724168386021952400,6,775.82,332.94,502.47,169.99,1,1,1.000000
1724168386021952400,7,0.73,343.03,252.59,208.05,1,1,1.000000
1724168386099568400,6,833.36,300.56,445.49,179.49,1,1,1.000000
1724168386099568400,7,0.03,325.74,256.11,229.35,1,1,1.000000
1724168386129251700,6,944.32,312.80,335.53,157.15,1,1,1.000000
1724168386129251700,7,0.00,307.45,257.91,243.58,1,1,1.000000
1724168386220337300,6,1057.17,305.03,222.77,130.41,1,1,1.000000
1724168386220337300,7,0.58,305.14,231.80,238.34,1,1,1.000000
1724168386294175100,6,1160.49,306.95,119.24,91.16,1,1,1.000000
1724168386294175100,7,0.53,295.69,231.16,252.24,1,1,1.000000
1724168386341238400,7,0.35,292.64,222.55,222.40,1,1,1.000000
1724168386416041200,7,0.02,286.10,223.31,211.66,1,1,1.000000
1724168386445716300,7,0.41,271.75,224.72,219.46,1,1,1.000000
1724168386542618000,7,0.05,267.69,213.92,212.77,1,1,1.000000
1724168386571124500,7,0.12,272.64,196.33,195.45,1,1,1.000000
1724168386646919100,7,0.07,258.94,162.49,180.59,1,1,1.000000
1724168386695092500,7,0.01,255.75,194.24,180.45,1,1,1.000000
1724168386772099300,7,0.00,216.38,204.40,240.63,1,1,1.000000
1724168386846850800,7,0.00,214.90,194.09,234.32,1,1,1.000000
1724168386892808600,7,0.19,204.91,222.56,240.54,1,1,1.000000
1724168386972308800,7,0.17,214.30,230.97,238.31,1,1,1.000000
1724168387015392700,7,0.42,165.21,218.52,284.65,1,1,1.000000
1724168387091554700,7,0.47,197.60,233.38,230.96,1,1,1.000000
1724168387137909000,7,0.00,175.41,256.46,241.95,1,1,1.000000
1724168387215918700,7,0.00,175.93,236.58,260.28,1,1,1.000000
1724168387259456500,7,0.00,196.81,187.01,180.85,1,1,1.000000
1724168390135956000,12,0.07,634.63,80.57,85.55,1,1,1.000000
1724168390179598200,12,1.18,615.45,101.10,103.67,1,1,1.000000
1724168390256511400,12,0.42,602.97,127.25,117.14,1,1,1.000000
1724168390300580300,12,0.00,582.48,159.39,137.62,1,1,1.000000
1724168390376763700,12,0.00,569.63,182.19,150.41,1,1,1.000000
1724168390407286700,12,0.00,556.65,214.77,163.43,1,1,1.000000
1724168390455998900,12,0.00,545.62,239.79,174.27,1,1,1.000000
1724168390531031900,12,0.00,524.72,273.11,195.37,1,1,1.000000
1724168390607980900,12,0.00,520.00,290.48,200.01,1,1,1.000000
1724168390654140100,12,0.00,510.61,291.11,209.30,1,1,1.000000
1724168390731449100,12,0.00,499.82,330.99,219.90,1,1,1.000000
1724168390775167400,12,0.00,482.08,369.51,237.92,1,1,1.000000
1724168390853063200,12,0.61,466.21,406.06,253.52,1,1,1.000000
1724168390931163300,12,1.96,460.48,433.11,259.58,1,1,1.000000
1724168390974817600,12,35.48,454.93,427.31,264.98,1,1,1.000000
1724168391051345700,12,65.88,448.40,432.91,269.86,1,1,1.000000
1724168391097795100,12,64.68,433.03,472.98,286.46,1,1,1.000000
1724168391174115600,12,58.88,411.58,509.01,307.51,1,1,1.000000
1724168391219596200,12,68.45,378.55,532.61,293.86,1,1,1.000000
1724168391305139900,12,116.95,338.58,526.67,282.07,1,1,1.000000
1724168391372162700,12,245.78,317.70,417.99,262.74,1,1,1.000000
1724168391417981400,12,267.02,299.00,429.90,283.52,1,1,1.000000
1724168391495815200,12,313.09,279.10,443.78,314.53,1,1,1.000000
1724168391541926900,12,375.11,255.07,436.79,339.07,1,1,1.000000
1724168391570928300,12,463.21,220.42,409.13,336.40,1,1,1.000000
1724168391570928300,13,0.19,59.08,183.40,140.50,1,1,1.000000
1724168391646919900,12,504.41,180.77,429.02,314.99,1,1,1.000000
1724168391646919900,13,0.00,42.17,227.30,159.16,1,1,1.000000
1724168391646919900,14,142.00,663.97,380.66,55.37,1,1,1.000000
1724168391738409800,12,539.36,145.70,458.63,290.80,1,1,1.000000
1724168391738409800,13,0.00,31.77,263.67,176.73,1,1,1.000000
1724168391738409800,14,144.59,641.30,416.99,78.07,1,1,1.000000
1724168391769416300,12,599.30,113.98,463.30,269.96,1,1,1.000000
1724168391769416300,13,0.00,20.06,296.81,197.10,1,1,1.000000
1724168391769416300,14,142.12,645.59,456.59,73.99,1,1,1.000000
1724168391846311400,12,661.39,88.35,487.61,299.98,1,1,1.000000
1724168391846311400,13,0.00,10.81,341.80,212.50,1,1,1.000000
1724168391846311400,14,95.70,633.59,538.18,86.12,1,1,1.000000
1724168391892590900,12,722.01,56.81,519.73,323.68,1,1,1.000000
1724168391892590900,13,0.22,0.99,393.73,220.29,1,1,1.000000
1724168391892590900,14,186.45,622.55,479.82,97.16,1,1,1.000000
1724168391966716200,12,780.83,24.04,496.18,337.46,1,1,1.000000
1724168391966716200,13,0.22,0.42,437.72,217.11,1,1,1.000000
1724168391966716200,14,247.24,598.24,426.34,121.68,1,1,1.000000
1724168392060032600,12,798.39,3.79,480.02,313.89,1,1,1.000000
1724168392060032600,13,1.75,0.19,467.11,240.98,1,1,1.000000
1724168392060032600,14,311.41,586.94,384.84,133.16,1,1,1.000000
1724168392091600500,12,805.04,1.00,473.93,278.45,1,1,1.000000
1724168392091600500,13,1.03,0.47,469.09,224.60,1,1,1.000000
1724168392136808300,12,828.71,0.88,450.32,252.07,1,1,1.000000
1724168392136808300,13,2.13,0.52,504.17,214.20,1,1,1.000000
1724168392212442200,12,854.07,0.73,424.72,223.10,1,1,1.000000
1724168392212442200,13,0.20,0.03,502.28,173.68,1,1,1.000000
1724168392257491500,12,937.88,2.36,341.42,200.52,1,1,1.000000
1724168392257491500,13,0.00,0.22,519.29,175.28,1,1,1.000000
1724168392334155600,12,1025.10,13.64,255.29,176.92,1,1,1.000000
1724168392334155600,13,0.76,0.56,557.37,210.39,1,1,1.000000
1724168392380081800,12,1107.30,26.63,173.16,159.53,1,1,1.000000
1724168392380081800,13,31.22,0.21,552.42,178.84,1,1,1.000000
1724168392380081800,17,650.64,652.74,242.96,67.10,1,1,1.000000
1724168392456880400,12,1186.02,51.21,94.38,112.05,1,1,1.000000
1724168392456880400,13,63.98,0.05,545.24,179.75,1,1,1.000000
1724168392456880400,17,729.05,632.45,216.63,87.34,1,1,1.000000
1724168392532407800,13,99.49,0.30,546.65,172.71,1,1,1.000000
1724168392579313100,13,223.05,0.00,437.92,145.97,1,1,1.000000
1724168392654183100,18,0.26,597.89,186.06,118.54,1,1,1.000000
1724168392698910500,18,1.28,584.63,225.41,125.38,1,1,1.000000
1724168392777638800,18,1.30,573.81,281.93,143.43,1,1,1.000000
1724168392820402500,18,1.12,556.71,330.58,158.28,1,1,1.000000
1724168392897282100,18,0.86,553.27,371.76,159.79,1,1,1.000000
1724168392973635000,18,0.50,541.25,423.50,176.78,1,1,1.000000
1724168393018605100,18,0.51,526.08,461.61,174.97,1,1,1.000000
1724168393099000300,18,0.00,522.37,514.83,179.57,1,1,1.000000
1724168393126833400,18,0.00,520.64,569.49,186.19,1,1,1.000000
1724168393219530900,18,0.00,528.41,629.33,184.60,1,1,1.000000
1724168393248407800,18,0.00,538.24,698.10,177.78,1,1,1.000000
1724168393292750800,18,96.31,516.88,672.34,202.98,1,1,1.000000
1724168393370631900,18,104.78,546.87,713.49,172.87,1,1,1.000000
1724168393446997600,18,229.80,546.90,650.07,172.71,1,1,1.000000
1724168393491761500,18,440.65,542.69,586.64,177.69,1,1,1.000000
1724168393567552000,18,442.76,567.60,724.28,152.12,1,1,1.000000
1724168393614529900,18,516.62,607.56,761.46,112.88,1,1,1.000000
1724168393692638500,18,690.14,609.36,588.17,110.70,1,1,1.000000
1724168393767268400,18,818.45,607.18,461.06,112.30,1,1,1.000000
1724168393811827600,18,932.23,609.40,348.78,110.75,1,1,1.000000
1724168394693349100,22,0.00,326.14,213.61,366.24,1,1,1.000000
1724168394738822500,22,0.00,283.36,252.53,424.35,1,1,1.000000
1724168394818842600,22,0.00,239.84,291.03,429.03,1,1,1.000000
1724168394904983400,22,0.17,201.24,325.73,425.52,1,1,1.000000
1724168394939379200,22,0.28,163.32,365.45,501.90,1,1,1.000000
1724168395016719000,22,1.30,137.29,398.38,457.36,1,1,1.000000
1724168395047466400,22,1.60,103.12,443.65,491.93,1,1,1.000000
1724168395092202100,22,78.83,63.95,414.57,489.74,1,1,1.000000
1724168395169593400,22,96.32,18.76,437.78,444.98,1,1,1.000000
1724168395259448500,22,183.39,0.34,390.65,380.49,1,1,1.000000
1724168395292007100,22,188.52,0.47,421.79,398.43,1,1,1.000000
1724168395379162800,22,250.95,0.53,402.13,370.31,1,1,1.000000
1724168395407954100,22,351.09,1.06,331.89,273.98,1,1,1.000000
1724168395499406000,22,412.55,0.51,297.28,215.83,1,1,1.000000
1724168395577962500,22,467.14,0.00,250.38,143.29,1,1,1.000000
1724168395607846400,23,0.08,536.01,142.74,142.33,1,1,1.000000
1724168395700303300,23,0.00,499.97,183.49,177.03,1,1,1.000000
1724168395728790800,23,0.00,470.42,219.31,218.73,1,1,1.000000
1724168395818780200,23,0.01,455.09,259.21,228.24,1,1,1.000000
1724168395851279400,23,0.02,441.72,291.47,263.32,1,1,1.000000
1724168395927124900,23,0.00,430.44,328.73,266.22,1,1,1.000000
1724168395972769000,23,0.34,417.06,357.76,298.26,1,1,1.000000
1724168396049183700,23,0.00,395.48,397.04,321.69,1,1,1.000000
1724168396096520200,23,0.99,368.80,424.28,320.17,1,1,1.000000
1724168396171119100,23,3.22,352.89,455.39,294.44,1,1,1.000000
1724168396217144200,23,95.47,340.02,403.10,271.61,1,1,1.000000
1724168396294444500,23,73.87,329.75,458.70,312.06,1,1,1.000000
1724168396340446000,23,85.06,315.43,482.00,316.79,1,1,1.000000
1724168396416665800,23,168.95,286.39,441.17,288.84,1,1,1.000000
1724168396491102200,23,241.10,247.08,420.47,238.51,1,1,1.000000
1724168396539640000,23,262.95,217.48,443.12,286.63,1,1,1.000000
1724168396612744100,23,317.92,182.11,462.86,307.05,1,1,1.000000
1724168396658585600,23,383.90,136.84,451.11,311.98,1,1,1.000000
1724168396735613000,23,461.44,93.31,434.07,270.63,1,1,1.000000
1724168396780508900,23,508.93,43.71,497.00,327.12,1,1,1.000000
1724168396860067800,23,605.62,0.00,514.24,313.75,1,1,1.000000
1724168396935359800,23,684.73,0.00,501.22,228.20,1,1,1.000000
1724168396980167800,23,753.12,0.00,503.67,198.17,1,1,1.000000
1724168397010259800,23,848.24,0.00,429.03,160.17,1,1,1.000000
1724168397088898000,23,953.22,0.00,313.84,96.82,1,1,1.000000
1724168398340611700,24,468.82,668.03,262.34,51.79,1,1,1.000000
1724168398419297000,24,474.23,652.66,324.85,67.20,1,1,1.000000
1724168398449234600,24,510.94,640.95,376.36,78.86,1,1,1.000000
1724168398540966100,24,521.64,633.98,464.08,85.94,1,1,1.000000
1724168398616343000,24,530.89,621.02,548.00,98.50,1,1,1.000000
1724168398646809400,24,531.99,611.35,625.64,108.57,1,1,1.000000
1724168398693277400,24,612.12,608.46,665.50,109.99,1,1,1.000000
1724168398768561400,24,676.25,603.37,601.62,115.53,1,1,1.000000
1724168398768561400,25,11.73,657.20,238.56,62.65,1,1,1.000000
1724168398813498600,24,751.52,589.25,526.38,129.55,1,1,1.000000
1724168398813498600,25,2.38,637.20,282.37,82.55,1,1,1.000000
1724168398891476600,24,826.10,601.96,453.51,117.66,1,1,1.000000
1724168398891476600,25,2.39,622.49,306.67,97.33,1,1,1.000000
1724168398935533600,24,892.69,611.76,387.52,107.68,1,1,1.000000
1724168398935533600,25,39.46,615.45,298.16,104.27,1,1,1.000000
1724168399013957600,24,996.16,625.25,283.68,94.50,1,1,1.000000
1724168399013957600,25,53.83,614.84,327.54,104.78,1,1,1.000000
1724168399058083700,24,1065.65,616.05,214.59,103.54,1,1,1.000000
1724168399058083700,25,80.61,589.50,350.70,125.54,1,1,1.000000
1724168399135926100,25,105.07,587.32,411.95,131.40,1,1,1.000000
1724168399212450500,25,230.05,559.79,369.26,126.94,1,1,1.000000
1724168399258520800,25,278.57,540.36,430.29,174.22,1,1,1.000000
1724168399334639700,25,364.50,515.90,510.43,154.05,1,1,1.000000
1724168399382222200,25,491.65,499.25,598.11,120.29,1,1,1.000000
1724168399457688200,25,599.74,470.99,640.58,140.90,1,1,1.000000
1724168399532221900,25,758.49,466.44,520.64,132.02,1,1,1.000000
1724168399577359800,25,917.85,466.79,361.38,116.96,1,1,1.000000
1724168400658382800,28,363.63,682.62,184.64,37.03,1,1,1.000000
1724168400690915900,28,376.40,680.05,204.75,39.62,1,1,1.000000
1724168400736375900,28,389.07,679.46,239.56,40.16,1,1,1.000000
1724168400817169000,28,373.87,679.56,289.83,39.97,1,1,1.000000
1724168400859742400,28,404.23,677.70,317.49,41.76,1,1,1.000000
1724168400859742400,29,1.04,593.62,135.19,126.47,1,1,1.000000
1724168400937974600,28,410.92,670.90,323.35,48.79,1,1,1.000000
1724168401015007800,28,411.71,656.61,365.08,63.12,1,1,1.000000
1724168401057529600,28,456.42,647.01,360.14,72.68,1,1,1.000000
1724168401135771500,28,511.07,637.06,352.63,82.98,1,1,1.000000
1724168401183659500,28,554.70,634.50,354.69,85.26,1,1,1.000000
1724168401260357600,28,581.24,633.99,383.64,85.82,1,1,1.000000
1724168401337301900,28,614.13,630.94,511.07,88.72,1,1,1.000000
1724168401380396400,28,650.44,626.84,491.11,92.34,1,1,1.000000
1724168401380396400,32,0.06,343.26,222.53,164.09,1,1,1.000000
1724168401458122300,28,649.30,622.12,583.61,97.61,1,1,1.000000
1724168401458122300,32,0.02,323.97,277.80,193.06,1,1,1.000000
1724168401488760700,28,655.93,630.58,623.05,89.17,1,1,1.000000
1724168401488760700,32,0.00,313.61,327.96,208.01,1,1,1.000000
1724168401533319300,28,702.36,628.34,576.26,90.83,1,1,1.000000
1724168401533319300,32,0.60,305.06,375.24,227.42,1,1,1.000000
1724168401611149100,28,726.35,625.76,552.20,92.78,1,1,1.000000
1724168401611149100,32,0.79,296.95,426.67,243.75,1,1,1.000000
1724168401689149100,28,775.29,619.74,504.39,99.81,1,1,1.000000
1724168401689149100,32,0.70,282.05,477.67,267.70,1,1,1.000000
1724168401732367100,28,830.99,621.95,448.21,96.94,1,1,1.000000
1724168401732367100,32,1.60,280.94,524.42,278.02,1,1,1.000000
1724168401812109800,28,889.02,617.88,390.68,100.98,1,1,1.000000
1724168401812109800,32,0.97,273.74,577.18,287.84,1,1,1.000000
1724168401857482700,28,966.95,629.03,312.84,90.69,1,1,1.000000
1724168401857482700,32,0.00,263.92,628.97,340.82,1,1,1.000000
1724168401937964200,28,1048.98,623.85,231.43,95.71,1,1,1.000000
1724168401937964200,32,0.00,253.43,679.62,328.93,1,1,1.000000
1724168402008094100,28,1114.83,624.83,165.28,94.51,1,1,1.000000
1724168402008094100,32,39.96,239.69,691.64,318.97,1,1,1.000000
1724168402052832700,28,1153.81,608.15,126.22,109.47,1,1,1.000000
1724168402052832700,32,105.35,225.16,669.05,274.89,1,1,1.000000
1724168402131199900,28,1184.85,588.54,95.25,94.43,1,1,1.000000
1724168402131199900,32,188.76,213.70,644.80,270.59,1,1,1.000000
1724168402175540900,32,212.94,199.02,671.34,301.67,1,1,1.000000
1724168402223866000,32,252.00,186.73,687.86,316.06,1,1,1.000000
1724168402297537700,32,317.65,176.76,696.38,315.65,1,1,1.000000
1724168402375079600,32,414.87,166.71,674.29,275.66,1,1,1.000000
1724168402429586800,32,432.80,152.41,735.18,239.95,1,1,1.000000
1724168402498550300,32,494.41,140.24,740.14,220.38,1,1,1.000000
1724168402530338600,32,555.39,135.03,723.31,197.40,1,1,1.000000
1724168402619360900,32,606.85,120.72,671.90,202.78,1,1,1.000000
1724168402648317600,32,667.72,116.85,611.48,207.48,1,1,1.000000
1724168402742569600,32,719.85,99.60,558.81,221.16,1,1,1.000000
1724168402773107800,32,787.07,100.43,491.68,224.52,1,1,1.000000
1724168402869040100,32,876.54,142.47,403.13,176.14,1,1,1.000000
1724168402947736900,32,941.81,152.09,337.46,153.14,1,1,1.000000
1724168402977702800,32,1017.02,141.18,263.88,151.47,1,1,1.000000
1724168403060240700,32,1075.70,136.99,204.50,125.42,1,1,1.000000
1724168408171028700,38,0.00,90.84,163.18,299.62,1,1,1.000000
1724168408259151300,38,0.00,84.93,175.13,361.36,1,1,1.000000
1724168409177289400,39,1.68,644.59,243.30,74.79,1,1,1.000000
1724168409220234800,39,0.65,629.15,306.81,90.85,1,1,1.000000
1724168409298156300,39,1.12,612.92,348.30,106.82,1,1,1.000000
1724168409374505400,39,0.85,594.28,395.77,125.39,1,1,1.000000
1724168409419090500,39,1.53,580.12,443.16,137.89,1,1,1.000000
1724168409494492200,39,0.25,564.33,486.96,146.38,1,1,1.000000
1724168409540077200,39,1.89,552.18,529.32,147.60,1,1,1.000000
1724168409619009700,39,57.30,544.46,520.03,144.33,1,1,1.000000
1724168409646468900,39,109.93,533.74,512.96,135.62,1,1,1.000000
1724168409739824200,39,191.53,524.22,472.91,115.50,1,1,1.000000
1724168409766815000,39,245.29,516.33,461.89,104.89,1,1,1.000000
1724168409858374500,39,297.02,512.89,456.65,98.93,1,1,1.000000
1724168409937497100,39,349.04,504.66,442.64,101.60,1,1,1.000000
1724168409980821200,39,395.91,498.72,439.83,101.02,1,1,1.000000
1724168410011640900,39,427.91,489.90,458.28,100.01,1,1,1.000000
1724168410087559800,39,475.04,485.75,443.28,103.01,1,1,1.000000
1724168410132230300,39,511.04,477.36,449.39,104.59,1,1,1.000000
1724168410208341300,39,545.03,469.95,459.57,109.30,1,1,1.000000
1724168410257586100,39,589.07,468.82,465.21,110.72,1,1,1.000000
1724168410333737300,39,647.94,462.53,457.51,112.27,1,1,1.000000
1724168410407818900,39,687.43,455.46,448.96,114.08,1,1,1.000000
1724168410456389000,39,731.67,443.33,440.60,118.07,1,1,1.000000
1724168410530253300,39,782.78,433.05,450.81,118.64,1,1,1.000000
1724168410605965900,39,815.48,429.86,463.50,117.13,1,1,1.000000
1724168410653144200,39,869.71,425.40,409.93,132.37,1,1,1.000000
1724168410653144200,40,312.27,665.84,358.60,53.64,1,1,1.000000
1724168410702505300,39,904.92,423.89,374.42,117.80,1,1,1.000000
1724168410702505300,40,286.21,661.96,468.45,57.73,1,1,1.000000
1724168410776651800,39,934.32,419.67,344.86,120.01,1,1,1.000000
1724168410776651800,40,432.76,664.67,434.30,54.95,1,1,1.000000
1724168410852523700,39,969.82,418.27,309.21,117.68,1,1,1.000000
1724168410852523700,40,538.60,663.44,410.59,55.90,1,1,1.000000
1724168410899872600,39,990.11,414.19,289.43,108.26,1,1,1.000000
1724168410899872600,40,557.84,660.59,493.11,58.81,1,1,1.000000
1724168410976127000,39,1078.14,428.35,202.18,88.29,1,1,1.000000
1724168410976127000,40,652.65,647.53,459.13,72.22,1,1,1.000000
1724168411019511500,40,745.13,641.60,459.75,78.36,1,1,1.000000
1724168411095243500,40,839.05,643.28,437.74,76.47,1,1,1.000000
1724168411125963100,40,925.22,662.19,354.69,57.39,1,1,1.000000
1724168411220404700,40,992.17,665.83,287.91,54.07,1,1,1.000000
1724168411646919000,41,608.24,694.84,259.27,25.00,1,1,1.000000
1724168411692108000,41,646.00,686.79,300.89,32.69,1,1,1.000000
1724168411768847500,41,674.81,670.82,343.06,48.62,1,1,1.000000
1724168411813572200,41,707.70,665.99,379.01,53.30,1,1,1.000000
1724168411859125700,41,719.49,660.80,416.92,58.42,1,1,1.000000
1724168411933769100,41,773.60,650.88,464.36,68.86,1,1,1.000000
1724168411933769100,42,0.53,485.44,99.92,80.51,1,1,1.000000
1724168412009229700,41,827.57,643.91,447.04,76.05,1,1,1.000000
1724168412009229700,42,0.17,447.04,109.72,124.43,1,1,1.000000
1724168412056177800,41,870.02,628.12,408.93,91.84,1,1,1.000000
1724168412056177800,42,0.52,448.19,124.23,123.30,1,1,1.000000
1724168412131165400,41,925.77,615.92,354.32,103.89,1,1,1.000000
1724168412131165400,42,0.54,450.89,143.40,121.10,1,1,1.000000
1724168412208128400,41,980.20,626.37,300.47,93.35,1,1,1.000000
1724168412208128400,42,0.64,446.26,161.37,125.44,1,1,1.000000
1724168412252508700,41,1027.71,635.29,252.63,83.79,1,1,1.000000
1724168412252508700,42,1.38,442.12,184.78,130.31,1,1,1.000000
1724168412328904300,41,1091.21,638.35,190.02,81.58,1,1,1.000000
1724168412328904300,42,42.93,437.11,175.73,138.14,1,1,1.000000
1724168412376848000,41,1148.49,636.59,132.47,81.26,1,1,1.000000
1724168412376848000,42,74.63,444.58,177.28,135.44,1,1,1.000000
1724168412452694000,42,117.17,442.92,164.72,142.81,1,1,1.000000
1724168412499521300,42,152.71,442.39,159.96,150.21,1,1,1.000000
1724168412573328100,42,170.25,468.03,167.12,132.61,1,1,1.000000
1724168412573328100,43,6.01,664.97,286.46,54.96,1,1,1.000000
1724168412619065500,42,170.30,469.92,199.81,136.14,1,1,1.000000
1724168412619065500,43,94.96,664.40,215.57,55.44,1,1,1.000000
1724168412619065500,44,0.00,425.41,114.60,179.16,1,1,1.000000
1724168412694279900,42,168.55,452.04,246.33,157.82,1,1,1.000000
1724168412694279900,43,93.80,664.01,240.53,55.88,1,1,1.000000
1724168412694279900,44,0.00,409.32,171.27,198.23,1,1,1.000000
1724168412741814500,42,197.71,472.39,270.32,139.22,1,1,1.000000
1724168412741814500,43,109.21,672.19,257.32,47.72,1,1,1.000000
1724168412741814500,44,0.08,428.74,210.76,179.74,1,1,1.000000
1724168412818322000,42,219.40,448.31,292.17,176.68,1,1,1.000000
1724168412818322000,43,161.69,676.12,242.50,43.68,1,1,1.000000
1724168412818322000,44,2.00,415.87,255.85,195.57,1,1,1.000000
1724168412859859500,42,266.88,452.46,291.77,163.66,1,1,1.000000
1724168412859859500,43,194.75,666.34,258.01,53.42,1,1,1.000000
1724168412859859500,44,3.28,407.30,294.61,208.45,1,1,1.000000
1724168412937858800,42,289.46,489.94,305.07,123.86,1,1,1.000000
1724168412937858800,43,239.19,672.95,290.35,46.76,1,1,1.000000
1724168412937858800,44,4.95,462.40,347.92,164.03,1,1,1.000000
1724168413016277400,42,294.82,487.69,341.98,141.78,1,1,1.000000
1724168413016277400,43,260.84,677.93,305.31,41.70,1,1,1.000000
1724168413016277400,44,6.21,475.29,626.09,160.78,1,1,1.000000
1724168413016277400,45,0.40,388.53,92.69,87.09,1,1,1.000000
1724168413060637400,42,331.99,488.31,330.86,136.85,1,1,1.000000
1724168413060637400,43,273.47,675.21,338.89,44.59,1,1,1.000000
1724168413060637400,44,34.63,474.07,382.98,170.69,1,1,1.000000
1724168413060637400,45,0.95,390.13,106.74,95.30,1,1,1.000000
1724168413134823000,42,357.50,486.69,366.35,130.62,1,1,1.000000
1724168413134823000,43,330.83,666.30,311.25,53.48,1,1,1.000000
1724168413134823000,44,103.46,475.52,364.64,177.61,1,1,1.000000
1724168413134823000,45,0.24,386.80,124.88,113.70,1,1,1.000000
1724168413182757600,42,388.23,487.87,381.62,128.80,1,1,1.000000
1724168413182757600,43,362.58,654.12,298.67,65.36,1,1,1.000000
1724168413182757600,44,110.90,442.37,409.09,215.03,1,1,1.000000
1724168413182757600,45,0.00,384.74,140.24,134.56,1,1,1.000000
1724168413255929900,42,388.13,473.76,438.36,140.72,1,1,1.000000
1724168413255929900,44,157.33,438.58,574.44,236.66,1,1,1.000000
1724168413255929900,45,0.08,372.17,176.80,155.85,1,1,1.000000
1724168413332236000,42,265.10,421.66,626.16,196.89,1,1,1.000000
1724168413332236000,43,411.76,652.37,364.81,67.04,1,1,1.000000
1724168413332236000,44,263.03,420.55,439.95,257.47,1,1,1.000000
1724168413332236000,45,0.75,366.66,214.33,167.76,1,1,1.000000
1724168413376675600,42,506.72,460.78,469.21,149.25,1,1,1.000000
1724168413376675600,43,546.01,618.50,277.31,100.82,1,1,1.000000
1724168413376675600,44,321.42,440.34,384.03,237.37,1,1,1.000000
1724168413376675600,45,1.49,355.89,244.20,179.79,1,1,1.000000
1724168413454990200,42,353.37,444.59,690.67,175.40,1,1,1.000000
1724168413454990200,43,534.94,618.11,329.34,100.89,1,1,1.000000
1724168413454990200,44,349.70,441.49,518.34,277.05,1,1,1.000000
1724168413454990200,45,2.54,341.02,286.08,194.83,1,1,1.000000
1724168413454990200,48,355.06,441.44,356.80,188.55,1,1,1.000000