1724168095316853200,1,515.33,577.53,225.22,63.64,1,2,1.000000
1724168095316853200,2,536.30,630.73,45.43,24.98,1,1,1.000000
1724168095316853200,3,581.66,619.23,72.66,27.77,1,1,1.000000
1724168095390425800,1,512.05,578.79,231.81,62.40,1,2,1.000000
1724168095390425800,2,537.18,627.91,49.63,24.77,1,1,1.000000
1724168095390425800,3,576.56,618.81,83.27,30.96,1,1,1.000000
1724168095446020100,1,512.71,580.83,232.63,60.64,1,2,1.000000
1724168095523837000,1,515.28,585.00,224.20,53.87,1,2,1.000000
1724168095570949100,1,513.64,585.78,223.36,53.67,1,2,1.000000
1724168095636032600,1,510.21,589.56,219.86,47.88,1,2,1.000000
1724168095636032600,3,548.86,619.77,96.88,35.23,1,1,1.000000
1724168095701186900,1,508.86,595.94,209.07,41.03,1,2,1.000000
1724168095701186900,3,551.95,619.69,93.33,35.19,1,1,1.000000
1724168095767937600,1,506.09,596.52,211.42,41.11,1,2,1.000000
1724168095767937600,3,558.66,618.53,86.55,34.28,1,1,1.000000
1724168095832901200,1,506.08,598.04,208.88,38.54,1,2,1.000000
1724168095832901200,3,561.70,617.61,86.44,34.85,1,1,1.000000
1724168095832901200,5,561.95,619.69,84.81,32.66,1,1,1.000000
1724168095897507200,1,506.08,598.20,210.19,37.91,1,2,1.000000
1724168095956346800,1,505.14,597.75,213.30,42.09,1,2,1.000000
1724168095956346800,3,567.52,619.05,89.98,34.30,1,1,1.000000
1724168096019048700,1,505.19,599.73,203.67,39.18,1,2,1.000000
1724168096019048700,3,540.12,620.57,117.53,35.09,1,1,1.000000
1724168096083985600,1,507.81,599.66,206.61,38.99,1,2,1.000000
1724168096144616800,1,506.95,600.35,202.67,37.96,1,2,1.000000
1724168096144616800,3,554.50,621.70,103.18,32.67,1,1,1.000000
1724168096213010000,1,504.65,599.46,207.75,37.46,1,2,1.000000
1724168096213010000,3,586.35,621.70,69.35,28.09,1,1,1.000000
1724168096273518100,1,507.75,599.00,205.98,37.49,1,2,1.000000
1724168096273518100,3,584.12,620.85,66.93,29.57,1,1,1.000000
1724168096351232500,1,505.81,598.25,208.46,38.69,1,2,1.000000
1724168096351232500,3,584.60,620.52,63.44,29.97,1,1,1.000000
1724168096401891100,1,505.03,597.39,211.59,38.59,1,2,1.000000
1724168096401891100,3,585.74,620.98,63.40,28.86,1,1,1.000000
1724168096470499900,1,507.29,599.11,199.37,37.96,1,2,1.000000
1724168096470499900,3,578.87,620.96,69.51,28.71,1,1,1.000000
1724168096530436200,1,506.98,596.93,209.65,39.30,1,2,1.000000
1724168096530436200,3,580.42,619.40,70.31,29.91,1,1,1.000000
1724168096594686100,1,508.07,597.40,208.17,40.49,1,2,1.000000
1724168096594686100,3,585.37,621.01,63.66,27.48,1,1,1.000000
1724168096659992600,1,506.32,596.10,211.20,41.94,1,2,1.000000
1724168096659992600,3,582.96,620.94,61.68,25.51,1,1,1.000000
1724168096724056300,1,507.36,596.55,209.91,41.32,1,2,1.000000
1724168096724056300,3,577.88,622.15,65.32,24.63,1,1,1.000000
1724168096724056300,12,532.68,639.76,23.26,11.81,1,1,1.000000
1724168096792540400,1,509.14,594.09,210.22,45.23,1,2,1.000000
1724168096792540400,3,584.91,622.23,56.91,24.26,1,1,1.000000
1724168096854361500,1,506.59,595.21,211.19,43.26,1,2,1.000000
1724168096854361500,3,587.26,623.44,53.21,19.37,1,1,1.000000
1724168096854361500,12,533.41,639.96,25.02,16.44,1,1,1.000000
1724168096917174300,1,507.84,592.56,217.41,47.41,1,2,1.000000
1724168096917174300,3,584.05,625.29,55.68,16.03,1,1,1.000000
1724168096917174300,12,534.04,638.66,27.79,17.06,1,1,1.000000
1724168096988293000,1,507.09,594.41,208.38,44.37,1,2,1.000000
1724168096988293000,3,585.81,626.06,46.57,14.70,1,1,1.000000
1724168096988293000,12,534.37,640.41,29.77,16.92,1,1,1.000000
1724168097044558300,1,506.03,594.57,211.68,43.02,1,2,1.000000
1724168097044558300,12,535.38,639.93,29.88,19.12,1,1,1.000000
1724168097111118300,1,508.74,593.68,212.91,43.48,1,2,1.000000
1724168097111118300,12,540.15,640.63,29.52,20.02,1,1,1.000000
1724168097173927900,1,511.48,593.85,204.20,45.16,1,2,1.000000
1724168097173927900,12,537.13,638.90,44.10,22.34,1,1,1.000000
1724168097234278900,1,510.25,592.05,213.13,47.44,1,2,1.000000
1724168097234278900,12,538.78,639.24,42.05,24.29,1,1,1.000000
1724168097304526300,1,509.66,593.29,208.86,43.58,1,2,1.000000
1724168097304526300,12,536.23,635.73,51.13,27.52,1,1,1.000000
1724168097362809400,1,510.71,593.51,207.52,44.90,1,2,1.000000
1724168097362809400,12,542.75,636.10,49.63,27.36,1,1,1.000000
1724168097428563000,1,508.40,593.52,212.82,45.38,1,2,1.000000
1724168097428563000,12,543.81,630.94,59.08,32.77,1,1,1.000000
1724168097501868000,1,510.47,593.85,211.88,45.23,1,2,1.000000
1724168097501868000,12,544.57,632.99,58.04,29.78,1,1,1.000000
1724168097553550900,1,507.79,592.53,214.86,46.58,1,2,1.000000
1724168097553550900,12,540.68,632.19,62.94,31.97,1,1,1.000000
1724168097619790000,1,506.55,593.32,217.25,46.18,1,2,1.000000
1724168097619790000,12,545.96,632.20,62.82,33.22,1,1,1.000000
1724168097685139200,1,508.06,594.52,214.77,43.36,1,2,1.000000
1724168097685139200,12,555.69,631.06,61.19,33.01,1,1,1.000000
1724168097755623200,1,509.92,595.00,207.51,43.01,1,2,1.000000
1724168097755623200,12,561.44,631.80,62.28,30.49,1,1,1.000000
1724168097755623200,17,530.14,627.12,37.24,22.58,1,1,1.000000
1724168097832521500,1,510.08,595.20,205.66,42.91,1,2,1.000000
1724168097832521500,12,563.04,632.91,67.39,29.20,1,1,1.000000
1724168097832521500,17,530.93,626.36,32.98,24.16,1,1,1.000000
1724168097876300700,1,510.25,595.84,210.55,42.69,1,2,1.000000
1724168097876300700,12,569.21,630.95,68.73,31.63,1,1,1.000000
1724168097876300700,17,529.96,629.12,34.60,18.33,1,1,1.000000
1724168097941455400,1,509.66,598.99,201.29,40.37,1,2,1.000000
1724168097941455400,12,564.72,629.54,83.71,32.60,1,1,1.000000
1724168098004274900,1,509.52,598.54,205.52,40.89,1,2,1.000000
1724168098004274900,12,566.11,628.69,90.64,37.35,1,1,1.000000
1724168098066852100,1,510.07,598.17,198.69,41.16,1,2,1.000000
1724168098066852100,12,588.39,629.52,69.99,31.07,1,1,1.000000
1724168098130704800,1,509.09,599.82,202.41,38.72,1,2,1.000000
1724168098130704800,12,598.67,629.73,63.61,30.71,1,1,1.000000
1724168098194945600,1,509.86,600.93,200.24,37.76,1,2,1.000000
1724168098194945600,12,603.01,629.75,64.65,29.77,1,1,1.000000
1724168098261167100,1,506.61,600.19,201.81,39.00,1,2,1.000000
1724168098261167100,12,602.84,628.54,65.27,31.11,1,1,1.000000
1724168098322562000,1,507.75,601.78,196.73,37.46,1,2,1.000000
1724168098322562000,12,611.28,629.44,56.30,29.69,1,1,1.000000
1724168098388221200,1,509.77,601.91,196.33,41.45,1,2,1.000000
1724168098388221200,12,620.78,630.80,48.38,27.06,1,1,1.000000
1724168098461070800,1,509.85,602.54,194.90,39.32,1,2,1.000000
1724168098461070800,12,632.55,635.10,34.85,22.89,1,1,1.000000
1724168098519158100,1,508.76,602.20,196.73,39.87,1,2,1.000000
1724168098519158100,12,638.14,637.66,27.11,19.19,1,1,1.000000
1724168098577976200,1,512.13,601.89,194.93,36.76,1,2,1.000000
1724168098577976200,12,648.11,640.84,18.69,13.72,1,1,1.000000
1724168098642864600,1,511.20,602.70,193.30,37.78,1,2,1.000000
1724168098724335100,1,512.91,601.25,193.16,40.09,1,2,1.000000
1724168098784532100,1,512.39,601.87,196.84,39.55,1,2,1.000000
1724168098841173600,1,510.92,601.54,201.85,41.31,1,2,1.000000
1724168098921376700,1,512.90,602.14,198.32,41.00,1,2,1.000000
1724168098964857500,1,512.21,603.73,195.62,38.02,1,2,1.000000
1724168099033645600,1,513.87,603.75,193.24,37.72,1,2,1.000000
1724168099092903300,1,512.42,604.95,188.73,37.99,1,2,1.000000
1724168099154705800,1,512.30,604.41,194.53,37.73,1,2,1.000000
1724168099228916600,1,511.67,605.26,190.20,36.80,1,2,1.000000
1724168099288145000,1,511.17,605.76,186.95,36.38,1,2,1.000000
1724168099404546700,1,511.15,606.11,184.78,35.88,1,2,1.000000
1724168099418529100,1,511.35,605.44,185.16,37.38,1,2,1.000000
1724168099481237000,1,510.00,605.75,186.46,36.56,1,2,1.000000
1724168099547676800,1,506.68,603.72,186.88,38.70,1,2,1.000000
1724168099609086800,1,506.21,604.35,186.66,37.21,1,2,1.000000
1724168099666718400,1,505.77,604.25,184.97,37.46,1,2,1.000000
1724168099731895000,1,504.79,602.10,190.81,39.08,1,2,1.000000
1724168099798992100,1,503.26,602.23,191.23,39.06,1,2,1.000000
1724168099862027100,1,502.72,602.35,193.47,39.34,1,2,1.000000
1724168099934081100,1,503.54,600.61,194.04,38.67,1,2,1.000000
1724168099990478700,1,504.04,600.46,194.02,38.40,1,2,1.000000
1724168100070239100,1,503.47,600.18,194.83,38.96,1,2,1.000000
1724168100114014100,1,500.32,599.75,198.83,38.45,1,2,1.000000
1724168100187663700,1,501.77,599.89,197.99,38.96,1,2,1.000000
1724168100245661300,1,500.40,599.17,200.99,38.73,1,2,1.000000
1724168100308134100,1,501.38,598.47,201.96,39.30,1,2,1.000000
1724168100371657300,1,499.17,597.88,204.16,39.21,1,2,1.000000
1724168100459288000,1,503.46,597.99,200.92,38.89,1,2,1.000000
1724168100509826500,1,498.28,597.02,207.66,39.61,1,2,1.000000
1724168100567371400,1,490.50,595.77,210.79,40.72,1,2,1.000000
1724168100630261400,1,491.25,595.01,210.58,42.12,1,2,1.000000
1724168100709477200,1,494.90,594.02,207.22,40.81,1,2,1.000000
1724168100758901300,1,492.43,594.02,209.50,40.58,1,2,1.000000
1724168100826992400,1,492.75,594.49,210.61,39.35,1,2,1.000000
1724168100889610800,1,493.24,593.84,209.54,38.63,1,2,1.000000
1724168100946991500,1,492.65,592.87,210.86,40.32,1,2,1.000000
1724168101018081400,1,492.15,592.71,214.25,39.28,1,2,1.000000
1724168101088658900,1,490.50,590.92,215.52,40.92,1,2,1.000000
1724168101142696500,1,488.96,590.33,218.17,42.47,1,2,1.000000
1724168101142696500,24,538.30,639.66,19.99,17.11,1,1,1.000000
1724168101210635300,1,490.09,590.28,218.14,41.41,1,2,1.000000
1724168101210635300,24,543.09,638.92,21.40,15.51,1,1,1.000000
1724168101285770500,1,494.37,588.79,218.16,43.01,1,2,1.000000
1724168101285770500,24,542.56,641.34,22.20,15.59,1,1,1.000000
1724168101331560100,1,490.15,588.98,219.73,41.19,1,2,1.000000
1724168101331560100,24,545.34,640.36,20.42,15.48,1,1,1.000000
1724168101398371500,1,485.06,588.21,227.08,43.14,1,2,1.000000
1724168101463040800,1,484.11,588.02,226.90,42.34,1,2,1.000000
1724168101463040800,24,543.75,641.66,21.55,16.19,1,1,1.000000
1724168101523600600,1,488.77,588.65,222.61,41.58,1,2,1.000000
1724168101523600600,24,548.78,640.04,28.28,15.78,1,1,1.000000
1724168101589931000,1,488.08,587.83,228.63,42.18,1,2,1.000000
1724168101670494500,1,491.36,588.98,217.80,40.95,1,2,1.000000
1724168101715066700,1,491.45,589.15,221.79,39.93,1,2,1.000000
1724168101781476800,1,488.92,588.64,224.77,40.89,1,2,1.000000
1724168101841974700,1,492.20,589.13,225.64,40.86,1,2,1.000000
1724168101907122100,1,488.81,588.62,224.10,41.45,1,2,1.000000
1724168101973440100,1,488.38,589.36,228.23,38.99,1,2,1.000000
1724168102033803200,1,491.16,589.65,227.24,38.06,1,2,1.000000
1724168102108856300,1,488.95,590.44,226.74,38.48,1,2,1.000000
1724168102164636500,1,494.30,590.54,221.47,37.86,1,2,1.000000
1724168102164636500,26,542.69,642.26,24.73,19.67,1,1,1.000000
1724168102227241700,1,493.88,589.95,222.18,39.13,1,2,1.000000
1724168102227241700,26,543.11,640.20,25.52,25.90,1,1,1.000000
1724168102290751900,1,495.16,590.62,221.81,38.24,1,2,1.000000
1724168102290751900,26,539.38,639.03,35.47,27.59,1,1,1.000000
1724168102355458600,1,501.06,590.10,216.12,37.53,1,2,1.000000
1724168102355458600,26,541.31,639.34,38.59,27.88,1,1,1.000000
1724168102355458600,28,649.42,628.45,24.57,13.41,1,1,1.000000
1724168102429330100,1,489.20,589.60,230.52,38.77,1,2,1.000000
1724168102429330100,26,542.50,638.25,41.01,29.14,1,1,1.000000
1724168102485659300,1,492.77,589.70,223.88,39.23,1,2,1.000000
1724168102485659300,26,542.75,633.43,47.47,35.80,1,1,1.000000
1724168102485659300,28,657.09,628.03,22.77,14.61,1,1,1.000000
1724168102550165200,1,489.44,590.83,227.27,38.46,1,2,1.000000
1724168102550165200,26,545.42,632.30,54.23,37.61,1,1,1.000000
1724168102614573100,1,492.59,590.75,222.89,37.74,1,2,1.000000
1724168102614573100,26,551.97,630.69,51.00,40.27,1,1,1.000000
1724168102688225700,1,494.62,590.49,220.17,38.69,1,2,1.000000
1724168102688225700,26,553.79,630.05,58.32,39.65,1,1,1.000000
1724168102741235900,1,493.90,589.68,224.99,39.03,1,2,1.000000
1724168102741235900,26,553.62,628.49,82.62,37.33,1,1,1.000000
1724168102805439100,1,495.66,591.23,220.58,39.05,1,2,1.000000
1724168102805439100,26,557.26,624.96,82.05,39.42,1,1,1.000000
1724168102882879800,1,490.39,590.82,226.22,40.33,1,2,1.000000
1724168102882879800,26,567.11,624.54,77.46,38.93,1,1,1.000000
1724168102929929000,1,488.83,591.83,224.64,39.58,1,2,1.000000
1724168102929929000,26,579.17,626.66,76.75,34.93,1,1,1.000000
1724168103004988900,1,489.35,590.64,225.15,41.30,1,2,1.000000
1724168103004988900,26,592.77,625.13,69.89,33.47,1,1,1.000000
1724168103064491400,1,488.72,590.49,227.41,41.31,1,2,1.000000
1724168103064491400,26,600.44,625.87,68.46,32.73,1,1,1.000000
1724168103125630500,1,484.22,592.86,216.52,38.45,1,2,1.000000
1724168103125630500,26,604.92,627.56,65.13,30.87,1,1,1.000000
1724168103125630500,31,516.37,622.55,24.71,16.16,1,1,1.000000
1724168103193578000,1,473.02,588.72,227.21,42.00,1,2,1.000000
1724168103193578000,26,602.47,628.50,68.79,29.50,1,1,1.000000
1724168103254853300,1,469.77,588.51,233.72,43.01,1,2,1.000000
1724168103254853300,26,622.77,631.77,50.25,27.08,1,1,1.000000
1724168103254853300,31,518.60,625.23,25.04,14.24,1,1,1.000000
1724168103319715400,1,482.24,591.49,222.89,39.22,1,2,1.000000
1724168103319715400,26,636.26,633.82,34.07,26.45,1,1,1.000000
1724168103319715400,31,524.12,629.97,15.55,12.28,1,1,1.000000
1724168103380668600,1,469.14,587.62,236.31,43.37,1,2,1.000000
1724168103380668600,26,636.77,632.62,37.17,26.21,1,1,1.000000
1724168103448440000,1,475.75,589.06,228.72,41.98,1,2,1.000000
1724168103448440000,26,636.33,633.41,33.35,22.34,1,1,1.000000
1724168103517052700,1,467.83,586.73,236.19,44.80,1,2,1.000000
1724168103517052700,26,642.27,633.70,29.02,21.36,1,1,1.000000
1724168103587341100,1,467.94,585.35,237.71,46.60,1,2,1.000000
1724168103587341100,26,639.52,635.59,27.66,18.99,1,1,1.000000
1724168103587341100,34,531.65,636.27,21.93,19.71,1,1,1.000000
1724168103635313600,1,470.12,586.64,232.57,46.10,1,2,1.000000
1724168103635313600,34,532.46,637.81,30.05,20.96,1,1,1.000000
1724168103700374900,1,472.73,585.99,230.63,46.99,1,2,1.000000
1724168103700374900,34,533.64,636.29,25.07,21.72,1,1,1.000000
1724168103766027000,1,469.21,584.93,231.75,48.61,1,2,1.000000
1724168103766027000,34,530.47,636.83,32.71,20.11,1,1,1.000000
1724168103827804200,1,472.91,585.86,225.74,48.82,1,2,1.000000
1724168103827804200,34,529.84,635.84,32.02,21.34,1,1,1.000000
1724168103897051000,1,468.64,583.72,230.22,50.22,1,2,1.000000
1724168103897051000,34,532.47,634.04,34.12,24.09,1,1,1.000000
1724168103954465300,1,471.76,583.85,226.80,50.51,1,2,1.000000
1724168103954465300,34,526.87,631.79,42.84,26.24,1,1,1.000000
1724168104021830200,1,471.49,582.80,226.89,52.01,1,2,1.000000
1724168104021830200,34,528.77,631.72,43.95,26.69,1,1,1.000000
1724168104084459200,1,468.34,581.46,230.36,53.92,1,2,1.000000
1724168104084459200,34,528.59,631.24,53.07,27.45,1,1,1.000000
1724168104152659500,1,470.50,583.47,228.51,52.53,1,2,1.000000
1724168104152659500,34,531.37,631.17,49.52,26.30,1,1,1.000000
1724168104211270200,1,471.69,582.57,223.70,52.77,1,2,1.000000
1724168104211270200,34,529.08,628.72,46.70,29.13,1,1,1.000000
1724168104276808300,1,468.22,583.96,231.72,51.30,1,2,1.000000
1724168104276808300,34,528.96,630.20,50.08,28.47,1,1,1.000000
1724168104354126600,1,467.78,581.19,228.87,54.56,1,2,1.000000
1724168104354126600,34,533.09,628.69,59.94,30.00,1,1,1.000000
1724168104406450900,1,468.53,581.04,228.08,54.77,1,2,1.000000
1724168104406450900,34,529.88,628.19,64.43,30.00,1,1,1.000000
1724168104479336000,1,458.87,578.33,237.43,57.75,1,2,1.000000
1724168104479336000,34,534.31,627.30,66.99,30.83,1,1,1.000000
1724168104539569100,1,467.05,577.88,229.33,58.04,1,2,1.000000
1724168104539569100,34,534.03,626.13,64.92,31.80,1,1,1.000000
1724168104610369100,1,466.82,578.90,228.48,57.45,1,2,1.000000
1724168104610369100,34,538.28,625.54,59.80,32.55,1,1,1.000000
1724168104661236200,1,458.59,577.97,238.01,58.02,1,2,1.000000
1724168104661236200,34,542.16,625.50,56.95,34.45,1,1,1.000000
1724168104727297600,1,463.69,578.16,236.04,58.14,1,2,1.000000
1724168104727297600,34,543.16,626.09,58.52,33.08,1,1,1.000000
1724168104789320600,1,468.16,578.81,232.44,57.26,1,2,1.000000
1724168104789320600,34,548.54,625.98,55.08,26.02,1,1,1.000000
1724168104849603300,1,465.82,578.45,235.09,57.34,1,2,1.000000
1724168104849603300,34,557.20,626.94,51.18,23.99,1,1,1.000000
1724168104914331200,1,467.24,580.43,233.67,51.18,1,2,1.000000
1724168104914331200,34,558.03,623.19,55.06,27.42,1,1,1.000000
1724168104982626600,1,467.43,581.03,233.02,51.25,1,2,1.000000
1724168104982626600,34,565.99,627.66,49.06,21.48,1,1,1.000000
1724168105041547500,1,463.68,578.51,238.83,54.17,1,2,1.000000
1724168105041547500,34,567.06,626.24,48.29,22.80,1,1,1.000000
1724168105107187000,1,466.30,580.31,236.54,51.88,1,2,1.000000
1724168105107187000,34,574.74,629.47,35.52,19.09,1,1,1.000000
1724168105178536200,1,469.42,580.74,235.44,49.60,1,2,1.000000
1724168105178536200,34,581.17,627.93,33.75,18.72,1,1,1.000000
1724168105238319600,1,469.43,580.63,237.40,46.77,1,2,1.000000
1724168105238319600,34,588.31,629.36,32.75,14.54,1,1,1.000000
1724168105298696600,1,469.54,581.62,237.27,46.23,1,2,1.000000
1724168105298696600,34,589.68,628.11,28.65,12.56,1,1,1.000000
1724168105380344100,1,469.13,581.24,240.27,45.46,1,2,1.000000
1724168105380344100,34,597.16,625.48,18.50,9.84,1,1,1.000000
1724168105444490600,1,477.00,582.25,236.85,42.96,1,2,1.000000
1724168105444490600,34,600.37,623.62,18.84,9.07,1,1,1.000000
1724168105489674100,1,476.65,582.71,237.67,43.20,1,2,1.000000
1724168105489674100,34,600.48,622.47,22.69,12.10,1,1,1.000000
1724168105566090700,1,480.18,582.38,234.14,42.87,1,2,1.000000
1724168105624597700,1,484.11,581.24,237.91,42.91,1,2,1.000000
1724168105686605200,1,484.86,579.16,240.12,43.72,1,2,1.000000
1724168105746535400,1,486.78,579.81,241.18,42.08,1,2,1.000000
1724168105815925900,1,487.50,579.49,238.89,41.43,1,2,1.000000
1724168105874956300,1,488.15,578.85,252.65,42.17,1,2,1.000000
1724168105952589200,1,487.26,578.44,249.34,43.07,1,2,1.000000
1724168106004475200,1,487.60,577.06,251.70,44.07,1,2,1.000000
1724168106074484700,1,489.58,574.97,254.13,46.52,1,2,1.000000
1724168106132053300,1,491.50,573.32,252.13,48.83,1,2,1.000000
1724168106195899100,1,491.17,573.30,254.20,48.89,1,2,1.000000
1724168106263764300,1,493.08,571.31,252.13,51.37,1,2,1.000000
1724168106263764300,36,693.61,597.62,23.26,19.69,1,1,1.000000
1724168106333761900,1,495.14,569.85,255.79,54.52,1,2,1.000000
1724168106333761900,36,692.43,594.99,29.46,21.76,1,1,1.000000
1724168106392278100,1,496.15,570.25,255.74,54.78,1,2,1.000000
1724168106392278100,36,691.07,599.51,25.47,17.37,1,1,1.000000
1724168106454788800,1,496.53,566.97,262.55,59.34,1,2,1.000000
1724168106454788800,36,691.89,600.14,27.50,17.17,1,1,1.000000
1724168106517767000,1,494.00,574.23,254.16,53.17,1,2,1.000000
1724168106517767000,36,689.41,601.99,24.95,16.57,1,1,1.000000
1724168106580795000,1,496.27,574.36,251.42,51.95,1,2,1.000000
1724168106580795000,36,690.88,609.21,14.60,11.57,1,1,1.000000
1724168106641945600,1,497.02,577.03,242.94,51.23,1,2,1.000000
1724168106713121200,1,499.46,578.13,241.36,49.15,1,2,1.000000
1724168106771860900,1,496.39,582.31,235.95,45.35,1,2,1.000000
1724168106843580900,1,496.58,582.43,235.96,44.99,1,2,1.000000
1724168106914084400,1,496.91,583.35,235.84,44.09,1,2,1.000000
1724168106962462000,1,500.58,586.57,220.66,42.19,1,2,1.000000
1724168107028920800,1,500.64,585.92,221.92,43.38,1,2,1.000000
1724168107097116700,1,499.89,587.66,215.92,42.34,1,2,1.000000
1724168107155105200,1,500.94,588.98,216.82,41.04,1,2,1.000000
1724168107222398100,1,501.13,589.77,214.62,40.99,1,2,1.000000
1724168107288749400,1,496.38,589.92,217.93,41.84,1,2,1.000000
1724168107351031600,1,499.41,589.90,214.96,41.34,1,2,1.000000
1724168107413740000,1,499.24,590.61,215.59,40.94,1,2,1.000000
1724168107480446900,1,499.18,591.95,216.80,41.29,1,2,1.000000
1724168107480446900,41,539.40,640.70,22.38,13.47,1,1,1.000000
1724168107537559900,1,497.73,592.66,216.57,40.45,1,2,1.000000
1724168107537559900,41,539.34,640.53,26.23,16.49,1,1,1.000000
1724168107602100500,1,496.67,592.98,218.27,39.41,1,2,1.000000
1724168107602100500,41,536.33,639.81,29.93,18.49,1,1,1.000000
1724168107602100500,42,600.11,630.84,40.33,15.10,1,1,1.000000
1724168107673259000,1,499.59,592.73,216.64,39.71,1,2,1.000000
1724168107673259000,41,538.71,640.33,27.44,19.76,1,1,1.000000
1724168107673259000,42,613.97,629.66,35.37,18.41,1,1,1.000000
1724168107731780300,1,497.12,592.40,217.82,40.42,1,2,1.000000
1724168107731780300,41,540.82,638.98,24.35,22.50,1,1,1.000000
1724168107731780300,42,606.42,628.93,47.72,19.13,1,1,1.000000
1724168107793990500,1,498.29,593.59,211.66,38.51,1,2,1.000000
1724168107793990500,41,539.19,640.26,28.84,22.81,1,1,1.000000
1724168107793990500,42,598.43,628.47,62.66,20.95,1,1,1.000000
1724168107865648100,1,498.27,592.97,211.98,38.92,1,2,1.000000
1724168107865648100,41,540.57,640.84,30.06,27.05,1,1,1.000000
1724168107865648100,42,613.16,627.59,54.59,22.07,1,1,1.000000
1724168107924833000,1,498.01,592.20,216.83,39.79,1,2,1.000000
1724168107924833000,41,541.93,638.19,28.65,29.75,1,1,1.000000
1724168107924833000,42,607.01,627.75,63.75,25.01,1,1,1.000000
1724168107991830400,1,499.32,592.09,209.72,40.01,1,2,1.000000
1724168107991830400,41,543.12,637.99,36.33,29.60,1,1,1.000000
1724168107991830400,42,624.17,628.14,51.89,22.17,1,1,1.000000
1724168108055338200,1,497.44,592.74,210.54,38.80,1,2,1.000000
1724168108055338200,41,544.63,635.39,33.13,32.84,1,1,1.000000
1724168108055338200,42,621.05,626.55,55.51,21.00,1,1,1.000000
1724168108163208100,1,498.61,592.78,211.39,39.10,1,2,1.000000
1724168108163208100,41,544.77,636.45,35.36,34.15,1,1,1.000000
1724168108163208100,42,644.62,627.46,32.55,19.35,1,1,1.000000
1724168108182282800,1,503.61,592.91,206.24,39.24,1,2,1.000000
1724168108182282800,41,545.71,634.60,41.47,35.41,1,1,1.000000
1724168108182282800,42,644.75,626.87,35.10,20.41,1,1,1.000000
1724168108243161600,1,502.87,593.07,207.30,39.75,1,2,1.000000
1724168108243161600,41,547.52,633.70,42.79,38.11,1,1,1.000000
1724168108243161600,42,646.65,628.72,30.38,18.05,1,1,1.000000
1724168108317193300,1,499.69,594.76,208.27,37.88,1,2,1.000000
1724168108317193300,41,548.13,633.71,49.21,38.68,1,1,1.000000
1724168108317193300,42,652.44,628.18,25.05,16.73,1,1,1.000000
1724168108387580500,1,499.84,595.47,206.59,37.85,1,2,1.000000
1724168108387580500,41,552.13,633.01,48.01,38.35,1,1,1.000000
1724168108436428900,1,503.26,596.42,199.29,38.85,1,2,1.000000
1724168108436428900,41,554.64,632.59,49.00,34.43,1,1,1.000000
1724168108436428900,45,663.23,628.82,18.73,13.15,1,1,1.000000
1724168108503963400,1,499.74,597.74,202.91,38.37,1,2,1.000000
1724168108503963400,41,558.83,634.11,49.81,32.07,1,1,1.000000
1724168108503963400,45,662.63,625.83,22.63,12.70,1,1,1.000000
1724168108586169900,1,499.64,598.10,203.24,39.41,1,2,1.000000
1724168108586169900,41,559.71,634.39,51.39,30.52,1,1,1.000000
1724168108627509200,1,493.02,597.28,208.78,39.73,1,2,1.000000
1724168108627509200,41,565.15,634.85,50.24,28.52,1,1,1.000000
1724168108693781900,1,492.42,597.04,203.17,40.53,1,2,1.000000
1724168108693781900,41,567.73,635.36,58.02,27.99,1,1,1.000000
1724168108753646700,1,491.42,597.67,205.73,39.72,1,2,1.000000
1724168108753646700,41,576.81,637.68,50.46,24.08,1,1,1.000000
1724168108753646700,47,529.22,633.04,24.84,15.00,1,1,1.000000
1724168108829669200,1,486.70,596.74,206.51,39.74,1,2,1.000000
1724168108829669200,41,586.24,635.65,58.13,26.77,1,1,1.000000
1724168108829669200,47,530.79,631.65,27.91,16.43,1,1,1.000000
1724168108893150500,1,482.73,594.91,208.85,42.99,1,2,1.000000
1724168108893150500,41,606.03,636.46,42.89,21.40,1,1,1.000000
1724168108893150500,47,530.05,631.30,28.72,18.45,1,1,1.000000
1724168108948723100,1,481.11,592.93,211.79,44.00,1,2,1.000000
1724168108948723100,41,605.17,636.28,50.49,26.38,1,1,1.000000
1724168108948723100,47,529.76,633.52,50.06,18.28,1,1,1.000000
1724168109011625700,1,474.95,590.73,217.63,46.57,1,2,1.000000
1724168109011625700,41,618.25,636.70,38.23,24.83,1,1,1.000000
1724168109011625700,47,529.93,632.64,34.04,17.45,1,1,1.000000
1724168109076979400,1,470.59,587.65,220.63,49.91,1,2,1.000000
1724168109076979400,41,625.04,636.70,32.09,24.49,1,1,1.000000
1724168109076979400,47,527.69,632.44,37.29,18.19,1,1,1.000000
1724168109138488800,1,466.92,583.97,224.21,54.66,1,2,1.000000
1724168109138488800,47,528.91,630.26,36.46,21.11,1,1,1.000000
1724168109204773000,1,460.47,581.87,229.66,56.54,1,2,1.000000
1724168109204773000,41,637.61,644.30,17.88,16.13,1,1,1.000000
1724168109204773000,47,529.33,628.23,36.62,25.98,1,1,1.000000
1724168109273923300,1,466.88,581.47,223.01,58.16,1,2,1.000000
1724168109273923300,47,529.80,624.50,46.01,30.57,1,1,1.000000
1724168109339162800,1,468.51,580.13,222.20,59.99,1,2,1.000000
1724168109339162800,47,528.39,624.08,44.65,29.86,1,1,1.000000
1724168109396769000,1,470.39,578.54,219.87,60.50,1,2,1.000000
1724168109396769000,47,528.13,628.89,45.37,27.92,1,1,1.000000
1724168109470450700,1,463.24,577.84,229.18,62.01,1,2,1.000000
1724168109470450700,47,529.18,630.59,44.57,23.29,1,1,1.000000
1724168109470450700,50,485.52,599.94,31.04,19.47,1,1,1.000000
1724168109523444900,1,479.65,578.87,215.28,59.40,1,2,1.000000
1724168109523444900,47,528.70,630.57,61.95,27.12,1,1,1.000000
1724168109523444900,50,487.67,599.56,32.98,18.83,1,1,1.000000
1724168109589044100,1,476.55,578.49,218.58,58.29,1,2,1.000000
1724168109589044100,47,527.64,632.21,45.13,21.40,1,1,1.000000
1724168109589044100,50,487.00,599.44,37.96,20.64,1,1,1.000000
1724168109661918200,1,477.60,578.99,217.46,58.50,1,2,1.000000
1724168109661918200,47,529.49,634.32,36.00,20.50,1,1,1.000000
1724168109661918200,50,487.18,599.86,34.50,22.06,1,1,1.000000
1724168109724913600,1,444.55,570.40,251.96,66.46,1,2,1.000000
1724168109724913600,47,528.11,633.96,37.23,20.89,1,1,1.000000
1724168109724913600,50,488.00,601.23,34.19,19.80,1,1,1.000000
1724168109778447000,1,481.79,581.56,216.75,53.77,1,2,1.000000
1724168109778447000,47,526.97,631.62,36.95,21.17,1,1,1.000000
1724168109778447000,50,492.82,601.85,37.99,21.13,1,1,1.000000
1724168109991619700,1,457.57,572.94,243.22,63.39,1,2,1.000000
1724168109991619700,47,528.61,629.77,29.72,20.88,1,1,1.000000
1724168109991619700,50,491.40,602.55,42.37,23.23,1,1,1.000000
1724168110004922000,1,454.61,575.21,247.26,59.36,1,2,1.000000
1724168110004922000,47,528.37,632.96,21.77,16.45,1,1,1.000000
1724168110004922000,50,492.34,603.69,41.97,22.26,1,1,1.000000
1724168110068146300,1,480.26,581.87,219.73,51.34,1,2,1.000000
1724168110068146300,47,528.52,630.17,29.26,22.10,1,1,1.000000
1724168110068146300,50,494.51,603.93,44.45,25.42,1,1,1.000000
1724168110110728600,1,455.94,577.51,249.58,54.69,1,2,1.000000
1724168110110728600,47,527.23,629.79,30.45,23.46,1,1,1.000000
1724168110110728600,50,493.53,605.25,43.06,23.49,1,1,1.000000
1724168110167727300,1,460.83,578.50,243.88,51.38,1,2,1.000000
1724168110167727300,50,496.23,610.26,27.66,17.99,1,1,1.000000
1724168110213836300,1,468.23,580.92,238.98,49.47,1,2,1.000000
1724168110213836300,47,533.14,633.59,27.10,19.24,1,1,1.000000
1724168110213836300,50,494.78,610.45,30.69,19.58,1,1,1.000000
1724168110263699200,1,469.28,580.23,237.82,49.26,1,2,1.000000
1724168110263699200,50,495.19,608.54,29.11,21.00,1,1,1.000000
1724168110310858100,1,471.41,582.69,238.20,46.23,1,2,1.000000
1724168110375452100,1,472.05,582.72,235.95,46.00,1,2,1.000000
1724168110375452100,50,498.64,612.34,19.43,13.58,1,1,1.000000
1724168110420809800,1,481.51,584.68,228.73,44.80,1,2,1.000000
1724168110420809800,50,499.36,611.16,20.87,14.96,1,1,1.000000
1724168110487802800,1,477.44,583.69,231.90,46.76,1,2,1.000000
1724168110487802800,50,500.26,610.85,21.81,15.05,1,1,1.000000
1724168110570908700,1,478.15,584.77,232.82,45.37,1,2,1.000000
1724168110570908700,50,497.99,609.29,34.75,19.44,1,1,1.000000
1724168110610628500,1,478.63,584.66,231.79,44.63,1,2,1.000000
1724168110610628500,50,501.61,614.98,17.95,13.10,1,1,1.000000
1724168110732572800,1,483.97,585.41,227.27,43.06,1,2,1.000000
1724168110732572800,50,502.88,613.00,25.46,16.89,1,1,1.000000
1724168110758815300,1,491.02,586.22,223.68,42.33,1,2,1.000000
1724168110758815300,50,505.99,613.88,27.32,16.65,1,1,1.000000
1724168110812070600,1,482.14,585.32,232.15,42.51,1,2,1.000000
1724168110812070600,50,508.78,620.59,12.35,10.46,1,1,1.000000
1724168110869900700,1,482.34,584.84,230.89,43.84,1,2,1.000000
1724168110949576300,1,485.68,586.25,230.58,42.40,1,2,1.000000
1724168110949576300,50,507.42,620.44,17.03,10.04,1,1,1.000000
1724168111013606000,1,484.80,585.95,230.09,42.97,1,2,1.000000
1724168111059119300,1,484.90,585.81,229.77,42.68,1,2,1.000000
1724168111129639800,1,483.96,584.97,232.54,43.66,1,2,1.000000
1724168111192797300,1,481.35,584.89,234.66,43.77,1,2,1.000000
1724168111251469200,1,483.37,584.35,234.69,45.11,1,2,1.000000
1724168111314422600,1,482.94,584.24,234.63,44.65,1,2,1.000000
1724168111401160800,1,484.68,584.55,235.23,45.22,1,2,1.000000
1724168111456494200,1,485.53,585.20,235.50,43.78,1,2,1.000000
1724168111513965600,1,484.22,583.50,236.30,46.98,1,2,1.000000
1724168111591920700,1,483.68,583.75,238.26,46.15,1,2,1.000000
1724168111643729700,1,484.29,585.74,234.94,44.87,1,2,1.000000
1724168111706394000,1,483.24,585.81,235.41,45.02,1,2,1.000000
1724168111766492600,1,484.74,586.21,232.70,44.04,1,2,1.000000
1724168111834311400,1,484.21,586.50,233.74,43.53,1,2,1.000000
1724168111898917800,1,486.06,587.51,233.77,42.91,1,2,1.000000
1724168111953426700,1,488.42,587.94,232.10,43.42,1,2,1.000000
1724168112043430700,1,488.92,588.12,232.82,42.67,1,2,1.000000
1724168112085737900,1,487.83,588.40,231.16,43.17,1,2,1.000000
1724168112148967600,1,489.20,588.57,231.41,42.71,1,2,1.000000
1724168112233564500,1,490.95,591.00,229.37,39.98,1,2,1.000000
1724168112275869900,1,493.28,592.61,218.18,38.57,1,2,1.000000
1724168112345674800,1,493.14,592.85,217.96,40.95,1,2,1.000000
1724168112408510600,1,493.98,591.94,218.62,42.19,1,2,1.000000
1724168112469497400,1,492.32,594.36,218.90,39.43,1,2,1.000000
1724168112530683000,1,490.71,593.16,219.95,40.69,1,2,1.000000
1724168112609007600,1,492.65,595.51,213.54,38.93,1,2,1.000000
1724168112660957600,1,492.07,595.14,216.30,40.14,1,2,1.000000
1724168112723814500,1,493.78,595.71,214.70,39.76,1,2,1.000000
1724168112789297100,1,493.14,595.93,213.47,39.43,1,2,1.000000
1724168112850458900,1,493.95,595.85,213.45,41.71,1,2,1.000000
1724168112916198800,1,488.07,594.59,216.44,42.65,1,2,1.000000
1724168112983760600,1,491.79,596.21,215.97,40.82,1,2,1.000000
1724168113042153600,1,493.40,596.79,210.18,40.00,1,2,1.000000
1724168113117152900,1,492.59,597.66,212.03,39.81,1,2,1.000000
1724168113176835400,1,489.04,596.00,212.63,40.94,1,2,1.000000
1724168113239718400,1,488.10,595.73,211.22,40.82,1,2,1.000000
1724168113303932300,1,488.76,596.70,211.99,40.45,1,2,1.000000
1724168113362940100,1,492.16,597.87,209.89,40.04,1,2,1.000000
1724168113433827900,1,492.04,597.33,211.65,39.89,1,2,1.000000
1724168113493668900,1,493.80,597.43,209.70,40.07,1,2,1.000000
1724168113555552300,1,494.72,597.71,205.25,39.21,1,2,1.000000
1724168113619966000,1,491.92,597.17,209.53,40.04,1,2,1.000000
1724168113697630500,1,491.14,596.39,210.48,40.93,1,2,1.000000
1724168113754091200,1,492.10,596.24,211.57,41.27,1,2,1.000000
1724168113812793600,1,494.33,596.59,207.95,39.82,1,2,1.000000
1724168113891151100,1,494.35,595.92,209.89,40.24,1,2,1.000000
1724168113953004600,1,498.13,596.89,207.45,38.68,1,2,1.000000
1724168114005330900,1,497.34,597.31,213.32,37.64,1,2,1.000000
1724168114068288600,1,497.64,595.15,217.40,38.66,1,2,1.000000
1724168114139656100,1,500.04,594.50,219.92,39.32,1,2,1.000000
1724168114198110700,1,500.24,594.06,218.04,38.85,1,2,1.000000
1724168114262279200,1,501.78,592.15,217.65,41.90,1,2,1.000000
1724168114322736000,1,502.12,591.10,218.17,42.47,1,2,1.000000
1724168114392427000,1,503.96,590.93,217.70,44.04,1,2,1.000000
1724168114460360400,1,503.70,590.26,223.01,44.18,1,2,1.000000
1724168114514117500,1,503.06,588.89,225.47,46.31,1,2,1.000000
1724168114581476200,1,505.53,591.51,218.11,44.34,1,2,1.000000
1724168114643373600,1,505.82,591.68,217.77,44.38,1,2,1.000000
1724168114706899200,1,505.35,592.40,218.01,44.38,1,2,1.000000
1724168114775301400,1,507.90,593.26,212.33,43.96,1,2,1.000000
1724168114881534500,1,509.95,594.18,213.70,44.50,1,2,1.000000
1724168114941901100,1,509.38,598.69,196.52,40.44,1,2,1.000000
1724168115102083300,1,509.33,598.84,206.72,40.11,1,2,1.000000
1724168115116683100,1,510.86,600.76,199.22,38.72,1,2,1.000000
1724168115181998900,1,509.31,603.16,191.81,38.32,1,2,1.000000
1724168115225745500,1,508.52,603.79,193.77,38.60,1,2,1.000000
1724168115271515800,1,509.05,604.00,191.88,39.34,1,2,1.000000
1724168115320233600,1,508.44,604.67,189.65,37.91,1,2,1.000000
1724168115382043300,1,509.02,605.21,188.20,37.97,1,2,1.000000
1724168115431852000,1,507.83,606.52,187.07,36.72,1,2,1.000000
1724168115484581900,1,509.19,606.16,187.21,37.35,1,2,1.000000
1724168115549667000,1,508.75,605.97,188.37,37.96,1,2,1.000000
1724168115614994000,1,506.41,605.22,191.52,37.63,1,2,1.000000
1724168115670348000,1,506.45,604.25,192.04,39.21,1,2,1.000000
1724168115735879400,1,509.38,603.84,188.21,38.62,1,2,1.000000
1724168115798855700,1,509.20,603.25,187.27,39.18,1,2,1.000000
1724168115858840600,1,506.47,602.79,190.30,39.65,1,2,1.000000
1724168115925470200,1,506.27,602.08,193.91,39.93,1,2,1.000000
1724168115988245300,1,509.04,602.96,188.49,38.68,1,2,1.000000
1724168116057824300,1,510.18,602.23,187.92,39.43,1,2,1.000000
1724168116124921100,1,509.27,601.93,189.43,39.72,1,2,1.000000
1724168116180979300,1,506.66,601.58,194.43,40.02,1,2,1.000000
1724168116242419900,1,509.54,602.63,189.84,39.05,1,2,1.000000
1724168116309933700,1,511.43,601.46,190.53,41.04,1,2,1.000000
1724168116374121100,1,506.99,601.50,192.99,41.94,1,2,1.000000
1724168116434784800,1,509.96,602.22,189.67,41.74,1,2,1.000000
1724168116503312800,1,509.32,602.70,191.91,42.13,1,2,1.000000
1724168116566114600,1,509.21,603.76,188.42,40.28,1,2,1.000000
1724168116627714500,1,511.01,604.25,184.54,40.22,1,2,1.000000
1724168116697345000,1,511.61,604.03,185.34,40.69,1,2,1.000000
1724168116757923300,1,507.92,604.98,183.45,39.34,1,2,1.000000
1724168116824187600,1,509.68,605.26,182.77,39.40,1,2,1.000000
1724168116882900500,1,507.06,605.02,184.22,40.86,1,2,1.000000
1724168116948842500,1,509.34,604.68,186.01,40.72,1,2,1.000000
1724168117013534700,1,507.13,605.64,184.02,40.54,1,2,1.000000
1724168117074544800,1,506.45,605.73,184.46,39.05,1,2,1.000000
1724168117140296600,1,506.63,603.44,186.95,41.36,1,2,1.000000
1724168117204742100,1,509.25,603.75,182.15,40.09,1,2,1.000000
1724168117270805700,1,504.41,602.26,192.65,42.21,1,2,1.000000
1724168117333918500,1,503.72,601.98,191.69,41.04,1,2,1.000000
1724168117400359600,1,504.62,601.54,193.25,41.62,1,2,1.000000
1724168117471134300,1,505.78,600.87,191.67,42.34,1,2,1.000000
1724168117526992600,1,497.08,598.72,202.78,41.56,1,2,1.000000
1724168117591716100,1,491.87,598.06,202.60,41.84,1,2,1.000000
1724168117651992000,1,491.16,597.44,206.52,42.44,1,2,1.000000
1724168117723112300,1,489.98,596.95,202.71,42.77,1,2,1.000000
1724168117784800200,1,492.36,595.77,206.89,44.69,1,2,1.000000
1724168117846470700,1,490.82,596.00,206.80,43.89,1,2,1.000000
1724168117912434100,1,491.18,595.16,206.81,45.89,1,2,1.000000
1724168117973318400,1,487.97,595.69,210.37,43.05,1,2,1.000000
1724168118034702700,1,486.96,594.77,210.15,44.39,1,2,1.000000
1724168118118610200,1,488.09,595.27,209.28,43.03,1,2,1.000000
1724168118164486000,1,492.32,594.61,209.73,44.06,1,2,1.000000
1724168118229713900,1,490.63,594.87,210.82,43.67,1,2,1.000000
1724168118296186300,1,483.54,592.92,216.38,44.67,1,2,1.000000
1724168118363065400,1,481.64,593.07,218.97,45.00,1,2,1.000000
1724168118422880400,1,484.98,594.84,215.45,42.68,1,2,1.000000
1724168118483638000,1,481.67,592.30,222.07,45.13,1,2,1.000000
1724168118547019900,1,484.70,593.58,221.01,42.99,1,2,1.000000
1724168118609990400,1,485.62,592.99,218.11,43.14,1,2,1.000000
1724168118674812300,1,485.41,592.52,220.55,44.49,1,2,1.000000
1724168118742426700,1,486.36,592.23,218.84,43.03,1,2,1.000000
1724168118816286800,1,487.44,591.78,217.55,43.99,1,2,1.000000
1724168118868749700,1,486.42,592.14,218.45,42.87,1,2,1.000000
1724168118948365600,1,485.25,592.43,221.94,43.36,1,2,1.000000
1724168118998982100,1,485.93,592.10,220.22,42.24,1,2,1.000000
1724168119061500700,1,485.39,591.14,220.14,45.09,1,2,1.000000
1724168119122797000,1,485.68,590.87,221.33,45.29,1,2,1.000000
1724168119188921600,1,484.53,590.82,222.79,44.13,1,2,1.000000
1724168119257604900,1,484.60,591.93,222.26,43.45,1,2,1.000000
1724168119321627900,1,486.04,590.69,224.45,44.17,1,2,1.000000
1724168119394639700,1,479.02,589.17,229.83,45.53,1,2,1.000000
1724168119468691600,1,476.51,588.02,231.24,46.68,1,2,1.000000
1724168119546015600,1,488.03,590.73,220.86,43.46,1,2,1.000000
1724168119591003800,1,476.68,588.63,234.36,44.60,1,2,1.000000
1724168119640956300,1,474.70,586.62,236.82,45.59,1,2,1.000000
1724168119719660300,1,474.36,586.96,234.48,45.86,1,2,1.000000
1724168119855813800,1,477.25,586.47,235.31,45.19,1,2,1.000000
1724168119882983700,1,477.95,585.84,234.43,48.14,1,2,1.000000
1724168119936936800,1,478.10,584.71,235.41,47.66,1,2,1.000000
1724168119979911800,1,480.67,583.79,236.58,48.84,1,2,1.000000
1724168120020972500,1,481.26,583.59,236.53,50.27,1,2,1.000000
1724168120085731300,1,482.14,583.12,236.10,48.96,1,2,1.000000
1724168120150227100,1,482.78,585.59,234.42,45.67,1,2,1.000000
1724168120150227100,71,392.83,498.31,42.53,31.64,1,1,1.000000
1724168120211841200,1,481.34,582.99,237.15,49.15,1,2,1.000000
1724168120211841200,72,596.25,524.45,24.15,14.16,1,1,1.000000
1724168120274548000,1,479.19,584.37,237.21,46.39,1,2,1.000000
1724168120353292900,1,478.44,583.47,238.01,47.36,1,2,1.000000
1724168120403248700,1,478.81,583.70,237.35,47.25,1,2,1.000000
1724168120403248700,74,562.00,530.70,25.97,15.00,1,1,1.000000
1724168120479251800,1,482.34,584.74,234.41,45.98,1,2,1.000000
1724168120479251800,74,566.90,532.60,21.45,13.49,1,1,1.000000
1724168120531650800,1,486.14,585.36,231.18,45.35,1,2,1.000000
1724168120531650800,72,601.38,523.66,29.43,16.20,1,1,1.000000
1724168120531650800,74,567.06,532.27,18.93,13.51,1,1,1.000000
1724168120596697200,1,485.02,585.25,232.09,44.50,1,2,1.000000
1724168120596697200,74,568.30,532.07,28.60,14.19,1,1,1.000000
1724168120659682100,1,483.11,585.28,233.81,43.63,1,2,1.000000
1724168120659682100,76,666.56,624.13,21.74,15.89,1,1,1.000000
1724168120723298000,1,482.73,584.15,238.04,45.12,1,2,1.000000
1724168120723298000,74,560.34,531.14,40.43,17.02,1,1,1.000000
1724168120723298000,76,665.97,624.15,23.06,17.28,1,1,1.000000
1724168120786939200,1,477.43,582.95,245.28,47.07,1,2,1.000000
1724168120786939200,72,606.37,521.49,40.33,19.95,1,1,1.000000
1724168120786939200,74,549.95,530.84,50.44,19.99,1,1,1.000000
1724168120786939200,76,663.88,622.37,23.30,17.02,1,1,1.000000
1724168120859022500,1,486.39,583.60,234.96,46.44,1,2,1.000000
1724168120859022500,74,568.14,528.82,39.45,18.42,1,1,1.000000
1724168120859022500,76,664.53,621.40,26.25,19.06,1,1,1.000000
1724168120915928900,1,482.18,585.04,233.71,43.75,1,2,1.000000
1724168120915928900,74,571.05,532.09,34.33,16.65,1,1,1.000000
1724168120915928900,76,664.07,622.16,23.59,17.31,1,1,1.000000
1724168120982192400,1,484.90,587.56,231.99,42.85,1,2,1.000000
1724168120982192400,76,658.15,622.80,29.30,18.83,1,1,1.000000
1724168121046774400,1,478.62,585.95,237.54,43.40,1,2,1.000000
1724168121046774400,76,654.20,621.99,31.86,17.55,1,1,1.000000
1724168121110509700,1,481.64,585.91,233.62,43.16,1,2,1.000000
1724168121110509700,74,574.31,534.11,34.14,17.05,1,1,1.000000
1724168121110509700,76,653.75,620.97,34.53,18.39,1,1,1.000000
1724168121183350000,1,482.06,585.66,234.71,44.45,1,2,1.000000
1724168121183350000,74,578.70,531.43,37.41,19.12,1,1,1.000000
1724168121183350000,76,650.06,620.87,37.21,19.76,1,1,1.000000
1724168121235700700,1,480.79,586.85,236.12,42.72,1,2,1.000000
1724168121235700700,76,650.72,620.83,36.82,21.13,1,1,1.000000
1724168121301667400,1,481.10,586.69,236.67,43.61,1,2,1.000000
1724168121301667400,76,649.14,620.74,36.77,21.27,1,1,1.000000
1724168121383611900,1,483.31,588.62,233.13,43.68,1,2,1.000000
1724168121383611900,74,588.68,536.95,26.07,15.35,1,1,1.000000
1724168121383611900,76,647.92,619.31,41.19,21.91,1,1,1.000000
1724168121429120300,1,485.54,587.74,230.16,44.19,1,2,1.000000
1724168121429120300,76,646.08,618.66,40.57,21.87,1,1,1.000000
1724168121501936200,1,486.36,589.03,230.46,44.04,1,2,1.000000
1724168121501936200,76,646.30,617.83,42.72,20.27,1,1,1.000000
1724168121555857100,1,485.21,588.28,232.44,43.93,1,2,1.000000
1724168121555857100,76,643.75,618.55,45.54,20.33,1,1,1.000000
1724168121619680500,1,486.33,588.54,234.34,44.49,1,2,1.000000
1724168121619680500,76,641.20,618.19,49.47,19.77,1,1,1.000000
1724168121682341000,1,488.11,589.24,228.47,45.44,1,2,1.000000
1724168121682341000,76,642.47,618.75,45.32,19.48,1,1,1.000000
1724168121748854200,1,489.55,589.48,227.43,43.63,1,2,1.000000
1724168121748854200,76,643.68,618.80,43.68,21.05,1,1,1.000000
1724168121815762600,1,491.23,590.23,224.28,45.29,1,2,1.000000
1724168121815762600,76,641.92,618.14,44.99,19.75,1,1,1.000000
1724168121878606700,1,490.82,589.19,228.68,45.51,1,2,1.000000
1724168121878606700,76,636.14,617.49,48.24,20.75,1,1,1.000000
1724168121940122300,1,490.07,588.69,227.20,46.06,1,2,1.000000
1724168121940122300,76,641.51,619.13,43.51,18.71,1,1,1.000000
1724168122004675100,1,489.95,589.93,221.72,44.54,1,2,1.000000
1724168122004675100,76,634.93,616.90,52.17,19.20,1,1,1.000000
1724168122071235300,1,491.54,589.60,218.36,46.19,1,2,1.000000
1724168122071235300,76,639.07,617.28,47.56,18.52,1,1,1.000000
1724168122132864700,1,492.30,591.62,216.75,44.36,1,2,1.000000
1724168122132864700,76,645.59,615.34,44.04,18.83,1,1,1.000000
1724168122196480700,1,489.63,588.70,227.36,48.12,1,2,1.000000
1724168122196480700,76,650.16,618.26,36.90,15.22,1,1,1.000000
1724168122264147500,1,491.70,589.34,217.12,48.25,1,2,1.000000
1724168122322946400,1,493.63,589.05,220.85,47.80,1,2,1.000000
1724168122322946400,76,643.23,618.76,36.73,14.42,1,1,1.000000
1724168122388348400,1,493.55,588.73,216.99,46.69,1,2,1.000000
1724168122388348400,76,648.48,617.89,30.86,16.29,1,1,1.000000
1724168122450872200,1,492.05,589.11,224.30,47.18,1,2,1.000000
1724168122450872200,76,659.55,622.56,17.28,12.26,1,1,1.000000
1724168122522621400,1,495.30,589.29,220.00,46.46,1,2,1.000000
1724168122579616000,1,493.96,587.30,218.22,48.08,1,2,1.000000
1724168122644461700,1,492.00,587.16,220.51,46.93,1,2,1.000000
1724168122706666500,1,492.42,585.83,223.59,48.25,1,2,1.000000
1724168122784682400,1,493.25,587.43,216.55,46.66,1,2,1.000000
1724168122834773000,1,493.71,587.12,219.37,46.71,1,2,1.000000
1724168122901370100,1,489.80,585.98,224.26,49.13,1,2,1.000000
1724168122966567300,1,489.43,586.60,222.22,48.13,1,2,1.000000
1724168123038534000,1,489.94,586.91,224.45,48.46,1,2,1.000000
1724168123099670500,1,493.39,585.60,224.74,50.03,1,2,1.000000
1724168123157630600,1,492.65,585.62,227.31,49.66,1,2,1.000000
1724168123220884500,1,488.85,584.99,232.63,50.43,1,2,1.000000
1724168123295088800,1,490.43,584.77,232.44,49.08,1,2,1.000000
1724168123349396600,1,490.05,584.50,231.20,49.89,1,2,1.000000
1724168123416109400,1,489.07,585.75,231.39,47.89,1,2,1.000000
1724168123476306900,1,487.67,583.89,233.13,48.92,1,2,1.000000
1724168123545961100,1,487.72,584.86,229.91,48.26,1,2,1.000000
1724168123607735000,1,488.06,584.10,233.63,48.61,1,2,1.000000
1724168123670103000,1,487.54,584.18,231.31,48.93,1,2,1.000000
1724168123730381100,1,485.92,583.90,232.93,49.10,1,2,1.000000
1724168123796222500,1,488.10,583.03,231.71,49.29,1,2,1.000000
1724168123861188300,1,487.38,581.73,229.04,51.27,1,2,1.000000
1724168123922897700,1,486.51,581.62,233.27,50.60,1,2,1.000000
1724168123990298900,1,487.24,579.89,237.84,51.10,1,2,1.000000
1724168124063464000,1,487.48,579.99,235.49,50.62,1,2,1.000000
1724168124115833800,1,487.03,579.85,232.87,49.17,1,2,1.000000
1724168124183427200,1,485.80,579.06,240.33,48.46,1,2,1.000000
1724168124252455400,1,483.38,578.41,239.65,49.58,1,2,1.000000
1724168124310295400,1,483.91,577.71,239.20,49.67,1,2,1.000000
1724168124376677700,1,484.74,576.29,242.06,49.81,1,2,1.000000
1724168124438646100,1,481.54,573.58,246.60,50.82,1,2,1.000000
1724168124506721100,1,483.78,573.81,246.12,50.48,1,2,1.000000
1724168124567758800,1,481.45,571.70,251.98,51.38,1,2,1.000000
1724168124627399100,1,480.41,570.68,257.31,51.88,1,2,1.000000
1724168124710162000,1,481.77,570.36,251.26,49.67,1,2,1.000000
1724168124755835400,1,478.82,570.56,259.23,47.04,1,2,1.000000
1724168124844398800,1,479.71,568.55,256.77,47.02,1,2,1.000000
1724168124890007400,1,480.26,567.78,257.07,45.66,1,2,1.000000
1724168124965891300,1,481.19,567.94,259.45,44.98,1,2,1.000000
1724168125015182500,1,479.84,566.58,261.11,44.99,1,2,1.000000
1724168125084635800,1,475.70,564.59,271.34,46.87,1,2,1.000000
1724168125143831100,1,476.32,564.48,274.45,45.77,1,2,1.000000
1724168125202838200,1,475.12,564.20,267.54,46.20,1,2,1.000000
1724168125270836300,1,474.63,563.17,272.71,47.81,1,2,1.000000
1724168125270836300,81,508.36,608.91,33.64,30.40,1,1,1.000000
1724168125343831100,1,483.12,563.43,258.96,46.88,1,2,1.000000
1724168125343831100,81,508.49,610.22,35.27,29.96,1,1,1.000000
1724168125405571600,1,475.94,562.19,271.11,48.03,1,2,1.000000
1724168125405571600,81,507.04,608.24,38.26,31.03,1,1,1.000000
1724168125466166700,1,472.42,562.01,275.70,46.67,1,2,1.000000
1724168125466166700,81,506.15,604.78,39.89,33.51,1,1,1.000000
1724168125524547200,1,465.93,561.34,281.58,46.48,1,2,1.000000
1724168125524547200,81,507.67,605.85,39.05,34.07,1,1,1.000000
1724168125589601100,1,466.26,560.25,281.24,46.58,1,2,1.000000
1724168125589601100,81,508.18,605.08,39.05,37.17,1,1,1.000000
1724168125663374200,1,467.95,560.02,280.01,45.99,1,2,1.000000
1724168125663374200,81,510.97,603.94,42.29,40.09,1,1,1.000000
1724168125714576900,1,466.39,558.59,291.20,47.48,1,2,1.000000
1724168125714576900,81,508.83,600.43,47.37,35.01,1,1,1.000000
1724168125777821700,1,467.34,558.23,290.29,46.95,1,2,1.000000
1724168125777821700,81,515.75,603.92,51.09,42.49,1,1,1.000000
1724168125843285600,1,466.53,559.03,281.86,46.85,1,2,1.000000
1724168125843285600,81,509.73,598.93,61.86,35.62,1,1,1.000000
1724168125914194000,1,465.58,557.10,292.91,48.31,1,2,1.000000
1724168125914194000,81,510.30,599.06,65.00,40.26,1,1,1.000000
1724168125973428100,1,465.08,558.01,290.77,47.27,1,2,1.000000
1724168125973428100,81,510.78,599.74,75.33,34.97,1,1,1.000000
1724168126034103100,1,465.19,558.07,291.01,46.49,1,2,1.000000
1724168126034103100,81,520.34,604.56,63.58,43.98,1,1,1.000000
1724168126113296800,1,462.93,557.38,291.31,46.59,1,2,1.000000
1724168126113296800,81,515.87,599.90,77.41,32.87,1,1,1.000000
1724168126165872900,1,463.08,557.38,294.88,48.28,1,2,1.000000
1724168126165872900,81,519.32,597.87,81.29,34.44,1,1,1.000000
1724168126165872900,87,526.18,614.99,59.20,32.45,1,1,1.000000
1724168126227560000,1,458.78,557.29,295.49,47.17,1,2,1.000000
1724168126227560000,81,518.76,595.43,82.54,37.93,1,1,1.000000
1724168126227560000,87,526.23,614.64,64.48,34.36,1,1,1.000000
1724168126294324800,1,457.84,556.61,298.28,47.98,1,2,1.000000
1724168126294324800,81,523.70,593.68,85.03,34.65,1,1,1.000000
1724168126294324800,87,533.02,618.28,58.13,32.32,1,1,1.000000
1724168126354820000,1,458.47,556.72,291.61,46.96,1,2,1.000000
1724168126354820000,81,527.79,589.80,85.25,34.79,1,1,1.000000
1724168126354820000,87,535.00,616.30,62.64,32.38,1,1,1.000000
1724168126419304800,1,442.61,554.04,307.67,48.41,1,2,1.000000
1724168126419304800,81,530.81,587.55,86.66,39.44,1,1,1.000000
1724168126419304800,87,540.12,613.59,59.13,22.67,1,1,1.000000
1724168126491896800,1,446.53,554.97,300.13,48.70,1,2,1.000000
1724168126491896800,81,533.12,588.40,91.55,35.42,1,1,1.000000
1724168126491896800,87,538.68,609.72,65.01,24.59,1,1,1.000000
1724168126549565400,1,442.40,552.99,304.11,51.15,1,2,1.000000
1724168126549565400,81,536.63,586.39,97.56,41.49,1,1,1.000000
1724168126549565400,87,544.44,612.97,60.22,19.95,1,1,1.000000
1724168126617631400,1,436.45,550.64,310.83,51.00,1,2,1.000000
1724168126617631400,81,551.26,589.96,90.44,34.29,1,1,1.000000
1724168126676205300,1,420.55,546.12,325.38,56.61,1,2,1.000000
1724168126676205300,81,570.08,591.38,84.03,34.19,1,1,1.000000
1724168126744912400,1,418.08,537.42,327.22,63.19,1,2,1.000000
1724168126744912400,81,562.41,588.59,97.77,36.26,1,1,1.000000
1724168126804224700,1,415.44,532.62,328.87,67.89,1,2,1.000000
1724168126804224700,81,590.91,593.77,72.91,29.03,1,1,1.000000
1724168126804224700,91,482.51,589.41,33.77,21.23,1,1,1.000000
1724168126804224700,92,560.11,579.35,51.37,22.27,1,1,1.000000
1724168126876516600,1,410.97,529.73,332.08,71.29,1,2,1.000000
1724168126876516600,81,581.50,588.36,93.19,35.28,1,1,1.000000
1724168126876516600,91,483.78,584.84,43.65,27.47,1,1,1.000000
1724168126876516600,92,563.82,578.65,69.12,26.03,1,1,1.000000
1724168126934784700,1,421.58,526.31,322.01,74.92,1,2,1.000000
1724168126934784700,81,603.33,592.04,83.34,31.98,1,1,1.000000
1724168126934784700,91,485.47,584.78,45.17,28.44,1,1,1.000000
1724168126934784700,92,562.89,574.95,70.92,27.70,1,1,1.000000
1724168127008959300,1,400.26,519.84,343.55,82.21,1,2,1.000000
1724168127008959300,81,622.04,591.86,64.78,30.03,1,1,1.000000
1724168127008959300,91,489.20,579.31,41.49,31.91,1,1,1.000000
1724168127008959300,92,572.92,574.18,61.36,29.39,1,1,1.000000
1724168127008959300,94,506.41,617.27,42.24,19.01,1,1,1.000000
1724168127063222100,1,404.11,515.77,326.98,88.01,1,2,1.000000
1724168127063222100,91,501.17,581.04,48.48,22.62,1,1,1.000000
1724168127063222100,92,573.78,572.95,64.16,30.25,1,1,1.000000
1724168127128267800,1,385.37,515.06,347.43,89.40,1,2,1.000000
1724168127128267800,91,498.79,578.09,51.43,26.25,1,1,1.000000
1724168127128267800,92,577.98,571.76,61.29,29.99,1,1,1.000000
1724168127128267800,94,506.88,614.69,38.23,17.59,1,1,1.000000
1724168127195867500,1,379.59,509.50,359.84,91.46,1,2,1.000000
1724168127195867500,81,633.67,590.71,68.28,33.88,1,1,1.000000
1724168127195867500,91,500.56,576.84,61.98,27.25,1,1,1.000000
1724168127195867500,92,582.96,572.31,57.37,27.86,1,1,1.000000
1724168127195867500,94,519.36,614.49,29.41,17.79,1,1,1.000000
1724168127251637800,1,424.56,516.07,317.28,82.70,1,2,1.000000
1724168127251637800,81,634.75,589.66,69.25,35.95,1,1,1.000000
1724168127251637800,91,525.86,577.03,39.62,21.76,1,1,1.000000
1724168127251637800,92,582.05,571.35,53.53,26.09,1,1,1.000000
1724168127251637800,94,525.21,615.22,24.90,18.81,1,1,1.000000
1724168127331824700,1,387.38,510.05,357.23,88.61,1,2,1.000000
1724168127331824700,81,644.24,590.39,62.92,30.90,1,1,1.000000
1724168127331824700,92,580.10,571.27,51.51,24.24,1,1,1.000000
1724168127331824700,94,516.63,615.85,34.28,18.17,1,1,1.000000
1724168127381137000,1,390.69,508.45,356.37,89.51,1,2,1.000000
1724168127381137000,81,648.41,595.61,57.32,23.82,1,1,1.000000
1724168127381137000,92,571.31,568.88,64.22,29.07,1,1,1.000000
1724168127381137000,94,516.15,617.25,31.50,17.99,1,1,1.000000
1724168127444546100,1,408.34,516.46,340.88,77.54,1,2,1.000000
1724168127444546100,81,645.05,595.53,56.59,24.48,1,1,1.000000
1724168127444546100,92,566.51,570.53,64.84,27.12,1,1,1.000000
1724168127444546100,96,490.03,575.98,70.46,28.76,1,1,1.000000
1724168127512950600,1,425.97,513.85,324.77,79.53,1,2,1.000000
1724168127512950600,81,642.94,594.16,57.96,28.87,1,1,1.000000
1724168127512950600,92,559.87,570.81,70.95,28.77,1,1,1.000000
1724168127577658900,1,411.09,524.06,339.13,67.83,1,2,1.000000
1724168127577658900,81,649.57,593.39,47.29,27.02,1,1,1.000000
1724168127577658900,92,554.21,569.52,68.58,27.58,1,1,1.000000
1724168127577658900,96,498.75,580.48,59.99,25.03,1,1,1.000000
1724168127634690300,1,410.25,518.06,344.49,72.30,1,2,1.000000
1724168127634690300,81,665.03,592.34,26.83,24.43,1,1,1.000000
1724168127634690300,92,554.63,571.13,58.95,22.68,1,1,1.000000
1724168127634690300,96,502.69,580.24,53.06,25.81,1,1,1.000000
1724168127701439100,1,426.30,531.57,325.57,60.03,1,2,1.000000
1724168127701439100,92,552.28,570.33,63.76,28.04,1,1,1.000000
1724168127764227800,1,439.13,535.15,320.30,55.92,1,2,1.000000
1724168127764227800,81,660.96,589.44,31.51,25.43,1,1,1.000000
1724168127764227800,92,543.28,571.31,70.75,24.21,1,1,1.000000
1724168127764227800,96,487.16,584.99,74.40,32.45,1,1,1.000000
1724168127846654200,1,438.01,536.08,321.08,55.30,1,2,1.000000
1724168127846654200,81,660.89,587.56,37.09,33.76,1,1,1.000000
1724168127846654200,92,550.14,571.50,55.73,23.62,1,1,1.000000
1724168127846654200,96,487.95,587.48,80.54,27.07,1,1,1.000000
1724168127892541100,1,431.03,535.89,331.02,55.45,1,2,1.000000
1724168127892541100,81,660.38,585.69,38.99,34.20,1,1,1.000000
1724168127892541100,92,544.94,572.00,69.06,24.15,1,1,1.000000
1724168127892541100,96,486.86,585.57,82.69,29.65,1,1,1.000000
1724168127964832200,1,431.01,532.59,330.67,60.45,1,2,1.000000
1724168127964832200,81,663.99,584.76,35.56,39.46,1,1,1.000000
1724168127964832200,92,547.20,572.61,70.42,23.67,1,1,1.000000
1724168127964832200,96,484.70,585.32,93.08,32.37,1,1,1.000000
1724168128019774000,1,428.43,529.01,334.83,65.34,1,2,1.000000
1724168128019774000,81,667.05,582.65,32.84,40.29,1,1,1.000000
1724168128019774000,92,538.94,572.33,76.48,25.01,1,1,1.000000
1724168128019774000,96,494.65,586.56,80.81,28.62,1,1,1.000000
1724168128085747500,1,429.01,534.42,335.47,62.20,1,2,1.000000
1724168128085747500,92,545.83,571.41,98.32,29.68,1,1,1.000000
1724168128085747500,96,488.14,589.39,41.99,27.25,1,1,1.000000
1724168128146097700,1,430.06,532.31,335.74,61.61,1,2,1.000000
1724168128146097700,92,542.34,571.87,80.05,27.99,1,1,1.000000
1724168128146097700,96,491.11,589.16,44.49,28.21,1,1,1.000000
1724168128146097700,97,539.36,586.00,66.83,30.55,1,1,1.000000
1724168128210942500,1,425.49,527.90,338.67,65.56,1,2,1.000000
1724168128210942500,92,552.23,568.83,75.02,30.85,1,1,1.000000
1724168128210942500,96,492.07,592.04,42.92,27.26,1,1,1.000000
1724168128210942500,97,539.02,586.73,67.43,32.62,1,1,1.000000
1724168128279265400,1,418.36,526.34,344.49,67.10,1,2,1.000000
1724168128279265400,92,541.85,568.69,81.82,34.69,1,1,1.000000
1724168128279265400,96,492.03,587.90,46.98,32.06,1,1,1.000000
1724168128346465500,1,417.64,527.29,344.25,63.94,1,2,1.000000
1724168128346465500,92,543.59,568.09,86.42,35.19,1,1,1.000000
1724168128346465500,96,496.36,593.28,34.80,30.16,1,1,1.000000
1724168128346465500,97,538.51,580.25,86.66,34.91,1,1,1.000000
1724168128403241100,1,428.88,524.27,330.58,68.73,1,2,1.000000
1724168128403241100,92,553.54,566.86,81.37,34.49,1,1,1.000000
1724168128403241100,96,497.41,582.55,54.43,43.33,1,1,1.000000
1724168128403241100,97,549.96,580.23,82.39,32.55,1,1,1.000000
1724168128474776000,1,433.37,525.04,325.15,66.24,1,2,1.000000
1724168128474776000,92,567.11,566.98,76.59,42.55,1,1,1.000000
1724168128474776000,96,502.69,583.41,46.11,45.08,1,1,1.000000
1724168128544757600,1,422.65,520.73,332.38,69.77,1,2,1.000000
1724168128544757600,92,580.21,572.26,70.07,38.71,1,1,1.000000
1724168128544757600,96,502.54,580.73,50.37,49.08,1,1,1.000000
1724168128598173400,1,389.60,513.47,367.39,79.39,1,2,1.000000
1724168128598173400,92,582.05,568.30,84.87,35.94,1,1,1.000000
1724168128598173400,96,504.10,578.21,60.90,48.98,1,1,1.000000
1724168128598173400,97,588.19,580.10,77.63,32.88,1,1,1.000000
1724168128664789900,1,419.24,513.02,334.00,78.49,1,2,1.000000
1724168128664789900,92,590.76,566.19,71.64,27.40,1,1,1.000000
1724168128664789900,96,512.17,577.42,59.87,45.98,1,1,1.000000
1724168128664789900,97,596.94,580.97,71.46,33.54,1,1,1.000000
1724168128726094300,1,378.24,501.63,377.02,94.23,1,2,1.000000
1724168128726094300,92,591.81,565.50,83.80,32.69,1,1,1.000000
1724168128726094300,96,516.13,576.05,60.31,40.48,1,1,1.000000
1724168128726094300,97,625.55,585.11,47.78,28.70,1,1,1.000000
1724168128787270000,1,373.80,495.85,377.62,98.75,1,2,1.000000
1724168128787270000,92,594.11,563.72,75.21,27.43,1,1,1.000000
1724168128787270000,96,531.92,576.21,54.09,25.12,1,1,1.000000
1724168128787270000,97,600.34,584.57,83.56,37.36,1,1,1.000000
1724168128787270000,100,418.69,541.04,38.49,17.86,1,1,1.000000
1724168128853731800,1,372.85,498.55,382.95,94.55,1,2,1.000000
1724168128853731800,92,591.25,565.25,88.75,29.35,1,1,1.000000
1724168128853731800,96,530.94,574.36,56.59,37.07,1,1,1.000000
1724168128853731800,97,638.03,589.25,47.56,31.44,1,1,1.000000
1724168128853731800,100,420.13,542.21,30.71,18.27,1,1,1.000000
1724168128915182000,1,373.04,496.67,376.58,97.35,1,2,1.000000
1724168128915182000,92,594.32,563.85,89.09,28.65,1,1,1.000000
1724168128915182000,96,529.79,576.67,67.70,34.88,1,1,1.000000
1724168128915182000,97,636.28,590.51,54.27,35.42,1,1,1.000000
1724168128915182000,100,421.24,538.09,40.50,22.78,1,1,1.000000
1724168128978945500,1,397.33,502.05,358.10,88.05,1,2,1.000000
1724168128978945500,92,596.23,563.82,62.85,24.92,1,1,1.000000
1724168128978945500,96,532.63,575.31,65.40,33.64,1,1,1.000000
1724168128978945500,97,626.75,587.84,65.92,39.39,1,1,1.000000
1724168128978945500,100,418.14,536.65,42.19,22.89,1,1,1.000000
1724168129042917900,1,396.10,500.17,359.62,90.15,1,2,1.000000
1724168129042917900,92,594.70,563.02,69.40,26.76,1,1,1.000000
1724168129042917900,96,529.40,573.43,68.90,32.98,1,1,1.000000
1724168129042917900,97,648.30,591.23,44.96,33.35,1,1,1.000000
1724168129042917900,100,420.13,536.97,41.60,23.12,1,1,1.000000
1724168129107649100,1,381.14,498.42,376.04,94.19,1,2,1.000000
1724168129107649100,92,591.49,563.21,68.06,25.12,1,1,1.000000
1724168129107649100,96,529.74,574.32,70.70,33.16,1,1,1.000000
1724168129107649100,97,650.27,588.92,46.14,32.94,1,1,1.000000
1724168129180526800,1,378.73,499.66,384.47,90.81,1,2,1.000000
1724168129180526800,92,584.55,561.45,66.25,24.32,1,1,1.000000
1724168129180526800,96,531.28,575.46,71.14,32.10,1,1,1.000000
1724168129180526800,97,650.58,582.49,46.89,39.74,1,1,1.000000
1724168129180526800,100,411.44,531.75,51.03,29.77,1,1,1.000000
1724168129236409800,1,384.99,502.98,381.99,82.99,1,2,1.000000
1724168129236409800,96,528.85,574.92,74.50,32.75,1,1,1.000000
1724168129236409800,97,662.01,588.19,40.21,35.91,1,1,1.000000
1724168129305500600,1,388.52,511.20,384.58,69.27,1,2,1.000000
1724168129305500600,92,574.79,558.93,64.61,23.52,1,1,1.000000
1724168129305500600,96,529.85,576.54,74.22,29.45,1,1,1.000000
1724168129305500600,97,654.87,587.12,45.48,35.84,1,1,1.000000
1724168129363084600,1,402.50,515.37,375.83,61.44,1,2,1.000000
1724168129363084600,92,571.06,557.94,65.99,24.02,1,1,1.000000
1724168129363084600,96,525.23,578.96,75.53,27.41,1,1,1.000000
1724168129363084600,97,655.33,584.89,42.50,34.28,1,1,1.000000
1724168129426758800,1,409.53,511.21,376.25,63.74,1,2,1.000000
1724168129426758800,92,560.38,558.17,75.59,26.05,1,1,1.000000
1724168129426758800,96,517.78,577.93,83.01,30.29,1,1,1.000000
1724168129426758800,97,651.33,579.96,50.28,38.08,1,1,1.000000
1724168129492427500,1,419.09,516.37,365.74,55.66,1,2,1.000000
1724168129492427500,92,562.42,558.79,48.27,23.24,1,1,1.000000
1724168129492427500,96,518.45,580.37,77.12,28.48,1,1,1.000000
1724168129492427500,97,643.86,579.12,61.02,40.55,1,1,1.000000
1724168129555104900,1,417.73,514.68,382.96,55.30,1,2,1.000000
1724168129555104900,92,550.72,557.48,58.92,21.66,1,1,1.000000
1724168129555104900,96,512.78,578.52,97.35,30.71,1,1,1.000000
1724168129555104900,97,635.01,572.73,64.60,41.73,1,1,1.000000
1724168129622478100,1,426.43,509.26,390.70,62.33,1,2,1.000000
1724168129622478100,92,546.02,556.48,57.18,22.17,1,1,1.000000
1724168129622478100,96,523.27,579.56,78.17,26.55,1,1,1.000000
1724168129622478100,97,633.05,572.05,68.88,46.87,1,1,1.000000
1724168129686575100,1,428.46,504.26,398.53,68.03,1,2,1.000000
1724168129686575100,92,536.63,557.58,65.90,21.60,1,1,1.000000
1724168129686575100,96,515.47,578.61,86.13,28.11,1,1,1.000000
1724168129686575100,97,639.19,572.62,62.03,41.50,1,1,1.000000
1724168129747121700,1,430.59,498.12,397.67,81.00,1,2,1.000000
1724168129747121700,96,520.85,577.44,76.97,28.60,1,1,1.000000
1724168129747121700,97,625.00,569.10,79.79,46.97,1,1,1.000000
1724168129811544700,1,428.35,498.14,397.44,78.99,1,2,1.000000
1724168129811544700,96,508.36,580.97,93.33,28.64,1,1,1.000000
1724168129811544700,97,635.61,569.64,67.68,39.09,1,1,1.000000
1724168129875926600,1,430.70,489.01,383.82,92.70,1,2,1.000000
1724168129875926600,96,526.79,577.89,74.82,30.06,1,1,1.000000
1724168129875926600,97,638.11,564.87,69.33,48.57,1,1,1.000000
1724168129949659400,1,436.73,483.70,387.28,98.99,1,2,1.000000
1724168129949659400,96,526.30,578.87,75.57,29.73,1,1,1.000000
1724168129949659400,97,649.58,569.22,62.08,44.30,1,1,1.000000
1724168130008979700,1,443.29,470.76,421.79,115.41,1,2,1.000000
1724168130008979700,96,525.80,578.78,76.81,31.15,1,1,1.000000
1724168130008979700,97,645.63,565.31,64.97,48.70,1,1,1.000000
1724168130067992700,1,446.24,474.17,373.95,111.91,1,2,1.000000
1724168130067992700,96,521.51,580.20,78.64,33.44,1,1,1.000000
1724168130067992700,97,648.42,563.21,65.19,47.77,1,1,1.000000
1724168130067992700,107,729.78,554.21,35.32,23.09,1,1,1.000000
1724168130147010200,1,441.28,471.61,373.24,113.06,1,2,1.000000
1724168130147010200,96,523.22,579.42,79.04,35.23,1,1,1.000000
1724168130147010200,97,654.83,567.46,59.65,43.00,1,1,1.000000
1724168130212153600,1,447.56,462.01,387.54,129.86,1,2,1.000000
1724168130212153600,96,527.83,581.49,72.31,31.56,1,1,1.000000
1724168130212153600,97,639.23,564.00,74.36,45.90,1,1,1.000000
1724168130212153600,107,724.71,550.13,39.85,24.68,1,1,1.000000
1724168130258076200,1,445.31,452.19,399.28,139.56,1,2,1.000000
1724168130258076200,96,530.59,577.51,71.88,36.56,1,1,1.000000
1724168130258076200,97,633.67,562.63,78.11,41.77,1,1,1.000000
1724168130323420900,1,447.33,460.31,394.02,128.17,1,2,1.000000
1724168130323420900,96,531.80,580.02,74.32,36.09,1,1,1.000000
1724168130323420900,97,644.54,564.13,73.64,39.31,1,1,1.000000
1724168130323420900,107,713.16,548.46,60.47,18.16,1,1,1.000000
1724168130407581000,1,448.38,450.46,397.19,138.70,1,2,1.000000
1724168130407581000,96,528.79,578.46,77.25,42.06,1,1,1.000000
1724168130407581000,97,655.60,565.74,58.87,47.28,1,1,1.000000
1724168130407581000,112,496.17,567.30,56.40,28.32,1,1,1.000000
1724168130460797400,1,451.18,457.82,409.07,134.48,1,2,1.000000
1724168130460797400,96,522.45,577.71,85.88,45.67,1,1,1.000000
1724168130460797400,97,656.31,565.46,55.88,48.69,1,1,1.000000
1724168130460797400,112,484.99,570.73,64.04,32.19,1,1,1.000000
1724168130460797400,113,707.46,542.00,64.99,29.77,1,1,1.000000
1724168130530616200,96,528.00,578.78,86.17,46.80,1,1,1.000000
1724168130530616200,97,641.41,563.04,68.64,51.67,1,1,1.000000
1724168130530616200,112,484.41,569.04,64.34,36.81,1,1,1.000000
1724168130583063100,1,455.69,455.10,394.14,139.97,1,2,1.000000
1724168130583063100,96,532.78,580.82,80.00,37.53,1,1,1.000000
1724168130583063100,97,644.43,563.03,69.19,55.65,1,1,1.000000
1724168130583063100,112,482.95,569.63,64.26,38.86,1,1,1.000000
1724168130645535300,1,456.29,435.41,382.55,163.27,1,2,1.000000
1724168130645535300,96,557.21,581.46,63.43,26.09,1,1,1.000000
1724168130645535300,97,656.14,563.46,55.77,52.34,1,1,1.000000
1724168130645535300,112,484.60,570.35,74.35,35.80,1,1,1.000000
1724168130708199200,1,457.87,437.07,382.00,156.73,1,2,1.000000
1724168130708199200,96,546.27,580.78,76.43,35.56,1,1,1.000000
1724168130708199200,97,658.29,567.46,55.50,48.07,1,1,1.000000
1724168130708199200,112,483.07,571.05,66.71,38.02,1,1,1.000000
1724168130708199200,115,512.22,612.98,43.60,25.38,1,1,1.000000
1724168130784933100,1,455.90,455.70,383.63,137.84,1,2,1.000000
1724168130784933100,96,558.64,578.35,67.37,32.24,1,1,1.000000
1724168130784933100,97,669.24,582.69,47.85,34.15,1,1,1.000000
1724168130784933100,112,485.12,572.11,68.37,38.79,1,1,1.000000
1724168130784933100,113,694.82,543.23,43.14,22.49,1,1,1.000000
1724168130784933100,115,513.34,615.61,47.41,21.75,1,1,1.000000
1724168130844147300,1,455.87,451.43,345.46,142.86,1,2,1.000000
1724168130844147300,96,561.36,581.10,67.71,29.42,1,1,1.000000
1724168130844147300,97,666.06,569.74,52.20,46.57,1,1,1.000000
1724168130844147300,112,483.47,573.22,74.38,37.89,1,1,1.000000
1724168130844147300,113,696.35,542.54,46.97,25.87,1,1,1.000000
1724168130844147300,115,514.29,614.13,50.93,28.74,1,1,1.000000
1724168130844147300,118,659.01,563.68,45.41,34.70,1,1,1.000000
1724168130899180400,1,458.92,451.64,350.93,142.79,1,2,1.000000
1724168130899180400,96,555.95,581.77,78.08,30.98,1,1,1.000000
1724168130899180400,112,486.02,572.73,63.87,37.99,1,1,1.000000
1724168130899180400,113,697.54,546.38,61.40,24.19,1,1,1.000000
1724168130899180400,115,515.64,612.53,47.12,25.79,1,1,1.000000
1724168130899180400,118,657.74,561.84,54.50,49.93,1,1,1.000000
1724168130963504200,1,460.67,432.13,401.50,167.66,1,2,1.000000
1724168130963504200,96,564.47,580.62,75.56,31.60,1,1,1.000000
1724168130963504200,112,486.06,570.87,69.73,40.01,1,1,1.000000
1724168130963504200,113,701.38,544.65,60.05,29.00,1,1,1.000000
1724168130963504200,115,513.32,611.48,54.56,26.15,1,1,1.000000
1724168130963504200,118,655.60,563.99,62.99,49.29,1,1,1.000000
1724168130963504200,120,531.64,634.49,30.79,26.01,1,1,1.000000
1724168131027015700,1,468.30,443.93,374.13,152.96,1,2,1.000000
1724168131027015700,96,591.05,580.65,61.47,31.50,1,1,1.000000
1724168131027015700,112,499.15,573.01,58.08,31.10,1,1,1.000000
1724168131027015700,113,703.57,549.22,57.46,24.50,1,1,1.000000
1724168131027015700,115,514.14,608.34,63.55,29.95,1,1,1.000000
1724168131027015700,118,646.41,562.39,70.63,49.29,1,1,1.000000
1724168131027015700,120,534.68,633.69,38.69,26.87,1,1,1.000000
1724168131093358900,1,467.84,453.04,374.44,144.81,1,2,1.000000
1724168131093358900,96,590.29,581.22,71.92,35.78,1,1,1.000000
1724168131093358900,97,657.21,567.12,61.48,48.11,1,1,1.000000
1724168131093358900,113,700.24,552.58,54.24,20.30,1,1,1.000000
1724168131093358900,115,519.66,609.22,32.83,32.11,1,1,1.000000
1724168131093358900,120,535.90,629.28,43.90,31.79,1,1,1.000000
1724168131154221900,1,456.09,452.42,397.61,147.21,1,2,1.000000
1724168131154221900,96,599.63,583.80,66.57,30.03,1,1,1.000000
1724168131154221900,97,660.43,568.87,55.60,46.15,1,1,1.000000
1724168131154221900,115,514.75,607.43,51.02,29.37,1,1,1.000000
1724168131154221900,120,537.92,631.24,58.89,30.50,1,1,1.000000
1724168131233455000,1,459.25,467.39,380.66,133.56,1,2,1.000000
1724168131233455000,96,611.12,584.43,69.47,27.55,1,1,1.000000
1724168131233455000,97,672.16,578.29,43.88,35.51,1,1,1.000000
1724168131233455000,115,519.43,607.54,51.21,33.03,1,1,1.000000
1724168131233455000,120,540.11,627.84,59.29,34.44,1,1,1.000000
1724168131336772400,1,455.88,469.26,358.04,128.73,1,2,1.000000
1724168131336772400,96,607.56,581.65,108.30,36.42,1,1,1.000000
1724168131336772400,112,500.36,582.28,28.95,28.52,1,1,1.000000
1724168131336772400,115,517.81,604.00,60.48,32.65,1,1,1.000000
1724168131336772400,120,539.15,623.12,63.95,38.58,1,1,1.000000
1724168131350699100,1,458.61,466.54,383.61,134.70,1,2,1.000000
1724168131350699100,96,619.46,580.29,95.40,38.22,1,1,1.000000
1724168131350699100,112,496.70,579.89,35.98,29.29,1,1,1.000000
1724168131350699100,115,516.53,603.78,60.70,32.99,1,1,1.000000
1724168131350699100,120,541.27,623.73,67.41,38.67,1,1,1.000000
1724168131423058100,1,461.26,471.20,379.94,129.13,1,2,1.000000
1724168131423058100,96,615.49,583.42,97.94,36.03,1,1,1.000000
1724168131423058100,112,496.34,579.42,52.54,34.18,1,1,1.000000
1724168131423058100,113,694.16,559.87,65.45,22.89,1,1,1.000000
1724168131423058100,115,513.26,600.86,76.12,34.95,1,1,1.000000
1724168131423058100,120,552.50,620.51,70.05,40.59,1,1,1.000000
1724168131477148500,1,459.41,474.58,389.06,127.20,1,2,1.000000
1724168131477148500,96,604.06,584.06,106.96,35.53,1,1,1.000000
1724168131477148500,112,501.55,577.57,55.28,35.39,1,1,1.000000
1724168131477148500,113,697.04,563.19,50.12,25.27,1,1,1.000000
1724168131477148500,115,516.11,601.66,82.70,33.67,1,1,1.000000
1724168131477148500,120,563.05,621.37,73.93,37.21,1,1,1.000000
1724168131543691700,1,460.06,475.61,358.93,125.63,1,2,1.000000
1724168131543691700,96,646.13,587.89,66.12,28.51,1,1,1.000000
1724168131543691700,112,508.67,574.48,58.81,30.39,1,1,1.000000
1724168131543691700,113,688.91,563.20,59.00,25.76,1,1,1.000000
1724168131543691700,115,510.71,602.28,97.81,32.92,1,1,1.000000
1724168131543691700,120,567.96,621.99,78.99,35.03,1,1,1.000000
1724168131609823300,1,455.24,488.27,349.72,113.06,1,2,1.000000
1724168131609823300,96,655.36,584.53,56.83,30.81,1,1,1.000000
1724168131609823300,112,505.99,572.30,70.03,35.66,1,1,1.000000
1724168131609823300,115,509.48,599.03,109.44,36.35,1,1,1.000000
1724168131609823300,120,580.60,620.10,83.07,32.87,1,1,1.000000
1724168131672708800,112,511.34,572.97,65.20,30.20,1,1,1.000000
1724168131672708800,115,516.46,604.48,70.99,29.31,1,1,1.000000
1724168131672708800,120,596.40,625.04,77.41,30.70,1,1,1.000000
1724168131731181800,1,452.71,525.18,281.75,70.94,1,2,1.000000
1724168131731181800,112,518.73,570.49,80.61,32.32,1,1,1.000000
1724168131731181800,115,519.74,603.62,73.57,28.42,1,1,1.000000
1724168131731181800,120,607.45,626.78,71.46,26.69,1,1,1.000000
1724168131731181800,125,580.49,597.05,57.27,26.94,1,1,1.000000
1724168131793926400,1,454.15,525.72,336.41,67.26,1,2,1.000000
1724168131793926400,112,521.23,570.33,81.43,31.74,1,1,1.000000
1724168131793926400,113,671.31,565.57,55.05,22.18,1,1,1.000000
1724168131793926400,115,515.51,600.94,74.37,30.88,1,1,1.000000
1724168131793926400,120,629.45,631.21,47.39,22.51,1,1,1.000000
1724168131793926400,125,593.81,597.17,61.82,23.28,1,1,1.000000
1724168131793926400,129,624.45,576.83,29.62,14.28,1,1,1.000000
1724168131859434700,1,450.39,531.66,314.35,60.75,1,2,1.000000
1724168131859434700,112,528.62,571.68,73.30,31.41,1,1,1.000000
1724168131859434700,115,526.90,598.90,67.78,30.20,1,1,1.000000
1724168131859434700,120,638.53,634.07,37.95,17.80,1,1,1.000000
1724168131859434700,125,606.42,598.40,66.57,22.56,1,1,1.000000
1724168131859434700,129,623.89,577.15,36.46,21.30,1,1,1.000000
1724168131924807100,1,443.14,530.62,346.51,60.88,1,2,1.000000
1724168131924807100,112,529.84,571.62,72.14,32.67,1,1,1.000000
1724168131924807100,113,677.04,570.41,57.04,25.52,1,1,1.000000
1724168131924807100,115,531.65,598.39,67.99,30.74,1,1,1.000000
1724168131924807100,120,648.21,637.48,21.94,15.12,1,1,1.000000
1724168131924807100,125,614.54,599.93,64.88,22.80,1,1,1.000000
1724168131924807100,129,632.98,580.81,32.59,17.00,1,1,1.000000
1724168131986795800,1,444.83,532.85,344.86,60.21,1,2,1.000000
1724168131986795800,112,532.71,571.59,70.05,32.63,1,1,1.000000
1724168131986795800,113,679.51,572.77,54.84,30.29,1,1,1.000000
1724168131986795800,115,532.86,598.98,69.23,28.28,1,1,1.000000
1724168131986795800,125,620.78,602.54,61.27,22.42,1,1,1.000000
1724168131986795800,129,631.49,580.46,44.91,21.34,1,1,1.000000
1724168132056513400,1,445.18,535.94,341.68,56.48,1,2,1.000000
1724168132056513400,112,529.26,571.44,77.27,33.82,1,1,1.000000
1724168132056513400,113,678.20,573.63,56.70,33.42,1,1,1.000000
1724168132056513400,115,529.11,600.17,71.95,26.90,1,1,1.000000
1724168132056513400,125,619.45,602.56,69.49,25.35,1,1,1.000000
1724168132115955500,1,448.81,536.89,330.63,57.60,1,2,1.000000
1724168132115955500,112,526.20,571.67,81.60,35.72,1,1,1.000000
1724168132115955500,113,670.70,574.32,61.72,33.47,1,1,1.000000
1724168132115955500,115,530.40,601.66,69.26,28.05,1,1,1.000000
1724168132115955500,125,614.60,603.22,71.42,24.52,1,1,1.000000
1724168132183983400,1,451.90,537.45,325.01,55.77,1,2,1.000000
1724168132183983400,112,524.13,572.77,77.18,34.95,1,1,1.000000
1724168132183983400,113,667.69,577.30,63.28,28.63,1,1,1.000000
1724168132183983400,115,532.48,603.16,63.06,26.63,1,1,1.000000
1724168132183983400,125,622.07,602.52,67.99,23.61,1,1,1.000000
1724168132254564200,1,448.07,533.22,336.48,59.86,1,2,1.000000
1724168132254564200,112,519.75,575.11,66.03,34.41,1,1,1.000000
1724168132254564200,113,661.95,575.34,67.98,30.22,1,1,1.000000
1724168132254564200,115,517.87,607.82,71.38,25.42,1,1,1.000000
1724168132254564200,125,610.68,604.92,87.72,24.13,1,1,1.000000
1724168132308993600,1,450.20,534.43,333.63,60.92,1,2,1.000000
1724168132308993600,112,524.80,576.47,51.84,25.86,1,1,1.000000
1724168132308993600,113,645.38,573.23,81.92,36.60,1,1,1.000000
1724168132308993600,115,510.76,611.89,63.47,23.67,1,1,1.000000
1724168132308993600,125,609.18,601.63,81.14,26.59,1,1,1.000000
1724168132308993600,134,606.63,585.71,45.39,17.94,1,1,1.000000
1724168132397975000,1,452.19,533.67,334.31,63.16,1,2,1.000000
1724168132397975000,112,520.82,578.46,49.85,21.38,1,1,1.000000
1724168132397975000,113,638.78,573.80,88.79,34.67,1,1,1.000000
1724168132397975000,115,505.91,609.97,58.86,24.97,1,1,1.000000
1724168132397975000,125,647.77,602.48,49.65,26.24,1,1,1.000000
1724168132397975000,134,605.54,587.91,37.68,17.82,1,1,1.000000
1724168132434851600,1,450.37,533.59,325.49,65.37,1,2,1.000000
1724168132434851600,112,516.37,578.71,50.95,23.69,1,1,1.000000
1724168132434851600,113,635.99,574.24,87.01,31.92,1,1,1.000000
1724168132434851600,115,504.40,612.19,47.29,23.97,1,1,1.000000
1724168132434851600,125,638.00,598.88,60.42,28.74,1,1,1.000000
1724168132434851600,134,601.77,587.03,38.46,20.09,1,1,1.000000
1724168132515121400,1,451.10,531.61,340.27,68.75,1,2,1.000000
1724168132515121400,113,636.59,576.65,84.40,30.53,1,1,1.000000
1724168132515121400,115,507.52,613.07,46.78,26.77,1,1,1.000000
1724168132515121400,125,641.54,597.72,58.78,32.42,1,1,1.000000
1724168132515121400,134,588.01,588.52,45.16,21.19,1,1,1.000000
1724168132568834700,1,456.04,529.61,328.74,73.39,1,2,1.000000
1724168132568834700,113,621.66,572.84,60.88,28.05,1,1,1.000000
1724168132568834700,115,508.32,613.71,37.53,23.93,1,1,1.000000
1724168132568834700,125,628.99,597.58,65.27,31.32,1,1,1.000000
1724168132568834700,134,587.53,590.30,42.71,19.51,1,1,1.000000
1724168132637360200,1,458.40,518.72,357.22,90.26,1,2,1.000000
1724168132637360200,134,581.46,588.60,81.27,33.49,1,1,1.000000
1724168132689767500,1,470.00,511.39,347.23,99.29,1,2,1.000000
1724168132689767500,113,617.17,573.16,67.89,32.36,1,1,1.000000
1724168132689767500,115,515.25,619.77,24.43,18.84,1,1,1.000000
1724168132689767500,125,622.52,605.06,73.46,24.12,1,1,1.000000
1724168132689767500,134,578.70,590.24,56.25,23.66,1,1,1.000000
1724168132755197900,1,468.64,518.26,349.60,92.03,1,2,1.000000
1724168132755197900,113,607.12,574.58,89.61,47.53,1,1,1.000000
1724168132755197900,134,556.37,593.21,64.35,24.02,1,1,1.000000
1724168132823429300,1,467.02,514.88,344.97,92.81,1,2,1.000000
1724168132823429300,113,602.09,574.38,73.89,32.09,1,1,1.000000
1724168132823429300,134,568.47,594.01,48.15,20.78,1,1,1.000000
1724168132882864900,1,471.60,513.48,343.52,97.02,1,2,1.000000
1724168132882864900,134,561.80,593.88,52.97,22.07,1,1,1.000000
1724168132948185600,1,477.48,510.43,342.79,97.57,1,2,1.000000
1724168132948185600,113,597.56,575.68,71.94,35.15,1,1,1.000000
1724168132948185600,134,554.92,594.49,57.20,23.13,1,1,1.000000
1724168133011413400,1,473.98,503.80,354.89,106.47,1,2,1.000000
1724168133011413400,113,597.20,576.51,70.53,33.60,1,1,1.000000
1724168133011413400,125,632.19,611.89,66.20,22.97,1,1,1.000000
1724168133011413400,134,549.88,597.04,59.19,22.27,1,1,1.000000
1724168133082173800,1,478.54,505.35,352.38,106.37,1,2,1.000000
1724168133082173800,113,596.03,576.07,71.76,33.20,1,1,1.000000
1724168133082173800,125,636.64,609.94,60.57,24.79,1,1,1.000000
1724168133082173800,134,546.38,596.52,57.39,24.37,1,1,1.000000
1724168133139220300,1,475.04,503.25,358.89,112.24,1,2,1.000000
1724168133139220300,113,593.13,574.95,83.64,37.03,1,1,1.000000
1724168133139220300,125,627.37,612.27,66.94,22.81,1,1,1.000000
1724168133139220300,134,542.10,597.29,54.00,24.61,1,1,1.000000
1724168133203224700,1,477.83,504.02,347.53,110.57,1,2,1.000000
1724168133203224700,113,593.32,577.48,66.56,32.39,1,1,1.000000
1724168133203224700,125,651.90,613.85,43.90,20.71,1,1,1.000000
1724168133203224700,134,542.49,597.84,57.11,24.18,1,1,1.000000
1724168133203224700,140,530.13,636.60,27.76,20.10,1,1,1.000000
1724168133273035600,1,480.00,511.26,319.16,102.18,1,2,1.000000
1724168133273035600,113,588.22,579.58,67.20,27.61,1,1,1.000000
1724168133273035600,125,650.12,615.74,40.36,19.75,1,1,1.000000
1724168133273035600,134,535.50,599.26,62.09,24.47,1,1,1.000000
1724168133273035600,140,531.56,637.04,26.10,21.79,1,1,1.000000
1724168133338814500,1,479.13,512.16,320.00,102.25,1,2,1.000000
1724168133338814500,113,589.96,578.16,67.75,33.01,1,1,1.000000
1724168133338814500,125,669.97,616.54,21.10,15.82,1,1,1.000000
1724168133338814500,134,536.02,599.94,59.04,24.92,1,1,1.000000
1724168133338814500,140,535.81,635.99,26.79,25.67,1,1,1.000000
1724168133399873700,1,480.65,509.59,322.52,103.31,1,2,1.000000
1724168133399873700,113,588.23,578.74,73.87,33.72,1,1,1.000000
1724168133399873700,134,534.32,601.43,56.55,26.26,1,1,1.000000
1724168133399873700,140,534.23,633.95,31.76,30.92,1,1,1.000000
1724168133484979300,1,495.44,504.43,298.84,106.08,1,2,1.000000
1724168133484979300,113,586.08,579.24,73.68,31.70,1,1,1.000000
1724168133484979300,134,529.30,602.22,61.75,28.63,1,1,1.000000
1724168133484979300,140,535.03,634.30,35.44,31.39,1,1,1.000000
1724168133527417200,1,488.63,503.22,308.18,107.31,1,2,1.000000
1724168133527417200,113,588.16,580.59,67.68,30.26,1,1,1.000000
1724168133527417200,134,522.57,603.97,65.41,28.55,1,1,1.000000
1724168133527417200,140,535.02,634.00,39.80,29.58,1,1,1.000000
1724168133588019900,1,499.23,508.16,299.22,101.33,1,2,1.000000
1724168133588019900,113,587.35,579.11,68.82,32.78,1,1,1.000000
1724168133588019900,134,528.13,604.43,59.01,27.20,1,1,1.000000
1724168133588019900,140,536.68,632.14,48.97,27.34,1,1,1.000000
1724168133659329500,1,490.27,496.98,349.37,116.21,1,2,1.000000
1724168133659329500,113,584.58,578.65,69.99,34.35,1,1,1.000000
1724168133659329500,134,522.94,606.28,54.91,27.28,1,1,1.000000
1724168133659329500,140,538.26,632.42,55.10,33.04,1,1,1.000000
1724168133715433400,1,482.93,499.43,354.97,116.40,1,2,1.000000
1724168133715433400,113,582.08,577.74,80.72,39.13,1,1,1.000000
1724168133715433400,134,526.41,607.16,54.79,26.32,1,1,1.000000
1724168133715433400,140,538.35,629.19,58.99,37.06,1,1,1.000000
1724168133799185600,1,481.53,497.15,363.36,118.52,1,2,1.000000
1724168133799185600,113,580.04,579.91,84.00,36.48,1,1,1.000000
1724168133799185600,134,521.19,608.57,55.65,24.98,1,1,1.000000
1724168133799185600,140,537.34,631.18,63.30,35.37,1,1,1.000000
1724168133844865000,1,482.45,499.20,359.52,121.00,1,2,1.000000
1724168133844865000,134,523.84,611.38,62.38,22.07,1,1,1.000000
1724168133844865000,140,548.46,626.56,61.31,39.52,1,1,1.000000
1724168133844865000,145,524.68,609.19,57.48,23.96,1,1,1.000000
1724168133914728300,1,485.69,505.90,334.10,113.27,1,2,1.000000
1724168133914728300,113,570.30,581.67,92.72,36.92,1,1,1.000000
1724168133914728300,134,516.49,612.04,58.66,23.97,1,1,1.000000
1724168133914728300,140,551.95,623.66,63.06,36.15,1,1,1.000000
1724168133976052100,1,483.18,505.29,342.49,112.61,1,2,1.000000
1724168133976052100,113,576.37,584.57,71.39,27.13,1,1,1.000000
1724168133976052100,134,516.67,613.52,55.80,23.13,1,1,1.000000
1724168133976052100,140,574.95,619.68,50.12,27.69,1,1,1.000000
1724168134037136900,1,482.22,505.53,314.63,113.07,1,2,1.000000
1724168134037136900,113,572.53,583.50,64.80,25.02,1,1,1.000000
1724168134037136900,134,515.58,613.23,47.28,26.66,1,1,1.000000
1724168134037136900,140,549.13,620.94,82.34,41.73,1,1,1.000000
1724168134105074100,1,482.24,509.33,326.66,109.22,1,2,1.000000
1724168134105074100,113,566.91,583.00,63.06,26.81,1,1,1.000000
1724168134105074100,134,515.33,614.41,44.99,25.03,1,1,1.000000
1724168134105074100,140,567.25,618.68,72.01,41.32,1,1,1.000000
1724168134173174500,1,480.71,510.35,326.36,109.65,1,2,1.000000
1724168134173174500,113,564.44,582.70,79.88,32.19,1,1,1.000000
1724168134173174500,134,516.63,615.32,43.09,24.61,1,1,1.000000
1724168134173174500,140,571.01,618.55,74.07,35.61,1,1,1.000000
1724168134235716400,1,484.84,511.76,334.74,108.97,1,2,1.000000
1724168134235716400,113,549.00,582.91,99.40,35.16,1,1,1.000000
1724168134235716400,134,516.86,615.13,38.62,25.14,1,1,1.000000
1724168134291144900,1,480.47,507.53,335.64,114.02,1,2,1.000000
1724168134291144900,113,567.30,584.09,84.94,30.55,1,1,1.000000
1724168134291144900,134,516.19,611.73,44.25,29.36,1,1,1.000000
1724168134357931400,1,484.02,504.15,329.48,117.04,1,2,1.000000
1724168134357931400,113,572.75,583.13,70.93,30.16,1,1,1.000000
1724168134357931400,134,516.12,614.77,39.00,26.26,1,1,1.000000
1724168134357931400,140,604.82,611.93,74.77,27.95,1,1,1.000000
1724168134357931400,150,548.86,621.53,43.17,38.63,1,1,1.000000
1724168134426875600,1,490.03,507.40,325.79,111.85,1,2,1.000000
1724168134426875600,113,571.72,584.56,62.51,28.01,1,1,1.000000
1724168134426875600,134,516.43,614.49,39.48,27.47,1,1,1.000000
1724168134426875600,140,611.49,610.44,71.86,29.22,1,1,1.000000
1724168134426875600,150,549.07,621.60,49.34,37.32,1,1,1.000000
1724168134492008000,1,491.78,509.92,314.10,110.56,1,2,1.000000
1724168134492008000,113,572.18,586.09,66.62,25.53,1,1,1.000000
1724168134492008000,134,518.92,615.09,38.68,26.58,1,1,1.000000
1724168134492008000,140,625.75,610.24,65.57,26.86,1,1,1.000000
1724168134492008000,150,548.93,620.82,53.25,37.76,1,1,1.000000
1724168134555520400,1,486.17,509.01,319.11,109.70,1,2,1.000000
1724168134555520400,113,572.12,587.46,52.14,23.85,1,1,1.000000
1724168134555520400,134,519.04,613.53,44.59,28.50,1,1,1.000000
1724168134555520400,140,630.39,610.63,64.33,24.96,1,1,1.000000
1724168134555520400,150,547.36,620.19,60.11,36.82,1,1,1.000000
1724168134616747400,1,482.34,505.94,317.72,115.92,1,2,1.000000
1724168134616747400,113,568.60,587.85,61.86,25.13,1,1,1.000000
1724168134616747400,134,519.03,617.60,32.64,23.57,1,1,1.000000
1724168134616747400,140,634.54,611.45,60.44,24.44,1,1,1.000000
1724168134616747400,150,547.87,616.34,60.59,38.25,1,1,1.000000
1724168134679680400,1,479.33,507.92,330.37,112.22,1,2,1.000000
1724168134679680400,113,552.29,586.65,68.82,26.87,1,1,1.000000
1724168134679680400,134,519.10,620.77,29.73,20.26,1,1,1.000000
1724168134679680400,140,645.22,609.15,49.40,26.30,1,1,1.000000
1724168134679680400,150,545.64,615.77,69.17,39.93,1,1,1.000000
1724168134741059400,1,484.85,510.35,320.10,109.91,1,2,1.000000
1724168134741059400,113,555.63,589.73,62.03,23.56,1,1,1.000000
1724168134741059400,134,518.15,620.66,34.47,22.13,1,1,1.000000
1724168134741059400,140,638.24,605.86,54.80,30.91,1,1,1.000000
1724168134741059400,150,550.98,615.00,66.07,39.11,1,1,1.000000
1724168134804896700,1,479.35,504.02,339.70,114.21,1,2,1.000000
1724168134804896700,113,555.09,588.92,61.13,21.63,1,1,1.000000
1724168134804896700,134,518.62,624.76,31.88,17.50,1,1,1.000000
1724168134804896700,140,655.59,609.43,40.10,27.28,1,1,1.000000
1724168134804896700,150,548.00,613.54,76.22,40.63,1,1,1.000000
1724168134871320500,1,481.30,507.77,331.04,112.56,1,2,1.000000
1724168134871320500,113,558.58,590.21,55.77,20.40,1,1,1.000000
1724168134871320500,134,517.57,620.87,34.31,21.45,1,1,1.000000
1724168134871320500,140,656.85,611.49,34.89,25.89,1,1,1.000000
1724168134871320500,150,551.28,613.65,77.72,40.98,1,1,1.000000
1724168134871320500,151,655.97,577.38,49.81,22.90,1,1,1.000000
1724168134935727900,1,480.45,511.67,325.20,107.82,1,2,1.000000
1724168134935727900,113,553.36,590.86,57.74,20.41,1,1,1.000000
1724168134935727900,134,517.74,625.35,30.05,18.06,1,1,1.000000
1724168134935727900,150,557.28,615.03,74.40,41.26,1,1,1.000000
1724168134935727900,151,662.06,576.54,44.14,25.30,1,1,1.000000
1724168135010449900,1,481.88,509.60,329.23,109.61,1,2,1.000000
1724168135010449900,113,549.70,591.23,67.59,23.69,1,1,1.000000
1724168135010449900,134,518.85,617.67,28.53,23.07,1,1,1.000000
1724168135010449900,150,566.45,613.50,69.92,34.95,1,1,1.000000
1724168135010449900,151,666.88,576.87,42.10,24.77,1,1,1.000000
1724168135072005500,1,481.05,511.16,327.78,108.70,1,2,1.000000
1724168135072005500,113,545.96,591.33,64.16,25.32,1,1,1.000000
1724168135072005500,134,518.98,621.19,31.18,21.34,1,1,1.000000
1724168135072005500,150,575.96,612.87,64.78,30.60,1,1,1.000000
1724168135072005500,151,659.70,576.41,51.09,26.27,1,1,1.000000
1724168135122475200,1,484.08,520.00,317.03,100.74,1,2,1.000000
1724168135122475200,113,535.64,591.03,76.63,27.55,1,1,1.000000
1724168135122475200,134,519.68,622.96,24.67,19.05,1,1,1.000000
1724168135122475200,150,560.16,613.63,84.35,31.13,1,1,1.000000
1724168135122475200,151,671.37,577.77,39.74,24.07,1,1,1.000000