1724166879493221800,1,0.00,623.73,117.89,94.89,1,1,1.000000
1724166879543115800,1,0.00,610.64,135.43,107.68,1,1,1.000000
1724166879767934500,1,0.00,590.32,244.04,128.76,1,1,1.000000
1724166879816348900,1,0.00,588.31,276.96,130.59,1,1,1.000000
1724166879858545800,1,0.00,588.95,331.91,129.66,1,1,1.000000
1724166879858545800,2,1230.48,390.35,48.92,57.62,1,1,1.000000
1724166879893481900,1,0.00,574.79,373.00,144.44,1,1,1.000000
1724166879893481900,2,1226.01,381.98,53.80,64.86,1,1,1.000000
1724166879979820200,1,0.00,571.28,423.24,148.27,1,1,1.000000
1724166879979820200,2,1215.47,382.00,64.23,65.36,1,1,1.000000
1724166880012720500,1,0.00,575.41,451.95,144.18,1,1,1.000000
1724166880012720500,2,1208.62,367.55,70.88,75.96,1,1,1.000000
1724166880057762400,1,0.16,580.40,494.07,139.92,1,1,1.000000
1724166880057762400,2,1202.73,357.80,77.06,85.46,1,1,1.000000
1724166880087819000,1,0.00,586.92,532.32,133.33,1,1,1.000000
1724166880087819000,2,1195.54,348.34,84.22,89.41,1,1,1.000000
1724166880178981000,1,0.00,588.26,555.29,132.18,1,1,1.000000
1724166880178981000,2,1190.47,339.66,89.43,96.03,1,1,1.000000
1724166880209616300,1,0.00,589.45,575.23,130.47,1,1,1.000000
1724166880209616300,2,1182.04,327.34,97.95,108.61,1,1,1.000000
1724166880254275100,1,0.00,586.85,594.46,133.15,1,1,1.000000
1724166880254275100,2,1173.98,318.95,105.76,109.42,1,1,1.000000
1724166880300417200,1,0.00,579.78,617.19,140.77,1,1,1.000000
1724166880300417200,2,1168.26,311.11,111.28,112.42,1,1,1.000000
1724166880377463100,1,0.00,573.86,646.52,146.78,1,1,1.000000
1724166880377463100,2,1153.64,290.51,126.21,124.36,1,1,1.000000
1724166880407435600,1,0.00,558.14,681.71,162.70,1,1,1.000000
1724166880407435600,2,1138.69,282.88,140.90,125.46,1,1,1.000000
1724166880453307600,1,0.15,528.44,714.76,192.59,1,1,1.000000
1724166880453307600,2,1123.39,262.06,156.68,140.83,1,1,1.000000
1724166880501013600,1,210.38,503.00,532.34,217.68,1,1,1.000000
1724166880501013600,2,1111.33,247.01,168.65,148.10,1,1,1.000000
1724166880577447900,1,335.23,470.40,488.41,250.62,1,1,1.000000
1724166880577447900,2,1085.49,214.73,194.63,154.24,1,1,1.000000
1724166880577447900,3,0.00,558.43,300.57,161.67,1,1,1.000000
1724166880654840100,1,391.09,487.87,480.43,232.94,1,1,1.000000
1724166880654840100,2,1075.30,201.37,204.72,161.53,1,1,1.000000
1724166880654840100,3,0.17,568.05,222.80,152.22,1,1,1.000000
1724166880697949900,1,399.13,518.69,503.34,202.29,1,1,1.000000
1724166880697949900,2,1061.20,193.03,219.01,161.66,1,1,1.000000
1724166880775213400,1,435.32,536.04,502.99,184.70,1,1,1.000000
1724166880775213400,2,1055.50,182.73,224.23,157.12,1,1,1.000000
1724166880820250200,1,490.17,576.98,473.29,142.97,1,1,1.000000
1724166880820250200,2,1043.22,169.76,236.35,161.55,1,1,1.000000
1724166880854850500,1,551.71,599.74,440.02,120.24,1,1,1.000000
1724166880854850500,2,1034.47,161.98,245.38,162.37,1,1,1.000000
1724166880896334700,1,598.70,603.81,440.58,115.72,1,1,1.000000
1724166880896334700,2,1010.02,154.24,269.75,162.89,1,1,1.000000
1724166880972195800,1,658.05,588.62,431.21,130.96,1,1,1.000000
1724166880972195800,2,991.53,144.07,288.17,170.86,1,1,1.000000
1724166881017693000,1,700.54,588.69,403.88,131.22,1,1,1.000000
1724166881017693000,2,978.33,136.88,301.00,169.20,1,1,1.000000
1724166881064502700,1,772.47,618.03,327.44,101.92,1,1,1.000000
1724166881064502700,2,971.41,127.44,308.14,168.28,1,1,1.000000
1724166881092771000,1,834.84,645.45,284.29,74.30,1,1,1.000000
1724166881092771000,2,956.71,121.08,322.91,166.79,1,1,1.000000
1724166881138122600,1,880.37,640.81,228.12,79.07,1,1,1.000000
1724166881138122600,2,951.59,116.22,327.98,165.41,1,1,1.000000
1724166881216478700,1,922.44,631.62,191.24,88.27,1,1,1.000000
1724166881216478700,2,946.39,111.64,333.70,166.27,1,1,1.000000
1724166881262708000,1,967.72,636.47,152.10,83.23,1,1,1.000000
1724166881262708000,2,932.97,108.11,346.86,165.58,1,1,1.000000
1724166881291787700,1,1002.61,650.74,166.32,68.72,1,1,1.000000
1724166881291787700,2,920.74,107.11,359.12,166.68,1,1,1.000000
1724166881370769500,2,909.75,108.31,369.77,163.19,1,1,1.000000
1724166881412641300,2,895.96,107.40,383.42,161.50,1,1,1.000000
1724166881458197800,2,887.27,106.44,391.87,164.69,1,1,1.000000
1724166881489895200,2,878.57,105.68,400.75,160.56,1,1,1.000000
1724166881581515400,2,872.19,106.16,407.32,163.68,1,1,1.000000
1724166881609496700,2,866.34,105.99,413.43,168.06,1,1,1.000000
1724166881657959500,2,860.11,106.51,419.58,159.47,1,1,1.000000
1724166881700558700,2,857.77,106.54,421.91,156.61,1,1,1.000000
1724166881778354000,2,854.85,105.51,425.13,159.13,1,1,1.000000
1724166881810756900,2,850.10,104.78,430.18,161.64,1,1,1.000000
1724166881854761000,2,846.57,104.99,433.83,162.35,1,1,1.000000
1724166881899891700,2,840.40,105.54,439.32,163.88,1,1,1.000000
1724166881975230300,2,833.30,105.08,446.46,163.35,1,1,1.000000
1724166882023482100,2,827.74,103.59,452.31,162.69,1,1,1.000000
1724166882053464100,2,820.64,100.66,459.15,153.30,1,1,1.000000
1724166882097108700,2,812.51,96.38,466.84,147.34,1,1,1.000000
1724166882174045200,2,807.48,88.84,473.06,145.14,1,1,1.000000
1724166882221233000,2,802.95,83.22,477.69,141.69,1,1,1.000000
1724166882249338000,2,796.93,74.38,483.46,144.13,1,1,1.000000
1724166882298052400,2,795.90,66.23,484.17,145.55,1,1,1.000000
1724166882374265600,2,790.82,57.53,488.69,148.98,1,1,1.000000
1724166882420352700,2,785.62,49.23,493.64,153.39,1,1,1.000000
1724166882449257400,2,781.73,43.44,497.33,152.33,1,1,1.000000
1724166882539179400,2,771.84,27.50,507.38,155.34,1,1,1.000000
1724166882615968500,2,765.93,22.07,512.99,156.68,1,1,1.000000
1724166882647838100,2,757.91,15.67,521.74,158.33,1,1,1.000000
1724166882693712700,2,743.13,12.84,536.05,154.55,1,1,1.000000
1724166882817725400,2,726.33,12.69,552.13,153.00,1,1,1.000000
1724166882864854900,2,699.95,2.80,577.85,158.63,1,1,1.000000
1724166882940910100,2,665.23,1.63,613.50,159.71,1,1,1.000000
1724166882970423500,2,639.53,1.87,637.62,154.24,1,1,1.000000
1724166883013926600,2,615.88,1.43,592.39,151.94,1,1,1.000000
1724166883060489100,2,591.97,0.79,564.77,148.07,1,1,1.000000
1724166883091106700,2,546.59,0.32,564.50,142.58,1,1,1.000000
1724166883170819400,2,529.96,0.36,530.87,141.54,1,1,1.000000
1724166883214885100,2,495.51,0.32,522.95,139.12,1,1,1.000000
1724166883259814100,2,459.18,0.11,546.89,140.88,1,1,1.000000
1724166883293049100,2,416.44,0.12,561.97,145.62,1,1,1.000000
1724166883336876400,2,383.43,0.15,567.71,151.04,1,1,1.000000
1724166883382032600,2,331.97,0.17,576.90,164.09,1,1,1.000000
1724166883458439500,2,296.33,0.00,563.02,170.34,1,1,1.000000
1724166883488899600,2,251.86,0.00,571.06,176.66,1,1,1.000000
1724166883583137000,2,224.63,0.61,549.16,184.10,1,1,1.000000
1724166883611315000,2,194.56,0.53,559.68,192.08,1,1,1.000000
1724166883657186400,2,170.27,0.93,556.45,205.54,1,1,1.000000
1724166883734276300,2,146.94,0.10,548.89,218.05,1,1,1.000000
1724166883734276300,5,1233.52,261.59,46.44,68.47,1,1,1.000000
1724166883778107200,2,121.08,5.23,556.65,223.44,1,1,1.000000
1724166883778107200,5,1218.52,258.58,61.09,72.95,1,1,1.000000
1724166883853661900,2,83.20,13.17,591.53,231.28,1,1,1.000000
1724166883853661900,5,1210.31,251.52,69.52,81.49,1,1,1.000000
1724166883899387600,2,74.94,19.11,600.05,232.25,1,1,1.000000
1724166883899387600,5,1214.28,262.67,65.28,74.36,1,1,1.000000
1724166883974289700,2,72.00,23.67,601.63,233.85,1,1,1.000000
1724166883974289700,5,1224.98,265.44,54.81,74.51,1,1,1.000000
1724166884020101000,2,70.91,27.88,603.14,236.27,1,1,1.000000
1724166884020101000,5,1236.96,284.97,43.03,62.92,1,1,1.000000
1724166884051832400,2,69.13,30.86,601.24,235.97,1,1,1.000000
1724166884095449300,2,59.75,36.63,600.89,239.26,1,1,1.000000
1724166884141891700,2,49.51,47.07,598.56,234.28,1,1,1.000000
1724166884220641300,2,41.99,51.72,592.12,240.66,1,1,1.000000
1724166884248871800,2,42.21,61.68,584.00,243.85,1,1,1.000000
1724166884294833900,2,50.28,72.33,568.69,236.37,1,1,1.000000
1724166884342701800,2,59.28,84.10,555.67,225.61,1,1,1.000000
1724166884418229100,2,72.68,98.16,540.02,216.49,1,1,1.000000
1724166884448347300,2,87.32,108.61,522.33,206.08,1,1,1.000000
1724166884539294600,2,109.18,112.75,508.07,188.21,1,1,1.000000
1724166884539294600,6,1.02,276.24,250.47,189.78,1,1,1.000000
1724166884614151500,2,106.29,122.50,504.63,177.49,1,1,1.000000
1724166884614151500,6,0.82,273.35,299.10,186.31,1,1,1.000000
1724166884659141100,2,100.79,142.86,499.00,151.42,1,1,1.000000
1724166884659141100,6,1.12,273.22,330.27,181.25,1,1,1.000000
1724166884659141100,7,0.67,632.26,263.31,87.16,1,1,1.000000
1724166884692412500,2,88.27,140.35,502.93,150.70,1,1,1.000000
1724166884692412500,6,0.00,272.27,372.08,182.47,1,1,1.000000
1724166884692412500,7,0.00,633.04,303.97,86.33,1,1,1.000000
1724166884781169000,2,78.67,137.74,503.19,154.79,1,1,1.000000
1724166884781169000,6,0.68,268.95,419.23,188.29,1,1,1.000000
1724166884781169000,7,0.00,647.61,362.38,71.76,1,1,1.000000
1724166884814862100,2,64.65,134.03,499.50,167.64,1,1,1.000000
1724166884814862100,6,0.00,262.70,425.99,201.88,1,1,1.000000
1724166884814862100,7,0.97,653.92,400.37,65.85,1,1,1.000000
1724166884859271800,2,55.52,129.87,490.13,176.23,1,1,1.000000
1724166884859271800,6,0.00,266.31,427.41,204.76,1,1,1.000000
1724166884859271800,7,2.77,649.74,425.33,69.82,1,1,1.000000
1724166884893098300,2,50.18,126.51,484.57,182.37,1,1,1.000000
1724166884893098300,6,0.00,269.12,417.87,210.38,1,1,1.000000
1724166884893098300,7,57.17,652.71,389.25,66.89,1,1,1.000000
1724166884982340300,2,45.63,125.49,487.21,184.92,1,1,1.000000
1724166884982340300,6,0.00,272.61,406.41,219.55,1,1,1.000000
1724166884982340300,7,53.40,649.95,403.57,69.67,1,1,1.000000
1724166885011001600,2,43.94,125.99,490.71,183.00,1,1,1.000000
1724166885011001600,6,0.00,276.05,394.47,226.00,1,1,1.000000
1724166885011001600,7,86.12,628.52,405.48,91.25,1,1,1.000000
1724166885057839400,2,42.69,127.45,494.40,175.63,1,1,1.000000
1724166885057839400,6,0.16,275.49,381.96,238.51,1,1,1.000000
1724166885057839400,7,189.85,605.26,277.18,114.86,1,1,1.000000
1724166885136252800,2,40.39,127.87,492.98,168.22,1,1,1.000000
1724166885136252800,6,0.19,269.56,366.94,249.31,1,1,1.000000
1724166885136252800,7,274.76,607.20,171.38,112.39,1,1,1.000000
1724166885181154500,2,36.78,126.81,489.58,162.49,1,1,1.000000
1724166885181154500,6,0.00,286.10,335.50,240.86,1,1,1.000000
1724166885209954200,2,33.34,127.41,486.15,150.99,1,1,1.000000
1724166885209954200,6,0.87,317.91,292.80,155.00,1,1,1.000000
1724166885255645700,2,25.15,127.56,479.08,145.24,1,1,1.000000
1724166885255645700,6,0.79,304.40,282.06,177.32,1,1,1.000000
1724166885299985100,2,17.38,127.06,475.23,142.50,1,1,1.000000
1724166885299985100,6,0.61,288.32,274.77,218.34,1,1,1.000000
1724166885378876000,2,10.24,123.95,468.08,144.99,1,1,1.000000
1724166885378876000,6,1.03,279.40,226.27,247.67,1,1,1.000000
1724166885409316400,2,3.19,122.88,460.18,146.56,1,1,1.000000
1724166885409316400,6,0.62,279.42,198.55,267.21,1,1,1.000000
1724166885454661400,2,1.83,123.63,445.18,146.19,1,1,1.000000
1724166885454661400,6,0.07,291.79,137.98,180.69,1,1,1.000000
1724166885501983500,2,0.82,124.85,434.69,141.27,1,1,1.000000
1724166885501983500,6,0.11,315.69,108.58,268.71,1,1,1.000000
1724166885575514100,2,0.41,130.08,418.19,128.55,1,1,1.000000
1724166885575514100,6,0.12,389.23,111.49,147.83,1,1,1.000000
1724166885652066500,2,0.74,135.34,412.60,117.65,1,1,1.000000
1724166885652066500,6,0.00,413.62,123.79,153.04,1,1,1.000000
1724166885652066500,10,0.03,413.64,122.54,240.62,1,1,1.000000
1724166885697014000,2,1.06,140.51,411.31,112.16,1,1,1.000000
1724166885697014000,6,0.13,439.15,117.32,163.34,1,1,1.000000
1724166885774157400,2,1.08,145.58,407.03,109.00,1,1,1.000000
1724166885774157400,6,0.45,458.86,110.11,162.89,1,1,1.000000
1724166885819138600,2,0.72,147.73,400.36,109.78,1,1,1.000000
1724166885819138600,6,0.00,484.83,103.93,145.27,1,1,1.000000
1724166885851612100,2,0.06,149.52,388.07,108.67,1,1,1.000000
1724166885851612100,6,0.13,505.40,93.58,142.34,1,1,1.000000
1724166885896771200,2,0.15,152.72,367.61,106.34,1,1,1.000000
1724166885896771200,6,0.00,523.45,88.31,144.86,1,1,1.000000
1724166885971669400,2,0.00,154.33,341.72,107.48,1,1,1.000000
1724166885971669400,6,0.17,575.06,71.94,117.19,1,1,1.000000
1724166886019073700,2,0.00,160.10,321.76,106.47,1,1,1.000000
1724166886062105100,2,0.00,161.96,305.59,112.63,1,1,1.000000
1724166886096891300,2,0.00,165.88,287.77,113.84,1,1,1.000000
1724166886173109300,2,0.00,171.85,273.01,112.14,1,1,1.000000
1724166886217082600,2,0.39,175.77,262.96,113.30,1,1,1.000000
1724166886261262800,2,0.41,182.43,258.26,108.02,1,1,1.000000
1724166886290981300,2,0.57,189.39,253.29,104.09,1,1,1.000000
1724166886338596500,2,0.60,205.28,244.58,93.33,1,1,1.000000
1724166886415663000,2,0.56,208.77,235.57,92.71,1,1,1.000000
1724166886461584000,2,0.24,216.31,223.99,88.57,1,1,1.000000
1724166886491102700,2,0.24,222.20,207.58,84.20,1,1,1.000000
1724166886539624800,2,0.31,226.86,190.74,83.77,1,1,1.000000
1724166886615800100,2,0.24,231.41,174.93,82.45,1,1,1.000000
1724166886658814300,2,0.00,239.64,154.58,76.24,1,1,1.000000
1724166886689909600,2,0.43,237.58,137.66,84.94,1,1,1.000000
1724166886735308200,2,0.34,240.59,120.81,87.95,1,1,1.000000
1724166886783353300,2,0.52,244.65,108.51,86.59,1,1,1.000000
1724166886855310700,2,0.18,247.52,91.83,87.68,1,1,1.000000
1724166886901233100,2,0.34,251.28,80.94,87.63,1,1,1.000000
1724166886976090300,2,0.16,252.47,68.32,86.72,1,1,1.000000
1724166887023185600,2,0.47,250.41,55.76,88.49,1,1,1.000000
1724166887051453700,2,0.52,250.56,46.40,89.88,1,1,1.000000
1724166901609657000,11,0.27,592.68,127.62,81.88,1,1,1.000000
1724166901655624300,11,0.45,581.05,175.29,96.48,1,1,1.000000
1724166901700143800,11,0.43,563.59,208.91,116.87,1,1,1.000000
1724166901730097100,11,0.67,552.80,243.23,127.01,1,1,1.000000
1724166901777227500,11,0.00,517.20,280.54,156.62,1,1,1.000000
1724166901852381900,11,0.07,511.79,311.26,161.15,1,1,1.000000
1724166901895535700,11,0.08,508.14,348.02,163.20,1,1,1.000000
1724166901942411800,11,0.17,510.50,387.02,161.76,1,1,1.000000
1724166902017084600,11,0.60,517.19,417.65,159.64,1,1,1.000000
1724166902047562600,11,0.32,523.53,446.60,156.90,1,1,1.000000
1724166902092172500,11,1.33,536.40,486.41,148.60,1,1,1.000000
1724166902139752400,11,2.03,530.84,515.27,158.82,1,1,1.000000
1724166902212850400,11,2.93,503.04,552.73,195.03,1,1,1.000000
1724166902259478200,11,55.18,515.76,538.25,197.33,1,1,1.000000
1724166902290949300,11,75.78,542.88,549.78,177.02,1,1,1.000000
1724166902381315100,11,130.37,564.18,523.24,155.27,1,1,1.000000
1724166902410965300,11,190.31,575.84,487.51,143.67,1,1,1.000000
1724166902458896200,11,244.25,578.32,462.24,141.24,1,1,1.000000
1724166902501851500,11,303.29,563.00,430.95,156.52,1,1,1.000000
1724166902579767900,11,356.32,554.45,399.12,164.72,1,1,1.000000
1724166902611803800,11,396.71,551.28,385.43,167.90,1,1,1.000000
1724166902657014900,11,456.51,566.99,338.54,152.39,1,1,1.000000
1724166902701889500,11,490.88,591.99,322.04,127.67,1,1,1.000000
1724166902776680900,11,518.93,611.68,311.13,108.55,1,1,1.000000
1724166902823928700,11,557.80,635.05,300.44,84.98,1,1,1.000000
1724166902855026700,11,619.52,640.67,239.76,79.32,1,1,1.000000
1724166902898669000,11,661.65,625.47,196.75,94.30,1,1,1.000000
1724166902975675800,11,698.44,624.10,168.96,95.38,1,1,1.000000
1724166902975675800,12,0.82,72.86,138.70,99.99,1,1,1.000000
1724166903021486200,12,0.00,60.33,211.42,118.22,1,1,1.000000
1724166903100593000,12,0.00,56.94,266.07,122.16,1,1,1.000000
1724166903129541600,12,0.00,46.53,282.58,142.99,1,1,1.000000
1724166903221451000,12,0.00,54.00,321.28,132.10,1,1,1.000000
1724166903251165500,12,0.00,53.62,379.02,133.22,1,1,1.000000
1724166903295801800,12,0.41,54.32,397.42,129.60,1,1,1.000000
1724166903344911900,12,0.94,55.31,439.01,125.72,1,1,1.000000
1724166903419317800,12,0.00,53.30,513.79,130.21,1,1,1.000000
1724166903450226900,12,0.57,49.36,523.85,136.87,1,1,1.000000
1724166903497895900,12,28.58,43.62,540.79,136.36,1,1,1.000000
1724166903541816300,12,97.53,42.20,505.02,165.39,1,1,1.000000
1724166903620131200,12,170.69,31.15,479.87,157.77,1,1,1.000000
1724166903647775000,12,234.96,28.73,455.23,152.87,1,1,1.000000
1724166903696925600,12,306.29,35.48,430.28,114.98,1,1,1.000000
1724166903740824900,12,363.83,26.06,423.35,121.35,1,1,1.000000
1724166903816234300,12,414.40,22.71,435.60,120.80,1,1,1.000000
1724166903846466200,12,467.13,22.38,444.57,118.91,1,1,1.000000
1724166903938050500,12,582.39,14.42,476.89,116.78,1,1,1.000000
1724166904017106900,12,652.96,10.63,466.48,120.28,1,1,1.000000
1724166904062066700,12,714.82,2.43,490.98,127.32,1,1,1.000000
1724166904093385200,12,755.80,0.73,522.93,126.82,1,1,1.000000
1724166904171513800,12,818.67,0.14,460.26,126.92,1,1,1.000000
1724166904171513800,13,0.51,453.76,91.87,87.30,1,1,1.000000
1724166904214390400,12,870.45,0.07,408.82,126.48,1,1,1.000000
1724166904214390400,13,0.34,454.46,106.66,109.99,1,1,1.000000
1724166904259282700,12,924.59,0.00,354.88,116.22,1,1,1.000000
1724166904259282700,13,0.34,457.05,117.01,118.43,1,1,1.000000
1724166904292255300,12,981.08,0.00,299.62,111.93,1,1,1.000000
1724166904292255300,13,0.56,459.48,115.98,124.29,1,1,1.000000
1724166904335319300,12,1033.74,0.00,246.75,95.07,1,1,1.000000
1724166904335319300,13,0.41,469.53,116.41,118.53,1,1,1.000000
1724166904412578100,12,1076.91,0.00,204.16,90.43,1,1,1.000000
1724166904412578100,13,0.44,480.23,110.42,115.77,1,1,1.000000
1724166904457546200,12,1113.59,0.63,166.91,84.80,1,1,1.000000
1724166904457546200,13,0.47,497.24,99.37,94.62,1,1,1.000000
1724166904487841400,12,1146.31,0.08,133.79,85.13,1,1,1.000000
1724166906089666200,15,1236.50,372.35,43.45,61.25,1,1,1.000000
1724166906138038700,15,1226.03,377.84,53.92,59.10,1,1,1.000000
1724166906214949700,15,1214.03,372.55,65.42,61.72,1,1,1.000000
1724166906258926700,15,1202.04,369.27,77.48,69.07,1,1,1.000000
1724166906289318200,15,1195.73,366.82,83.88,73.54,1,1,1.000000
1724166906383780300,15,1185.25,365.30,94.44,76.71,1,1,1.000000
1724166906414559300,15,1178.55,366.75,101.09,81.18,1,1,1.000000
1724166906457977900,15,1170.77,369.41,108.61,83.21,1,1,1.000000
1724166906504708300,15,1166.29,374.80,113.24,83.83,1,1,1.000000
1724166906576860000,15,1154.33,378.89,125.38,93.38,1,1,1.000000
1724166906611598200,15,1152.24,383.72,127.62,100.68,1,1,1.000000
1724166906653561300,15,1142.72,390.21,136.86,103.47,1,1,1.000000
1724166906698346000,15,1133.31,396.58,146.12,112.01,1,1,1.000000
1724166906775243600,15,1112.65,412.35,167.21,113.46,1,1,1.000000
1724166906898732800,15,1093.55,417.88,186.37,121.50,1,1,1.000000
1724166906943812000,15,1069.67,425.70,209.88,121.64,1,1,1.000000
1724166907016851600,15,1057.83,438.54,222.17,118.53,1,1,1.000000
1724166907061384400,15,1046.70,442.05,233.14,122.33,1,1,1.000000
1724166907138548700,15,1029.37,447.13,250.26,138.56,1,1,1.000000
1724166907213303500,15,1023.95,453.90,255.47,139.06,1,1,1.000000
1724166907261069000,15,1010.21,460.51,269.07,143.33,1,1,1.000000
1724166907290384300,15,1000.11,465.97,279.61,143.37,1,1,1.000000
1724166907337824900,15,991.44,467.30,288.84,150.29,1,1,1.000000
1724166907415293200,15,977.62,471.10,302.27,148.88,1,1,1.000000
1724166907457105100,15,960.05,478.47,319.72,146.12,1,1,1.000000
1724166907488135200,15,955.39,479.83,324.75,143.17,1,1,1.000000
1724166907581554800,15,939.02,482.02,341.44,146.12,1,1,1.000000
1724166907610400700,15,933.41,492.11,346.73,151.81,1,1,1.000000
1724166907655271100,15,920.17,496.21,359.65,156.24,1,1,1.000000
1724166907703113500,15,911.47,496.85,368.43,154.90,1,1,1.000000
1724166907775957200,15,890.43,484.43,389.43,150.05,1,1,1.000000
1724166907856174800,15,875.57,477.96,403.64,147.60,1,1,1.000000
1724166907901549300,15,863.80,468.55,415.44,163.26,1,1,1.000000
1724166907932638200,15,846.28,463.74,433.60,147.00,1,1,1.000000
1724166908007184100,15,832.80,461.08,446.82,128.00,1,1,1.000000
1724166908053321400,15,820.38,459.21,460.31,115.06,1,1,1.000000
1724166908096404200,15,805.52,457.30,474.40,117.19,1,1,1.000000
1724166908127471900,15,799.29,453.30,467.35,116.49,1,1,1.000000
1724166908218335600,15,784.14,446.31,493.69,120.24,1,1,1.000000
1724166908250188100,15,771.98,441.06,503.84,132.69,1,1,1.000000
1724166908295181600,15,753.37,441.31,512.92,135.24,1,1,1.000000
1724166908372063200,15,737.43,440.84,492.96,136.34,1,1,1.000000
1724166908418334100,15,713.13,444.44,469.01,135.73,1,1,1.000000
1724166908448206400,15,695.44,439.93,443.28,142.67,1,1,1.000000
1724166908542215500,15,656.06,413.16,407.34,174.13,1,1,1.000000
1724166908618061500,15,640.53,415.00,385.98,184.71,1,1,1.000000
1724166908652318700,15,620.94,435.12,393.42,180.23,1,1,1.000000
1724166908694427800,15,606.04,451.88,400.82,181.19,1,1,1.000000
1724166908741086300,15,591.03,468.39,394.88,177.22,1,1,1.000000
1724166908817451200,15,566.89,472.58,383.48,191.14,1,1,1.000000
1724166908850625500,15,540.75,460.22,366.04,218.18,1,1,1.000000
1724166908938688200,15,491.53,446.66,351.97,272.28,1,1,1.000000
1724166909016401000,15,482.43,451.38,335.63,267.83,1,1,1.000000
1724166909061275800,15,495.47,460.84,304.69,258.69,1,1,1.000000
1724166909098270900,15,496.60,491.27,303.12,228.02,1,1,1.000000
1724166909136984800,15,511.01,521.32,276.49,197.96,1,1,1.000000
1724166909213656800,15,539.51,563.81,178.15,155.67,1,1,1.000000
1724166909258303200,15,575.93,559.74,83.07,159.58,1,1,1.000000
1724166909290642100,15,590.51,593.36,66.78,126.33,1,1,1.000000
1724166910620153300,17,1223.27,517.36,56.57,91.56,1,1,1.000000
1724166910650990900,17,1208.90,515.08,70.68,102.44,1,1,1.000000
1724166910696342800,17,1195.57,514.37,84.45,113.26,1,1,1.000000
1724166910744377000,17,1181.28,514.94,98.61,121.29,1,1,1.000000
1724166910819309700,17,1167.40,511.94,112.52,132.80,1,1,1.000000
1724166910847928100,17,1147.99,515.95,131.79,139.95,1,1,1.000000
1724166910896070400,17,1136.54,518.17,142.91,147.43,1,1,1.000000
1724166910939104800,17,1126.11,523.16,153.63,156.61,1,1,1.000000
1724166911015199600,17,1117.18,529.49,162.83,169.32,1,1,1.000000
1724166911061921900,17,1102.39,534.95,177.57,173.25,1,1,1.000000
1724166911090953300,17,1069.64,537.73,210.80,181.34,1,1,1.000000
1724166911138849500,17,1038.36,547.98,241.40,170.60,1,1,1.000000
1724166911213330600,17,1022.73,551.85,257.22,167.41,1,1,1.000000
1724166911258008200,17,1000.20,561.81,279.63,157.29,1,1,1.000000
1724166911338049300,17,977.78,581.27,301.71,137.71,1,1,1.000000
1724166911381472500,17,962.20,600.42,317.22,118.84,1,1,1.000000
1724166911412482300,17,941.65,610.88,337.26,108.38,1,1,1.000000
1724166911458263800,17,923.22,617.34,356.26,102.43,1,1,1.000000
1724166911489098800,17,899.66,618.19,379.06,101.56,1,1,1.000000
1724166911583007800,17,902.49,614.31,376.26,105.47,1,1,1.000000
1724166911611928100,17,906.59,611.25,373.54,108.82,1,1,1.000000
1724166911655069100,17,904.83,616.85,375.67,103.25,1,1,1.000000
1724166911701452500,17,902.24,626.14,378.06,94.00,1,1,1.000000
1724166911774742700,17,905.18,633.86,375.23,86.04,1,1,1.000000
1724166911822784300,17,906.09,624.99,374.16,94.78,1,1,1.000000
1724166911853620600,17,912.68,609.52,354.63,110.05,1,1,1.000000
1724166911899253600,17,902.18,610.24,317.90,109.90,1,1,1.000000
1724166911974880700,17,917.77,662.97,296.85,56.78,1,1,1.000000
1724166912018146800,17,919.71,664.78,299.92,55.15,1,1,1.000000
1724166912049634200,17,940.02,688.30,271.76,31.36,1,1,1.000000
1724166912095397500,17,944.07,688.63,231.34,30.81,1,1,1.000000
1724166912171880700,17,950.79,672.70,174.33,46.85,1,1,1.000000
1724166912979384800,18,930.16,686.28,252.17,33.24,1,1,1.000000
1724166913052134900,18,932.25,668.63,257.79,51.25,1,1,1.000000
1724166913096614600,18,932.48,643.85,277.76,75.99,1,1,1.000000
1724166913142801900,18,925.44,626.51,313.92,93.43,1,1,1.000000
1724166913219905000,18,919.93,603.91,330.99,116.14,1,1,1.000000
1724166913251881100,18,915.34,588.43,328.50,131.57,1,1,1.000000
1724166913299361200,18,911.35,569.68,328.54,150.75,1,1,1.000000
1724166913376191300,18,905.86,558.10,328.04,162.17,1,1,1.000000
1724166913419708600,18,900.07,546.83,365.26,173.38,1,1,1.000000
1724166913450841200,18,890.77,538.91,387.64,180.95,1,1,1.000000
1724166913495930300,18,888.34,535.66,391.14,184.67,1,1,1.000000
1724166913541428600,18,882.30,532.77,396.96,187.45,1,1,1.000000
1724166913620939000,18,873.38,528.45,406.02,191.83,1,1,1.000000
1724166913648479800,18,865.31,524.25,414.20,196.23,1,1,1.000000
1724166913697758000,18,860.55,520.48,419.63,199.64,1,1,1.000000
1724166913739819800,18,858.04,518.13,421.65,200.14,1,1,1.000000
1724166913815934700,18,853.62,515.51,426.13,204.02,1,1,1.000000
1724166913861620400,18,847.60,507.60,432.25,212.50,1,1,1.000000
1724166913893974200,18,840.89,502.97,438.60,216.74,1,1,1.000000
1724166913941971000,18,830.46,503.42,448.67,209.07,1,1,1.000000
1724166914014337100,18,819.96,505.59,458.95,166.40,1,1,1.000000
1724166914061589100,18,807.73,510.81,467.45,141.34,1,1,1.000000
1724166914090066600,18,798.00,513.73,467.69,125.18,1,1,1.000000
1724166914170544700,18,788.55,516.42,446.30,122.94,1,1,1.000000
1724166914215026600,18,780.74,519.18,436.34,120.07,1,1,1.000000
1724166914259626900,18,770.76,519.27,434.02,121.12,1,1,1.000000
1724166914288962800,18,763.50,519.84,432.51,122.14,1,1,1.000000
1724166914335730200,18,754.04,521.56,430.35,120.88,1,1,1.000000
1724166914410541500,18,740.55,524.88,435.60,117.92,1,1,1.000000
1724166914459969400,18,730.75,526.00,445.62,119.30,1,1,1.000000
1724166914488798800,18,719.88,528.56,462.37,120.22,1,1,1.000000
1724166914578598200,18,706.92,531.56,473.97,119.93,1,1,1.000000
1724166914610745700,18,696.35,535.95,457.87,117.42,1,1,1.000000
1724166914657097300,18,685.67,527.78,453.64,129.29,1,1,1.000000
1724166914702610100,18,678.58,521.15,435.50,136.74,1,1,1.000000
1724166914776613600,18,670.87,521.11,435.72,142.02,1,1,1.000000
1724166914808715800,18,663.68,530.86,428.45,131.23,1,1,1.000000
1724166914856636700,18,656.91,535.75,424.15,122.05,1,1,1.000000
1724166914900449500,18,651.81,533.89,455.98,120.81,1,1,1.000000
1724166914977896100,18,641.43,533.13,477.86,122.98,1,1,1.000000
1724166915021329800,18,634.61,533.76,501.26,135.26,1,1,1.000000
1724166915054007800,18,619.51,533.87,517.54,144.56,1,1,1.000000
1724166915098841300,18,606.44,534.54,519.18,150.07,1,1,1.000000
1724166915177970300,18,596.31,535.53,508.16,138.73,1,1,1.000000
1724166915220253000,18,581.63,534.28,500.99,119.56,1,1,1.000000
1724166915251677100,18,571.65,532.07,485.24,111.51,1,1,1.000000
1724166915296010400,18,559.41,527.50,478.72,108.17,1,1,1.000000
1724166915345849200,18,545.69,523.28,478.87,112.24,1,1,1.000000
1724166915418157500,18,527.69,516.93,481.84,111.47,1,1,1.000000
1724166915447791800,18,512.23,513.65,481.02,110.70,1,1,1.000000
1724166915492759800,18,496.53,506.95,482.43,111.42,1,1,1.000000
1724166915539991900,18,479.39,503.80,500.85,115.85,1,1,1.000000
1724166915619291500,18,463.36,501.09,503.99,124.50,1,1,1.000000
1724166915647389000,18,446.90,498.57,513.35,132.13,1,1,1.000000
1724166915692205200,18,431.39,498.54,509.34,128.08,1,1,1.000000
1724166915738010400,18,416.43,500.39,501.99,128.53,1,1,1.000000
1724166915816162400,18,406.99,507.49,494.80,128.46,1,1,1.000000
1724166915860370100,18,401.94,512.92,487.78,128.89,1,1,1.000000
1724166915889627000,18,395.70,519.07,477.09,129.78,1,1,1.000000
1724166915936309000,18,390.07,523.50,470.74,134.18,1,1,1.000000
1724166915981041100,18,387.81,518.94,467.57,146.30,1,1,1.000000
1724166916056690700,18,387.00,507.65,472.42,155.15,1,1,1.000000
1724166916087645700,18,388.29,497.84,472.27,156.09,1,1,1.000000
1724166916137289500,18,391.33,488.80,505.70,165.91,1,1,1.000000
1724166916180402000,18,399.00,480.87,517.51,194.41,1,1,1.000000
1724166916256465500,18,406.16,467.20,533.25,224.19,1,1,1.000000
1724166916334058600,18,429.79,446.39,526.47,236.75,1,1,1.000000
1724166916408644900,18,445.97,436.60,508.66,229.71,1,1,1.000000
1724166916456502600,18,462.28,419.90,509.37,209.93,1,1,1.000000
1724166916500266200,18,477.51,403.50,503.75,198.84,1,1,1.000000
1724166916574622000,18,495.89,385.12,498.64,195.28,1,1,1.000000
1724166916620534000,18,505.86,371.19,490.50,189.60,1,1,1.000000
1724166916653925600,18,512.54,356.78,487.54,195.01,1,1,1.000000
1724166916653925600,20,0.51,415.35,260.29,170.70,1,1,1.000000
1724166916697307600,18,530.28,345.71,489.12,218.81,1,1,1.000000
1724166916697307600,20,1.11,390.11,314.86,212.24,1,1,1.000000
1724166916775222100,18,557.84,311.76,459.88,246.12,1,1,1.000000
1724166916775222100,20,0.96,346.19,391.17,248.90,1,1,1.000000
1724166916850899000,18,590.56,278.64,415.31,245.38,1,1,1.000000
1724166916850899000,20,0.41,311.73,407.35,302.77,1,1,1.000000
1724166916897044500,18,591.92,250.31,400.24,229.82,1,1,1.000000
1724166916897044500,20,0.06,304.35,403.14,305.77,1,1,1.000000
1724166916941316200,18,606.90,232.41,338.09,240.08,1,1,1.000000
1724166916941316200,20,2.36,296.56,373.95,310.56,1,1,1.000000
1724166917016770100,18,616.82,214.26,282.23,267.68,1,1,1.000000
1724166917016770100,20,1.74,284.40,378.34,347.93,1,1,1.000000
1724166917047618800,18,618.26,199.51,248.04,300.75,1,1,1.000000
1724166917047618800,20,0.51,270.36,386.40,361.42,1,1,1.000000
1724166917093558700,18,619.80,185.14,212.55,322.68,1,1,1.000000
1724166917093558700,20,1.02,261.97,393.51,421.00,1,1,1.000000
1724166917139502400,18,617.27,171.89,175.02,326.23,1,1,1.000000
1724166917139502400,20,54.95,253.74,342.32,423.92,1,1,1.000000
1724166917214885800,18,603.95,162.28,137.78,326.27,1,1,1.000000
1724166917214885800,20,124.75,257.77,268.95,445.19,1,1,1.000000
1724166917261053800,18,582.03,156.79,126.07,299.25,1,1,1.000000
1724166917261053800,20,168.31,245.22,221.62,454.72,1,1,1.000000
1724166917291593800,18,557.83,143.51,142.54,288.36,1,1,1.000000
1724166917291593800,20,201.00,253.25,186.54,421.00,1,1,1.000000
1724166917336741300,18,528.99,151.25,164.46,259.70,1,1,1.000000
1724166917336741300,20,177.13,256.76,206.21,389.79,1,1,1.000000
1724166917382179200,18,491.63,153.17,191.45,223.19,1,1,1.000000
1724166917382179200,20,142.87,258.51,238.68,339.51,1,1,1.000000
1724166917461003800,18,469.47,151.37,204.64,241.39,1,1,1.000000
1724166917461003800,20,91.05,240.10,290.07,344.61,1,1,1.000000
1724166917489213000,18,445.73,149.77,218.15,237.86,1,1,1.000000
1724166917489213000,20,56.83,251.76,322.41,285.79,1,1,1.000000
1724166917568792200,18,414.98,150.28,246.41,220.23,1,1,1.000000
1724166917568792200,20,11.45,250.36,375.35,219.06,1,1,1.000000
1724166917612740400,18,392.83,145.52,274.24,195.25,1,1,1.000000
1724166917612740400,20,5.76,249.06,394.80,203.42,1,1,1.000000
1724166917657692900,18,383.40,141.92,287.70,200.06,1,1,1.000000
1724166917657692900,20,1.71,241.79,411.41,241.37,1,1,1.000000
1724166917689956700,18,368.20,136.98,305.26,194.00,1,1,1.000000
1724166917689956700,20,0.40,236.74,423.82,248.00,1,1,1.000000
1724166917779864400,18,359.68,130.39,312.61,185.53,1,1,1.000000
1724166917779864400,20,0.22,230.44,424.10,229.61,1,1,1.000000
1724166917809861700,18,347.97,124.58,317.89,180.62,1,1,1.000000
1724166917809861700,20,0.23,224.52,412.05,212.87,1,1,1.000000
1724166917854754100,18,335.56,120.68,325.75,176.54,1,1,1.000000
1724166917854754100,20,0.56,219.75,397.69,213.16,1,1,1.000000
1724166917901161900,18,325.17,116.56,329.11,169.19,1,1,1.000000
1724166917901161900,20,0.56,214.53,362.34,228.76,1,1,1.000000
1724166917932450700,18,315.13,112.12,329.82,166.91,1,1,1.000000
1724166917932450700,20,0.38,208.75,344.30,243.55,1,1,1.000000
1724166917977159200,18,297.00,108.30,340.38,168.74,1,1,1.000000
1724166917977159200,20,0.58,203.34,311.12,246.39,1,1,1.000000
1724166918053328400,18,278.46,101.23,346.69,185.74,1,1,1.000000
1724166918053328400,20,0.55,200.95,273.36,243.67,1,1,1.000000
1724166918098023800,18,262.13,98.05,347.10,183.69,1,1,1.000000
1724166918098023800,20,0.94,196.82,252.27,229.89,1,1,1.000000
1724166918174480600,18,246.33,92.23,349.80,179.17,1,1,1.000000
1724166918174480600,20,0.70,195.01,257.91,216.35,1,1,1.000000
1724166918219847500,18,230.16,84.33,349.84,171.15,1,1,1.000000
1724166918219847500,20,0.73,190.55,282.64,214.43,1,1,1.000000
1724166918249392100,18,211.69,74.24,370.22,162.69,1,1,1.000000
1724166918249392100,20,0.34,198.19,287.17,194.04,1,1,1.000000
1724166918295855900,18,191.26,64.22,388.77,162.73,1,1,1.000000
1724166918295855900,20,0.34,191.25,285.46,185.04,1,1,1.000000
1724166918341039400,18,182.12,53.15,396.44,162.93,1,1,1.000000
1724166918341039400,20,0.00,185.66,276.06,176.42,1,1,1.000000
1724166918421379100,18,173.66,35.29,397.09,162.41,1,1,1.000000
1724166918421379100,20,0.26,171.61,259.11,178.75,1,1,1.000000
1724166918451392600,18,159.19,17.75,416.09,173.15,1,1,1.000000
1724166918451392600,20,0.00,157.44,251.44,161.18,1,1,1.000000
1724166918496736400,18,151.67,0.57,424.34,179.20,1,1,1.000000
1724166918496736400,20,0.00,143.01,243.81,170.11,1,1,1.000000
1724166918572704000,18,171.17,0.03,400.31,143.56,1,1,1.000000
1724166918572704000,20,0.00,103.49,236.33,164.04,1,1,1.000000
1724166918650260300,18,198.73,0.00,368.29,127.72,1,1,1.000000
1724166918650260300,20,0.23,87.53,229.76,142.45,1,1,1.000000
1724166918695641300,18,228.11,0.00,336.86,105.18,1,1,1.000000
1724166918695641300,20,0.00,69.50,236.45,152.76,1,1,1.000000
1724166918695641300,21,0.30,126.39,155.03,96.54,1,1,1.000000
1724166918739360200,18,262.56,0.09,304.61,87.60,1,1,1.000000
1724166918739360200,20,0.00,48.03,247.89,157.14,1,1,1.000000
1724166918739360200,21,0.00,119.39,168.36,99.70,1,1,1.000000
1724166918815103300,18,328.44,0.06,241.77,55.15,1,1,1.000000
1724166918815103300,20,0.00,37.40,259.75,151.45,1,1,1.000000
1724166918815103300,21,0.00,101.06,178.04,111.90,1,1,1.000000
1724166918861401900,18,380.50,0.06,215.30,63.55,1,1,1.000000
1724166918861401900,20,0.00,20.54,270.53,146.09,1,1,1.000000
1724166918861401900,21,0.38,99.24,196.78,112.16,1,1,1.000000
1724166918890591200,20,0.00,2.06,280.09,154.83,1,1,1.000000
1724166918890591200,21,0.06,94.28,207.13,109.04,1,1,1.000000
1724166918890591200,22,0.27,303.41,175.01,89.87,1,1,1.000000
1724166918983693200,20,0.00,0.54,287.62,144.63,1,1,1.000000
1724166918983693200,21,0.12,91.29,214.63,109.23,1,1,1.000000
1724166918983693200,22,0.27,293.70,219.34,96.16,1,1,1.000000
1724166919012569200,20,0.00,0.41,290.96,139.92,1,1,1.000000
1724166919012569200,21,0.51,98.38,220.49,101.81,1,1,1.000000
1724166919012569200,22,0.57,285.52,260.75,102.58,1,1,1.000000
1724166919057863900,20,0.00,0.48,292.75,134.38,1,1,1.000000
1724166919057863900,21,0.69,98.09,224.38,103.49,1,1,1.000000
1724166919057863900,22,0.36,273.45,302.50,119.66,1,1,1.000000
1724166919057863900,23,588.00,636.47,110.55,83.50,1,1,1.000000
1724166919088409900,20,0.26,0.41,292.73,126.08,1,1,1.000000
1724166919088409900,21,0.48,94.27,234.55,104.23,1,1,1.000000
1724166919088409900,22,0.12,272.23,339.71,121.03,1,1,1.000000
1724166919088409900,23,596.75,624.71,127.57,95.34,1,1,1.000000
1724166919178850600,20,0.77,0.20,289.42,115.11,1,1,1.000000
1724166919178850600,21,0.14,84.51,246.76,116.58,1,1,1.000000
1724166919178850600,22,1.19,273.04,396.62,112.05,1,1,1.000000
1724166919178850600,23,617.08,602.16,144.31,118.13,1,1,1.000000
1724166919254951300,20,0.88,0.00,286.13,109.20,1,1,1.000000
1724166919254951300,21,0.00,86.56,246.96,120.23,1,1,1.000000
1724166919254951300,22,0.58,272.63,433.26,108.67,1,1,1.000000
1724166919254951300,23,626.84,592.65,147.82,127.28,1,1,1.000000
1724166919254951300,24,0.00,562.38,97.36,157.20,1,1,1.000000
1724166919254951300,25,28.53,491.83,159.84,173.45,1,1,1.000000
1724166919300387700,20,0.40,0.00,283.55,101.84,1,1,1.000000
1724166919300387700,21,0.12,87.48,248.61,120.52,1,1,1.000000
1724166919300387700,22,1.11,273.20,461.03,109.16,1,1,1.000000
1724166919300387700,23,637.73,585.93,149.96,134.22,1,1,1.000000
1724166919300387700,24,0.00,534.27,148.92,185.53,1,1,1.000000
1724166919300387700,25,31.52,484.58,181.99,176.14,1,1,1.000000
1724166919377591600,20,0.46,0.03,275.45,96.89,1,1,1.000000
1724166919377591600,21,0.28,93.96,246.52,119.78,1,1,1.000000
1724166919377591600,22,4.47,275.59,476.11,111.67,1,1,1.000000
1724166919377591600,23,642.16,580.95,156.61,138.96,1,1,1.000000
1724166919377591600,24,0.00,499.50,213.16,219.56,1,1,1.000000
1724166919377591600,25,117.73,484.44,109.43,174.32,1,1,1.000000
1724166919423517400,20,0.35,0.00,265.94,91.57,1,1,1.000000
1724166919423517400,21,0.00,99.79,241.51,118.87,1,1,1.000000
1724166919423517400,22,20.49,277.49,477.23,128.89,1,1,1.000000
1724166919423517400,23,643.22,580.37,156.49,139.44,1,1,1.000000
1724166919423517400,24,0.00,481.18,257.91,238.59,1,1,1.000000
1724166919453069400,20,0.15,0.00,252.89,90.69,1,1,1.000000
1724166919453069400,21,0.00,104.77,227.30,123.62,1,1,1.000000
1724166919453069400,22,47.81,284.29,466.21,129.24,1,1,1.000000
1724166919453069400,23,643.03,586.35,156.51,133.25,1,1,1.000000
1724166919453069400,24,0.05,479.42,311.64,240.66,1,1,1.000000
1724166919497559300,20,0.00,0.00,236.83,84.07,1,1,1.000000
1724166919497559300,21,0.22,114.37,202.70,120.09,1,1,1.000000
1724166919497559300,22,59.80,290.89,466.93,132.31,1,1,1.000000
1724166919497559300,23,636.07,596.76,160.14,122.77,1,1,1.000000
1724166919497559300,24,0.00,490.78,345.06,229.09,1,1,1.000000
1724166919575929700,20,0.16,0.00,219.35,78.18,1,1,1.000000
1724166919575929700,21,0.00,128.23,183.41,116.73,1,1,1.000000
1724166919575929700,22,86.66,297.35,451.13,135.79,1,1,1.000000
1724166919575929700,23,627.23,609.69,162.77,109.79,1,1,1.000000
1724166919575929700,24,0.00,509.06,374.19,209.38,1,1,1.000000
1724166919619015400,20,0.35,0.00,193.05,77.45,1,1,1.000000
1724166919619015400,21,0.23,142.72,150.58,115.11,1,1,1.000000
1724166919619015400,22,108.48,306.20,432.67,143.27,1,1,1.000000
1724166919619015400,23,614.31,621.89,167.45,97.75,1,1,1.000000
1724166919619015400,24,0.00,515.24,408.84,204.40,1,1,1.000000
1724166919652195300,20,0.22,0.00,170.20,74.74,1,1,1.000000
1724166919652195300,21,0.29,155.06,124.69,114.76,1,1,1.000000
1724166919652195300,22,129.40,316.80,419.29,137.45,1,1,1.000000
1724166919652195300,23,595.62,633.07,181.95,86.75,1,1,1.000000
1724166919652195300,24,0.00,518.19,425.46,201.48,1,1,1.000000
1724166919696814600,20,0.00,0.13,147.56,68.31,1,1,1.000000
1724166919696814600,21,0.00,165.92,92.07,111.02,1,1,1.000000
1724166919696814600,22,142.55,330.57,405.72,134.04,1,1,1.000000
1724166919696814600,23,591.79,647.90,183.25,71.50,1,1,1.000000
1724166919696814600,24,0.00,518.01,448.28,201.64,1,1,1.000000
1724166919770771200,22,137.42,338.06,427.81,136.84,1,1,1.000000
1724166919770771200,23,573.56,655.44,196.41,64.38,1,1,1.000000
1724166919770771200,24,0.00,520.59,476.91,199.48,1,1,1.000000
1724166919816747000,22,128.98,342.73,451.61,139.59,1,1,1.000000
1724166919816747000,23,565.74,659.72,201.37,60.15,1,1,1.000000
1724166919816747000,24,0.00,522.41,504.69,195.99,1,1,1.000000
1724166919861961500,22,125.70,345.84,473.43,139.07,1,1,1.000000
1724166919861961500,23,548.66,660.80,222.39,58.95,1,1,1.000000
1724166919861961500,24,0.12,521.33,531.59,190.02,1,1,1.000000
1724166919891878200,22,129.48,346.95,477.79,150.89,1,1,1.000000
1724166919891878200,23,538.66,661.65,242.32,57.96,1,1,1.000000
1724166919891878200,24,1.10,520.81,547.12,171.73,1,1,1.000000
1724166919891878200,27,88.97,643.93,128.72,75.85,1,1,1.000000
1724166919967543800,22,142.54,355.23,470.96,162.85,1,1,1.000000
1724166919967543800,23,537.15,663.19,241.16,56.45,1,1,1.000000
1724166919967543800,24,0.99,521.42,580.88,168.71,1,1,1.000000
1724166919967543800,27,87.11,651.40,120.46,68.55,1,1,1.000000
1724166920015836600,22,159.64,357.49,457.54,168.58,1,1,1.000000
1724166920015836600,23,520.55,664.32,255.45,55.17,1,1,1.000000
1724166920015836600,24,1.19,517.14,603.52,187.35,1,1,1.000000
1724166920015836600,29,1109.85,639.68,153.15,79.93,1,1,1.000000
1724166920059467200,22,175.94,356.82,453.57,173.60,1,1,1.000000
1724166920059467200,23,511.37,664.69,293.76,54.80,1,1,1.000000
1724166920059467200,24,1.72,515.73,640.52,194.98,1,1,1.000000
1724166920059467200,27,81.53,654.75,126.28,65.78,1,1,1.000000
1724166920059467200,29,1116.35,629.17,156.97,90.67,1,1,1.000000
1724166920087580900,22,207.01,358.09,429.42,157.23,1,1,1.000000
1724166920087580900,23,498.57,659.63,297.28,59.82,1,1,1.000000
1724166920087580900,24,34.18,512.02,634.17,207.32,1,1,1.000000
1724166920087580900,29,1126.26,620.87,152.32,98.89,1,1,1.000000
1724166920133106600,22,231.14,364.18,422.71,123.57,1,1,1.000000
1724166920133106600,23,498.04,649.48,295.25,70.09,1,1,1.000000
1724166920133106600,24,84.01,505.60,620.82,212.89,1,1,1.000000
1724166920133106600,29,1114.87,605.01,165.17,114.58,1,1,1.000000
1724166920209913800,22,255.39,361.12,419.77,114.40,1,1,1.000000
1724166920209913800,23,490.34,643.00,310.66,76.88,1,1,1.000000
1724166920209913800,24,150.44,499.13,600.12,176.11,1,1,1.000000
1724166920209913800,27,80.85,647.51,169.20,72.17,1,1,1.000000
1724166920209913800,29,1133.37,592.84,147.03,126.63,1,1,1.000000
1724166920253751700,22,298.60,352.01,402.48,108.49,1,1,1.000000
1724166920253751700,23,494.11,630.23,317.13,89.90,1,1,1.000000
1724166920253751700,24,209.08,489.27,575.15,160.79,1,1,1.000000
1724166920253751700,27,79.79,628.68,195.34,90.73,1,1,1.000000
1724166920253751700,29,1157.93,575.07,121.81,144.77,1,1,1.000000
1724166920298120700,22,354.54,346.37,380.35,106.83,1,1,1.000000
1724166920298120700,23,506.98,624.40,314.14,95.38,1,1,1.000000
1724166920298120700,24,286.63,483.72,533.66,129.84,1,1,1.000000
1724166920298120700,27,100.99,593.55,206.70,126.56,1,1,1.000000
1724166920298120700,29,1182.56,551.50,97.69,168.57,1,1,1.000000
1724166920378148500,22,435.87,332.48,372.51,109.19,1,1,1.000000
1724166920378148500,23,531.55,610.63,314.76,108.46,1,1,1.000000
1724166920378148500,24,427.76,468.29,504.71,111.65,1,1,1.000000
1724166920378148500,27,131.98,614.10,238.52,105.89,1,1,1.000000
1724166920452079800,22,487.42,319.20,353.31,112.16,1,1,1.000000
1724166920452079800,23,545.22,605.08,315.14,112.98,1,1,1.000000
1724166920452079800,24,474.62,459.48,508.86,113.14,1,1,1.000000
1724166920452079800,27,151.88,578.87,261.45,141.42,1,1,1.000000
1724166920499371600,22,511.41,313.39,363.33,110.72,1,1,1.000000
1724166920499371600,23,559.94,600.33,312.06,108.66,1,1,1.000000
1724166920499371600,24,526.00,448.48,515.39,111.35,1,1,1.000000
1724166920499371600,27,167.34,577.44,277.78,142.91,1,1,1.000000
1724166920527520100,22,531.43,306.07,383.37,113.39,1,1,1.000000
1724166920527520100,23,571.51,593.47,317.21,111.32,1,1,1.000000
1724166920527520100,24,591.84,438.16,515.77,117.61,1,1,1.000000
1724166920527520100,27,184.41,575.13,286.72,144.59,1,1,1.000000
1724166920573895600,22,550.53,298.09,390.95,117.04,1,1,1.000000
1724166920573895600,23,583.49,584.13,315.75,116.08,1,1,1.000000
1724166920573895600,24,631.86,425.05,546.58,120.60,1,1,1.000000
1724166920573895600,27,191.88,568.99,301.57,150.58,1,1,1.000000
1724166920650961500,22,570.36,289.60,423.30,120.44,1,1,1.000000
1724166920650961500,23,596.07,573.63,315.02,119.49,1,1,1.000000
1724166920650961500,24,661.42,409.73,585.50,123.99,1,1,1.000000
1724166920650961500,27,196.17,549.12,317.11,170.44,1,1,1.000000
1724166920696761200,22,715.64,286.32,312.42,98.03,1,1,1.000000
1724166920696761200,23,607.98,561.07,313.52,121.59,1,1,1.000000
1724166920696761200,24,670.10,390.54,607.74,138.02,1,1,1.000000
1724166920696761200,27,184.16,537.08,337.85,182.65,1,1,1.000000
1724166920741603100,22,753.34,279.65,320.39,98.80,1,1,1.000000
1724166920741603100,23,625.04,552.93,304.67,119.85,1,1,1.000000
1724166920741603100,24,790.80,380.31,488.51,139.39,1,1,1.000000
1724166920741603100,27,178.11,528.95,357.47,191.71,1,1,1.000000
1724166920817044800,22,779.53,271.67,328.77,102.12,1,1,1.000000
1724166920817044800,23,633.91,537.35,303.45,132.32,1,1,1.000000
1724166920817044800,24,846.54,365.26,433.33,155.79,1,1,1.000000
1724166920817044800,27,185.72,528.76,350.62,191.74,1,1,1.000000
1724166920817044800,34,0.14,348.99,155.43,94.05,1,1,1.000000
1724166920817044800,35,606.45,689.82,268.13,29.74,1,1,1.000000
1724166920862200600,22,817.18,267.08,373.29,112.35,1,1,1.000000
1724166920862200600,23,635.80,528.55,303.53,139.95,1,1,1.000000
1724166920862200600,24,887.16,362.94,392.73,148.93,1,1,1.000000
1724166920862200600,27,195.81,541.43,350.95,178.51,1,1,1.000000
1724166920862200600,34,0.09,342.29,162.08,99.26,1,1,1.000000
1724166920862200600,35,637.26,678.55,268.03,40.94,1,1,1.000000
1724166920862200600,38,0.24,405.84,189.50,149.48,1,1,1.000000
1724166920890480900,22,835.56,265.81,408.97,110.69,1,1,1.000000
1724166920890480900,23,643.70,528.83,303.26,140.38,1,1,1.000000
1724166920890480900,24,929.34,356.24,350.65,143.51,1,1,1.000000
1724166920890480900,27,211.00,564.44,356.56,155.85,1,1,1.000000
1724166920890480900,34,0.26,342.16,180.38,107.33,1,1,1.000000
1724166920890480900,35,651.56,681.69,277.44,37.74,1,1,1.000000
1724166920890480900,38,0.99,421.21,211.39,150.60,1,1,1.000000
1724166920890480900,40,0.00,87.44,96.63,125.59,1,1,1.000000
1724166920890480900,42,0.00,88.16,97.48,237.41,1,1,1.000000
1724166920969397900,22,847.94,262.91,375.27,111.86,1,1,1.000000
1724166920969397900,23,648.56,530.39,307.21,142.45,1,1,1.000000
1724166920969397900,24,973.19,342.28,306.92,143.00,1,1,1.000000
1724166920969397900,27,216.19,537.16,374.79,183.10,1,1,1.000000
1724166920969397900,34,1.13,333.50,191.18,109.08,1,1,1.000000
1724166920969397900,35,646.55,682.09,294.23,37.39,1,1,1.000000
1724166920969397900,38,0.76,421.37,233.33,159.71,1,1,1.000000
1724166920969397900,40,0.34,80.90,124.10,159.27,1,1,1.000000
1724166920969397900,42,0.83,206.84,109.27,123.56,1,1,1.000000
1724166921014958900,22,870.85,258.23,350.28,111.70,1,1,1.000000
1724166921014958900,23,647.85,529.75,313.58,143.48,1,1,1.000000
1724166921014958900,24,998.57,334.72,281.71,150.23,1,1,1.000000
1724166921014958900,27,204.98,537.76,396.40,182.63,1,1,1.000000
1724166921014958900,34,1.27,330.89,211.37,120.77,1,1,1.000000
1724166921014958900,35,647.97,682.57,318.72,37.07,1,1,1.000000
1724166921014958900,38,66.96,426.18,174.99,166.18,1,1,1.000000
1724166921014958900,40,0.29,72.90,134.04,178.79,1,1,1.000000
1724166921014958900,42,7.56,213.72,117.31,78.35,1,1,1.000000
1724166921014958900,49,0.17,428.84,90.16,168.85,1,1,1.000000
1724166921058304100,22,867.22,253.17,367.18,120.67,1,1,1.000000
1724166921058304100,23,633.33,538.85,322.60,137.85,1,1,1.000000
1724166921058304100,24,999.27,368.40,281.34,98.61,1,1,1.000000
1724166921058304100,27,163.76,539.96,440.40,180.91,1,1,1.000000
1724166921058304100,34,0.00,339.40,213.45,127.83,1,1,1.000000
1724166921058304100,35,676.76,677.06,322.17,42.49,1,1,1.000000
1724166921058304100,38,0.35,423.44,228.43,192.75,1,1,1.000000
1724166921058304100,40,0.26,80.33,129.34,165.48,1,1,1.000000
1724166921058304100,42,0.44,217.89,118.84,88.88,1,1,1.000000
1724166921134886700,22,859.70,249.65,362.67,111.20,1,1,1.000000
1724166921134886700,23,624.58,530.40,314.51,154.93,1,1,1.000000
1724166921134886700,24,1005.16,320.91,275.47,128.61,1,1,1.000000
1724166921134886700,27,138.14,550.89,465.86,169.64,1,1,1.000000
1724166921134886700,35,687.68,660.92,340.09,58.73,1,1,1.000000
1724166921134886700,38,0.29,381.60,205.51,256.57,1,1,1.000000
1724166921134886700,40,0.00,90.38,114.23,158.45,1,1,1.000000
1724166921134886700,42,0.05,221.06,99.92,73.30,1,1,1.000000
1724166921181983500,22,854.10,247.48,351.40,111.46,1,1,1.000000
1724166921181983500,23,599.40,529.37,312.05,171.18,1,1,1.000000
1724166921181983500,24,996.62,304.46,283.70,124.69,1,1,1.000000
1724166921181983500,27,107.73,610.79,493.55,108.59,1,1,1.000000
1724166921181983500,35,692.95,666.29,389.78,53.67,1,1,1.000000
1724166921181983500,38,0.16,415.23,187.51,235.51,1,1,1.000000
1724166921181983500,42,0.00,224.72,78.48,77.64,1,1,1.000000
1724166921181983500,49,0.04,413.87,186.78,154.54,1,1,1.000000
1724166921210769800,22,852.67,242.48,336.28,102.06,1,1,1.000000
1724166921210769800,23,591.59,517.84,308.98,188.63,1,1,1.000000
1724166921210769800,24,1022.95,303.09,257.42,111.32,1,1,1.000000
1724166921210769800,27,115.86,614.19,485.11,105.75,1,1,1.000000
1724166921210769800,34,2.68,427.21,166.80,82.09,1,1,1.000000
1724166921210769800,35,707.02,664.21,413.33,55.46,1,1,1.000000
1724166921210769800,38,0.00,463.39,143.39,232.20,1,1,1.000000
1724166921210769800,40,0.00,119.58,73.39,188.19,1,1,1.000000
1724166921210769800,42,0.09,230.03,69.02,79.50,1,1,1.000000
1724166921210769800,49,0.61,428.14,168.24,158.25,1,1,1.000000
1724166921258665100,22,855.16,240.43,336.46,102.36,1,1,1.000000
1724166921258665100,23,600.23,522.74,284.16,190.53,1,1,1.000000
1724166921258665100,24,1024.65,299.18,255.90,102.73,1,1,1.000000
1724166921258665100,27,151.02,623.70,453.77,95.62,1,1,1.000000
1724166921258665100,34,2.17,443.36,153.17,95.91,1,1,1.000000
1724166921258665100,35,724.61,667.27,246.06,52.07,1,1,1.000000
1724166921258665100,38,0.28,446.76,150.03,270.06,1,1,1.000000
1724166921258665100,49,1.66,446.08,234.69,177.14,1,1,1.000000
1724166921258665100,54,1.86,605.59,107.76,112.84,1,1,1.000000
1724166921258665100,56,0.00,444.30,160.47,159.68,1,1,1.000000
1724166921258665100,57,723.68,667.03,113.58,52.85,1,1,1.000000
1724166921258665100,58,936.42,689.48,205.72,30.14,1,1,1.000000
1724166921286404900,22,854.37,244.49,337.35,111.16,1,1,1.000000
1724166921286404900,23,565.43,528.32,302.21,190.46,1,1,1.000000
1724166921286404900,24,1043.85,295.79,237.16,92.88,1,1,1.000000
1724166921286404900,27,165.50,642.29,399.40,77.27,1,1,1.000000
1724166921286404900,35,736.56,675.07,223.72,44.70,1,1,1.000000
1724166921286404900,38,1.23,540.47,227.40,178.10,1,1,1.000000
1724166921286404900,49,0.00,435.94,225.11,282.23,1,1,1.000000
1724166921286404900,57,735.91,674.11,92.46,45.97,1,1,1.000000
1724166921286404900,58,947.02,691.49,203.63,28.35,1,1,1.000000
1724166921379942900,22,845.57,253.55,339.74,99.77,1,1,1.000000
1724166921379942900,23,545.54,527.41,306.10,192.75,1,1,1.000000
1724166921379942900,24,1047.63,299.65,232.59,84.04,1,1,1.000000
1724166921379942900,27,228.54,661.27,278.56,58.34,1,1,1.000000
1724166921379942900,54,0.59,649.76,95.52,70.55,1,1,1.000000
1724166921409997100,22,838.99,263.77,386.66,106.99,1,1,1.000000
1724166921409997100,23,531.05,542.63,304.18,176.87,1,1,1.000000
1724166921409997100,24,1053.30,298.86,226.52,88.53,1,1,1.000000
1724166921454498900,22,836.05,276.01,442.04,117.31,1,1,1.000000
1724166921454498900,23,498.42,547.49,317.90,172.34,1,1,1.000000
1724166921499284400,22,837.19,285.56,441.67,119.35,1,1,1.000000
1724166921499284400,23,543.66,559.74,252.07,159.87,1,1,1.000000
1724166921532019900,22,837.80,291.00,441.14,116.84,1,1,1.000000
1724166921532019900,23,542.05,565.58,232.89,154.10,1,1,1.000000
1724166921532019900,66,429.60,689.14,61.43,30.78,1,1,1.000000
1724166921578415500,22,841.28,293.45,388.26,119.14,1,1,1.000000
1724166921578415500,23,537.69,568.23,223.85,151.47,1,1,1.000000
1724166921578415500,24,1118.64,303.17,161.80,80.14,1,1,1.000000
1724166921653452200,22,845.69,296.68,382.40,123.00,1,1,1.000000
1724166921653452200,23,532.14,574.48,210.19,145.29,1,1,1.000000
1724166921653452200,24,1132.81,303.25,147.42,78.66,1,1,1.000000
1724166921653452200,67,1.48,677.52,204.44,42.39,1,1,1.000000
1724166921699528700,22,850.89,300.36,381.00,120.37,1,1,1.000000
1724166921699528700,23,527.46,576.00,198.85,143.73,1,1,1.000000
1724166921699528700,24,1151.87,304.21,128.14,81.74,1,1,1.000000
1724166921699528700,67,1.58,668.95,224.54,51.07,1,1,1.000000
1724166921699528700,68,0.31,445.94,64.40,71.67,1,1,1.000000
1724166921730981400,22,856.73,303.67,377.32,120.30,1,1,1.000000
1724166921730981400,23,522.26,576.36,192.74,143.60,1,1,1.000000
1724166921730981400,24,1176.94,307.58,102.60,83.53,1,1,1.000000
1724166921730981400,67,1.28,657.61,250.93,62.27,1,1,1.000000
1724166921730981400,68,0.27,440.92,79.46,78.53,1,1,1.000000
1724166921773570200,22,868.47,310.56,374.35,116.53,1,1,1.000000
1724166921773570200,23,518.79,583.98,180.12,135.82,1,1,1.000000
1724166921773570200,24,1207.23,310.78,72.49,87.25,1,1,1.000000
1724166921773570200,67,0.75,648.13,278.77,71.69,1,1,1.000000
1724166921773570200,68,0.48,439.49,91.79,84.35,1,1,1.000000
1724166921851644400,22,881.49,317.27,383.43,115.41,1,1,1.000000
1724166921851644400,23,518.81,592.42,167.03,127.37,1,1,1.000000
1724166921851644400,24,1228.79,310.71,51.55,94.09,1,1,1.000000
1724166921851644400,67,0.52,637.09,308.12,82.80,1,1,1.000000
1724166921851644400,68,0.36,441.39,111.62,87.71,1,1,1.000000
1724166921897567700,22,898.48,326.91,375.52,116.56,1,1,1.000000
1724166921897567700,23,520.15,604.16,157.89,115.67,1,1,1.000000
1724166921897567700,67,0.62,626.71,336.71,93.24,1,1,1.000000
1724166921897567700,68,0.59,420.95,132.48,119.03,1,1,1.000000
1724166921972288000,22,903.68,336.51,373.16,119.62,1,1,1.000000
1724166921972288000,23,517.48,608.82,155.81,111.50,1,1,1.000000
1724166921972288000,67,0.61,617.60,364.64,102.16,1,1,1.000000
1724166921972288000,68,0.61,417.25,155.48,140.44,1,1,1.000000
1724166921972288000,69,1230.65,617.44,49.62,66.73,1,1,1.000000
1724166922019933100,22,917.62,350.81,359.68,116.32,1,1,1.000000
1724166922019933100,23,535.85,625.00,131.80,94.95,1,1,1.000000
1724166922019933100,67,1.40,607.24,388.13,112.20,1,1,1.000000
1724166922019933100,68,0.79,407.73,174.77,146.72,1,1,1.000000
1724166922019933100,69,1219.08,626.40,60.79,71.71,1,1,1.000000
1724166922097863000,22,931.49,359.20,347.99,142.73,1,1,1.000000
1724166922097863000,23,569.18,642.58,107.17,77.31,1,1,1.000000
1724166922097863000,67,1.17,587.11,448.77,132.72,1,1,1.000000
1724166922097863000,68,0.35,389.18,225.56,165.73,1,1,1.000000
1724166922097863000,69,1168.56,599.35,112.15,119.91,1,1,1.000000
1724166922176171600,22,946.37,364.67,333.81,146.29,1,1,1.000000
1724166922176171600,67,4.80,586.24,472.57,133.43,1,1,1.000000
1724166922176171600,68,0.60,382.35,250.89,172.84,1,1,1.000000
1724166922219939100,22,982.99,398.11,298.78,130.75,1,1,1.000000
1724166922219939100,67,30.94,584.04,483.18,135.09,1,1,1.000000
1724166922219939100,68,0.72,371.05,283.85,189.20,1,1,1.000000
1724166922249251400,22,1006.42,412.79,273.70,128.62,1,1,1.000000
1724166922249251400,67,50.53,583.82,502.26,135.09,1,1,1.000000
1724166922249251400,68,0.37,365.55,316.05,190.80,1,1,1.000000
1724166922295691300,22,1014.96,415.33,265.58,135.60,1,1,1.000000
1724166922295691300,67,67.82,583.31,524.20,135.66,1,1,1.000000
1724166922295691300,68,0.39,354.37,319.64,171.36,1,1,1.000000
1724166922372819300,22,1034.48,427.73,245.63,135.81,1,1,1.000000
1724166922372819300,67,92.50,574.97,533.66,144.75,1,1,1.000000
1724166922372819300,68,1.74,355.97,399.33,157.24,1,1,1.000000
1724166922416462600,22,1037.74,435.80,242.55,130.49,1,1,1.000000
1724166922416462600,67,85.90,578.58,577.04,141.23,1,1,1.000000
1724166922416462600,68,1.97,344.67,415.79,210.59,1,1,1.000000
1724166922461783700,22,1052.17,438.28,228.11,131.54,1,1,1.000000
1724166922461783700,67,48.68,579.89,632.14,139.67,1,1,1.000000
1724166922461783700,68,2.07,354.93,464.67,139.97,1,1,1.000000
1724166922494381600,22,1069.93,443.83,210.40,125.54,1,1,1.000000
1724166922494381600,67,35.48,584.73,719.45,134.76,1,1,1.000000
1724166922494381600,68,8.82,359.26,582.64,138.10,1,1,1.000000
1724166922494381600,72,0.39,502.46,94.01,77.92,1,1,1.000000