1724166123239282800,1,527.57,625.45,153.02,40.63,1,2,1.000000
1724166123405480500,1,527.63,625.20,146.02,42.16,1,2,1.000000
1724166123458926000,1,520.99,625.08,138.58,40.85,1,1,1.000000
1724166123678176900,1,528.67,628.04,148.41,38.13,1,2,1.000000
1724166123741356600,1,525.83,626.51,153.25,39.65,1,2,1.000000
1724166123792008900,1,524.56,624.21,134.39,42.03,1,1,1.000000
1724166123846092900,1,527.15,626.28,133.82,39.54,1,1,1.000000
1724166123902281700,1,524.80,625.54,154.82,41.53,1,2,1.000000
1724166124086481600,1,526.51,625.33,151.44,41.59,1,2,1.000000
1724166124100424800,1,525.60,623.59,151.69,43.74,1,2,1.000000
1724166124152793900,1,521.45,626.05,152.26,41.69,1,2,1.000000
1724166124257944600,1,527.07,623.19,139.77,43.87,1,2,1.000000
1724166124315842200,1,518.82,624.70,138.16,41.35,1,1,1.000000
1724166124354003000,1,523.90,624.69,132.94,41.79,1,1,1.000000
1724166124418097300,1,523.79,623.77,134.07,42.41,1,1,1.000000
1724166124418097300,8,530.03,621.79,142.11,45.73,1,2,1.000000
1724166124460487800,8,528.91,627.16,142.74,39.00,1,2,1.000000
1724166124520919300,8,520.71,624.47,155.97,42.61,1,2,1.000000
1724166124647170800,1,517.75,623.51,140.20,42.56,1,1,1.000000
1724166124647170800,8,522.64,622.35,153.09,45.53,1,2,1.000000
1724166124712663000,8,518.80,621.21,160.18,46.27,1,2,1.000000
1724166124801765000,8,520.67,622.89,156.62,44.78,1,2,1.000000
1724166124849609200,8,520.03,622.04,154.35,45.57,1,2,1.000000
1724166124905240500,8,518.00,625.74,157.14,41.27,1,2,1.000000
1724166124978989800,8,522.54,625.83,149.77,40.98,1,2,1.000000
1724166125035967900,8,525.65,627.11,145.20,38.56,1,2,1.000000
1724166125119496500,8,528.14,623.32,145.05,44.20,1,2,1.000000
1724166125162311600,8,525.08,625.78,147.63,40.09,1,2,1.000000
1724166125233328200,8,523.42,625.47,152.15,40.25,1,2,1.000000
1724166125291502200,8,524.09,622.88,151.16,42.59,1,2,1.000000
1724166125355968600,8,527.52,625.99,144.00,38.91,1,2,1.000000
1724166125420989500,8,526.62,625.40,146.29,39.57,1,2,1.000000
1724166125493349500,8,521.20,625.41,157.09,38.85,1,2,1.000000
1724166125554372400,8,520.06,623.06,150.74,39.54,1,2,1.000000
1724166125611735800,8,517.63,621.66,165.67,41.75,1,2,1.000000
1724166125684974600,8,519.07,623.69,151.64,37.14,1,2,1.000000
1724166125740616900,8,516.36,622.33,155.07,38.77,1,2,1.000000
1724166125800923400,8,516.63,622.35,155.05,38.26,1,2,1.000000
1724166125894599200,8,512.59,619.85,160.20,38.94,1,2,1.000000
1724166125934297000,8,514.45,619.76,158.19,38.36,1,2,1.000000
1724166125995323300,8,512.23,617.15,160.54,41.17,1,2,1.000000
1724166126072461200,8,512.57,618.14,160.07,38.84,1,2,1.000000
1724166126123364800,8,509.26,616.42,164.41,39.70,1,2,1.000000
1724166126183021800,8,510.47,615.21,162.95,40.34,1,2,1.000000
1724166126258320900,8,505.87,613.52,170.32,42.10,1,2,1.000000
1724166126337062200,8,502.24,612.45,180.00,40.49,1,2,1.000000
1724166126437871300,8,502.71,609.69,179.11,42.58,1,2,1.000000
1724166126500073700,8,503.14,609.23,180.10,42.01,1,2,1.000000
1724166126553931100,8,500.72,607.09,183.79,43.46,1,2,1.000000
1724166126602186300,8,500.33,607.18,188.85,41.50,1,2,1.000000
1724166126661056800,8,498.76,604.31,190.75,44.32,1,2,1.000000
1724166126723252800,8,489.76,602.25,197.96,43.71,1,2,1.000000
1724166126767759200,8,496.14,601.85,197.33,41.82,1,2,1.000000
1724166126825304200,8,494.60,599.88,197.84,43.44,1,2,1.000000
1724166126900381300,8,486.30,596.54,207.11,45.12,1,2,1.000000
1724166126953545400,8,484.98,596.75,209.22,43.60,1,2,1.000000
1724166127019463200,8,484.09,594.06,210.98,45.95,1,2,1.000000
1724166127082801900,8,482.82,592.97,213.60,46.24,1,2,1.000000
1724166127148806600,8,484.80,593.75,210.38,43.85,1,2,1.000000
1724166127225367000,8,482.51,591.76,213.10,45.32,1,2,1.000000
1724166127287548600,8,472.80,587.66,225.27,49.74,1,2,1.000000
1724166127346836900,8,472.97,587.93,225.94,47.17,1,2,1.000000
1724166127404702700,8,470.71,586.14,229.19,48.02,1,2,1.000000
1724166127473433600,8,470.84,585.34,228.99,47.40,1,2,1.000000
1724166127531546200,8,469.65,584.18,231.77,48.01,1,2,1.000000
1724166127594926800,8,466.37,582.08,238.20,49.16,1,2,1.000000
1724166127659075100,8,465.01,580.05,238.49,50.55,1,2,1.000000
1724166127722233800,8,462.52,578.61,241.67,50.22,1,2,1.000000
1724166127787806300,8,460.37,577.48,246.44,50.27,1,2,1.000000
1724166127853889100,8,454.42,576.65,251.87,52.44,1,2,1.000000
1724166127915700900,8,460.47,576.23,247.28,49.96,1,2,1.000000
1724166128024668000,8,463.63,577.03,241.38,49.63,1,2,1.000000
1724166128074300800,8,461.45,577.42,244.45,49.32,1,2,1.000000
1724166128142426500,8,460.30,576.29,249.27,49.28,1,2,1.000000
1724166128195958600,8,457.65,575.59,253.10,47.49,1,2,1.000000
1724166128260633100,8,457.16,575.38,253.61,48.14,1,2,1.000000
1724166128313341500,8,455.32,573.65,257.85,49.35,1,2,1.000000
1724166128369414300,8,455.86,573.64,257.76,49.79,1,2,1.000000
1724166128426076300,8,453.66,573.29,259.82,48.56,1,2,1.000000
1724166128497674200,8,456.29,574.36,257.14,46.97,1,2,1.000000
1724166128550859900,8,453.76,572.79,262.43,48.55,1,2,1.000000
1724166128617468600,8,461.74,575.38,252.48,45.89,1,2,1.000000
1724166128684263300,8,463.18,574.72,251.01,46.76,1,2,1.000000
1724166128747846400,8,455.31,572.80,260.44,47.44,1,2,1.000000
1724166128806670100,8,458.37,571.93,258.17,49.61,1,2,1.000000
1724166128877762600,8,460.21,573.62,258.07,45.86,1,2,1.000000
1724166128935708200,8,461.80,574.35,254.17,44.02,1,2,1.000000
1724166129004830400,8,461.25,574.26,256.28,44.61,1,2,1.000000
1724166129066636700,8,460.44,574.41,256.88,44.96,1,2,1.000000
1724166129127972300,8,461.53,574.60,253.73,46.22,1,2,1.000000
1724166129195428100,8,464.09,575.86,252.85,44.51,1,2,1.000000
1724166129258732700,8,462.64,575.67,254.55,45.17,1,2,1.000000
1724166129322979400,8,462.79,575.56,254.36,45.83,1,2,1.000000
1724166129388846500,8,463.27,574.05,253.31,48.57,1,2,1.000000
1724166129455889100,8,463.65,575.60,253.44,45.51,1,2,1.000000
1724166129517638500,8,465.39,577.45,251.14,44.62,1,2,1.000000
1724166129576430800,8,464.98,577.99,251.10,45.54,1,2,1.000000
1724166129640974200,8,465.93,576.87,248.01,48.63,1,2,1.000000
1724166129706049600,8,468.98,578.89,244.45,44.20,1,2,1.000000
1724166129776943100,8,466.34,579.26,250.04,43.61,1,2,1.000000
1724166129844408600,8,475.84,581.43,237.53,43.08,1,2,1.000000
1724166129913848400,8,472.55,580.83,240.69,43.91,1,2,1.000000
1724166129964217500,8,470.50,581.84,241.64,41.53,1,2,1.000000
1724166130023548300,8,472.75,581.35,236.77,44.07,1,2,1.000000
1724166130089924500,8,470.46,580.61,239.91,44.67,1,2,1.000000
1724166130158896900,8,470.16,581.25,240.56,43.14,1,2,1.000000
1724166130216018400,8,471.38,582.38,239.16,43.12,1,2,1.000000
1724166130282463900,8,479.92,583.75,231.93,41.83,1,2,1.000000
1724166130346537500,8,472.34,583.32,241.78,42.93,1,2,1.000000
1724166130410078500,8,472.29,585.02,236.30,41.37,1,2,1.000000
1724166130475857400,8,474.01,584.30,233.77,42.51,1,2,1.000000
1724166130538304000,8,473.90,584.58,234.40,42.33,1,2,1.000000
1724166130608801500,8,475.39,585.21,232.64,42.34,1,2,1.000000
1724166130672032700,8,475.72,586.01,231.63,41.54,1,2,1.000000
1724166130732135000,8,476.07,586.33,232.84,41.67,1,2,1.000000
1724166130800167500,8,479.20,587.82,229.40,41.39,1,2,1.000000
1724166130863806000,8,475.35,586.76,233.19,41.79,1,2,1.000000
1724166130930808100,8,479.68,588.11,227.19,40.28,1,2,1.000000
1724166130930808100,12,581.23,562.05,25.08,12.63,1,1,1.000000
1724166130986194600,8,478.21,588.20,228.85,42.54,1,2,1.000000
1724166131056145100,8,478.17,588.93,229.36,41.69,1,2,1.000000
1724166131114486500,8,483.43,590.89,217.21,39.75,1,2,1.000000
1724166131179706800,8,482.68,590.92,219.87,40.84,1,2,1.000000
1724166131179706800,12,578.19,562.55,26.94,13.14,1,1,1.000000
1724166131240444800,8,479.64,590.80,226.67,41.67,1,2,1.000000
1724166131307287300,8,476.22,590.29,223.00,42.75,1,2,1.000000
1724166131374160000,8,478.05,591.55,222.95,41.43,1,2,1.000000
1724166131435974200,8,480.17,591.87,219.99,41.73,1,2,1.000000
1724166131507108800,8,480.15,591.52,218.63,42.57,1,2,1.000000
1724166131561276700,8,485.96,592.78,214.19,40.75,1,2,1.000000
1724166131625485900,8,489.16,593.23,216.28,41.00,1,2,1.000000
1724166131688947300,8,487.03,593.32,214.63,40.61,1,2,1.000000
1724166131760122500,8,479.72,591.97,220.05,41.51,1,2,1.000000
1724166131821008400,8,482.73,592.15,218.45,42.47,1,2,1.000000
1724166131890764400,8,478.63,591.90,221.24,42.82,1,2,1.000000
1724166131949049500,8,480.57,592.25,220.70,42.51,1,2,1.000000
1724166132016218600,8,480.27,591.88,220.77,42.82,1,2,1.000000
1724166132072448000,8,481.55,591.81,220.55,42.32,1,2,1.000000
1724166132135240400,8,479.60,591.53,221.10,42.59,1,2,1.000000
1724166132201061900,8,488.10,591.62,214.25,41.97,1,2,1.000000
1724166132264262800,8,487.96,590.46,211.96,44.16,1,2,1.000000
1724166132328293600,8,469.28,587.20,231.15,47.03,1,2,1.000000
1724166132399370900,8,462.95,585.06,238.21,48.27,1,2,1.000000
1724166132461815600,8,459.91,582.65,244.17,50.49,1,2,1.000000
1724166132518969400,8,458.00,581.60,245.83,52.88,1,2,1.000000
1724166132584862600,8,467.17,584.87,236.24,48.94,1,2,1.000000
1724166132661695300,8,465.98,585.43,236.54,47.03,1,2,1.000000
1724166132716780400,8,464.85,584.80,238.56,47.83,1,2,1.000000
1724166132782329300,8,461.94,582.93,241.68,50.36,1,2,1.000000
1724166132843914100,8,465.02,582.65,239.09,51.33,1,2,1.000000
1724166132903848400,8,462.11,579.62,241.24,53.22,1,2,1.000000
1724166132968052500,8,462.88,581.57,238.90,52.45,1,2,1.000000
1724166133031479100,8,466.19,582.70,239.12,49.38,1,2,1.000000
1724166133145376900,8,461.95,582.23,243.80,49.52,1,2,1.000000
1724166133203678800,8,461.74,580.56,242.23,51.62,1,2,1.000000
1724166133263162600,8,467.16,584.11,237.54,46.38,1,2,1.000000
1724166133322014400,8,468.56,585.33,234.11,47.51,1,2,1.000000
1724166133371045600,8,468.01,584.02,234.36,50.86,1,2,1.000000
1724166133431981000,8,465.92,582.44,237.23,51.58,1,2,1.000000
1724166133487801900,8,462.89,581.60,239.44,50.55,1,2,1.000000
1724166133544198800,8,469.87,581.11,234.29,52.90,1,2,1.000000
1724166133611215800,8,469.23,585.27,233.19,47.55,1,2,1.000000
1724166133672912900,8,471.27,586.58,233.18,45.77,1,2,1.000000
1724166133745206700,8,469.22,585.08,234.56,48.05,1,2,1.000000
1724166133800183300,8,468.49,587.01,232.76,46.20,1,2,1.000000
1724166133872680600,8,469.21,586.49,233.80,46.17,1,2,1.000000
1724166133936649000,8,472.04,588.19,229.01,45.56,1,2,1.000000
1724166133996327200,8,472.78,590.66,230.63,43.07,1,2,1.000000
1724166134061575500,8,476.42,592.62,228.07,40.53,1,2,1.000000
1724166134126532700,8,483.08,592.62,216.76,40.82,1,2,1.000000
1724166134185605600,8,477.77,592.70,225.56,40.44,1,2,1.000000
1724166134271306400,8,476.99,592.05,225.43,41.06,1,2,1.000000
1724166134348901800,8,476.99,590.53,225.51,42.55,1,2,1.000000
1724166134394125000,8,473.82,590.08,230.19,43.21,1,2,1.000000
1724166134467455100,8,477.68,591.17,225.77,41.81,1,2,1.000000
1724166134505803800,8,474.96,589.62,228.36,43.98,1,2,1.000000
1724166134570301500,8,473.96,589.78,226.61,44.56,1,2,1.000000
1724166134634587300,8,478.19,592.44,222.58,43.08,1,2,1.000000
1724166134696284600,8,479.22,592.64,224.98,41.68,1,2,1.000000
1724166134774227000,8,475.58,590.23,224.91,43.28,1,2,1.000000
1724166134829032600,8,474.49,591.58,224.74,42.23,1,2,1.000000
1724166134913076500,8,475.03,590.85,225.42,43.94,1,2,1.000000
1724166134954526400,8,480.75,591.88,219.66,41.84,1,2,1.000000
1724166135022917600,8,479.50,591.55,221.56,42.52,1,2,1.000000
1724166135080084400,8,479.55,590.56,220.37,43.24,1,2,1.000000
1724166135143834800,8,482.21,592.87,216.99,40.55,1,2,1.000000
1724166135210468400,8,479.58,590.57,217.10,43.66,1,2,1.000000
1724166135274260900,8,479.55,589.77,219.50,45.12,1,2,1.000000
1724166135338841400,8,480.61,589.40,218.70,45.60,1,2,1.000000
1724166135414268400,8,480.31,588.26,218.80,46.34,1,2,1.000000
1724166135473277400,8,481.20,589.22,217.44,45.27,1,2,1.000000
1724166135549124100,8,479.89,589.90,220.57,44.00,1,2,1.000000
1724166135596066200,8,480.09,591.10,219.55,43.22,1,2,1.000000
1724166135661518200,8,479.39,590.59,222.65,43.43,1,2,1.000000
1724166135723046700,8,479.88,590.48,221.54,44.41,1,2,1.000000
1724166135784467800,8,481.60,590.49,219.96,44.81,1,2,1.000000
1724166135849677400,8,478.85,590.79,221.77,43.87,1,2,1.000000
1724166135922968100,8,479.51,589.58,219.15,45.56,1,2,1.000000
1724166135976026900,8,479.75,589.96,220.73,43.78,1,2,1.000000
1724166136040674400,8,482.10,588.76,217.74,46.79,1,2,1.000000
1724166136103974000,8,481.25,589.06,219.80,46.30,1,2,1.000000
1724166136227833400,8,481.34,589.40,220.99,45.59,1,2,1.000000
1724166136287337700,8,481.10,589.48,220.34,46.52,1,2,1.000000
1724166136326759700,8,485.39,590.00,215.84,45.80,1,2,1.000000
1724166136387101300,8,483.34,589.69,216.29,47.30,1,2,1.000000
1724166136444554400,8,484.74,590.44,215.57,46.53,1,2,1.000000
1724166136492290500,8,485.02,590.86,214.00,46.09,1,2,1.000000
1724166136551457000,8,486.16,591.77,214.22,45.75,1,2,1.000000
1724166136617150200,8,482.51,592.53,216.74,45.00,1,2,1.000000
1724166136681065400,8,486.53,594.32,210.40,42.91,1,2,1.000000
1724166136744091800,8,486.66,593.01,210.37,44.93,1,2,1.000000
1724166136812081400,8,484.69,592.97,213.30,45.48,1,2,1.000000
1724166136891239000,8,486.29,593.95,210.69,44.36,1,2,1.000000
1724166136938555600,8,486.56,594.04,209.42,44.05,1,2,1.000000
1724166137001221100,8,486.61,594.14,209.31,44.18,1,2,1.000000
1724166137072429200,8,487.66,592.55,211.38,46.25,1,2,1.000000
1724166137137677100,8,485.63,591.78,213.18,47.11,1,2,1.000000
1724166137194078600,8,486.96,591.45,208.84,47.87,1,2,1.000000
1724166137268404500,8,487.51,593.38,211.80,45.23,1,2,1.000000
1724166137319498300,8,485.95,593.65,210.48,44.32,1,2,1.000000
1724166137385424100,8,484.19,594.42,212.30,43.28,1,2,1.000000
1724166137451843700,8,485.36,594.29,212.55,43.30,1,2,1.000000
1724166137512377000,8,486.50,592.97,211.18,43.02,1,2,1.000000
1724166137590618900,8,483.86,593.48,215.70,43.14,1,2,1.000000
1724166137643316200,8,483.22,592.61,217.10,44.27,1,2,1.000000
1724166137707903400,8,483.99,592.16,213.03,44.66,1,2,1.000000
1724166137783972400,8,481.52,591.84,214.26,44.70,1,2,1.000000
1724166137835364500,8,483.48,591.25,215.00,45.71,1,2,1.000000
1724166137896744200,8,482.24,590.59,215.20,45.75,1,2,1.000000
1724166138100656900,8,482.57,591.75,214.98,43.87,1,2,1.000000
1724166138114543900,8,481.50,591.92,215.59,44.26,1,2,1.000000
1724166138170460900,8,483.27,592.62,212.57,42.37,1,2,1.000000
1724166138227427300,8,483.16,592.72,213.13,42.86,1,2,1.000000
1724166138277421500,8,483.22,594.11,212.54,41.53,1,2,1.000000
1724166138324504400,8,486.76,593.10,210.77,42.30,1,2,1.000000
1724166138379124800,8,485.25,591.98,213.14,43.86,1,2,1.000000
1724166138435323100,8,487.27,592.68,214.84,44.17,1,2,1.000000
1724166138477158900,8,488.50,593.13,211.99,43.48,1,2,1.000000
1724166138539041500,8,485.88,591.71,214.48,44.17,1,2,1.000000
1724166138601981200,8,486.38,594.76,210.62,41.74,1,2,1.000000
1724166138665370100,8,485.91,591.95,214.24,45.29,1,2,1.000000
1724166138732744400,8,486.51,594.37,213.39,41.63,1,2,1.000000
1724166138793458700,8,489.33,595.36,211.02,40.94,1,2,1.000000
1724166138857421200,8,488.72,595.95,211.62,39.73,1,2,1.000000
1724166138927323400,8,491.26,594.61,209.85,41.40,1,2,1.000000
1724166138984479600,8,493.36,595.86,206.89,40.92,1,2,1.000000
1724166139060393700,8,493.11,595.74,209.18,41.30,1,2,1.000000
1724166139115445300,8,488.84,596.73,212.31,41.21,1,2,1.000000
1724166139182053300,8,488.39,596.00,214.41,42.28,1,2,1.000000
1724166139243398200,8,486.10,595.62,216.59,41.40,1,2,1.000000
1724166139304740000,8,486.63,594.74,217.04,43.41,1,2,1.000000
1724166139374707900,8,486.97,594.68,215.97,42.66,1,2,1.000000
1724166139439968400,8,490.43,595.92,212.95,41.69,1,2,1.000000
1724166139500493500,8,492.00,595.98,210.56,42.54,1,2,1.000000
1724166139566367100,8,489.40,595.72,213.35,42.72,1,2,1.000000
1724166139631720800,8,487.89,595.73,213.89,42.64,1,2,1.000000
1724166139691996800,8,492.09,594.26,209.22,43.10,1,2,1.000000
1724166139752685500,8,487.18,594.62,216.59,42.61,1,2,1.000000
1724166139819993900,8,489.03,593.92,208.26,43.33,1,2,1.000000
1724166139889420800,8,491.72,594.42,207.21,42.75,1,2,1.000000
1724166139945078900,8,484.13,593.68,214.31,41.58,1,2,1.000000
1724166140016147800,8,489.73,594.42,210.89,41.01,1,2,1.000000
1724166140082740000,8,489.30,593.66,212.66,41.25,1,2,1.000000
1724166140140391300,8,488.67,592.85,214.02,42.41,1,2,1.000000
1724166140211611900,8,487.65,593.91,213.55,41.05,1,2,1.000000
1724166140267622100,8,491.80,593.51,208.93,43.30,1,2,1.000000
1724166140329037300,8,491.27,594.53,210.07,42.25,1,2,1.000000
1724166140400877200,8,488.54,593.17,213.52,42.36,1,2,1.000000
1724166140459259500,8,489.32,594.06,208.97,42.39,1,2,1.000000
1724166140522083200,8,489.37,593.68,207.69,43.37,1,2,1.000000
1724166140600039200,8,490.44,594.12,207.60,41.76,1,2,1.000000
1724166140650019200,8,487.76,593.08,211.14,42.35,1,2,1.000000
1724166140712558900,8,493.56,593.78,206.21,42.85,1,2,1.000000
1724166140780246600,8,487.25,593.80,211.67,43.41,1,2,1.000000
1724166140843518800,8,491.36,594.99,207.72,41.09,1,2,1.000000
1724166140902980300,8,491.51,594.47,208.61,41.54,1,2,1.000000
1724166140969496300,8,491.75,593.88,208.23,42.88,1,2,1.000000
1724166141043545100,8,485.63,592.34,214.12,45.09,1,2,1.000000
1724166141098950000,8,487.09,593.30,214.39,44.57,1,2,1.000000
1724166141163802100,8,490.06,593.56,212.42,43.50,1,2,1.000000
1724166141232574300,8,486.83,593.23,213.01,42.88,1,2,1.000000
1724166141292226300,8,491.39,592.83,208.45,44.25,1,2,1.000000
1724166141412611400,8,492.13,593.43,209.95,41.11,1,2,1.000000
1724166141461090200,8,491.37,593.02,211.74,42.16,1,2,1.000000
1724166141514377400,8,486.18,592.58,213.66,43.40,1,2,1.000000
1724166141585579600,8,487.86,593.56,213.54,41.56,1,2,1.000000
1724166141630430100,8,486.98,592.90,212.38,42.69,1,2,1.000000
1724166141681182300,8,487.78,592.23,213.90,42.76,1,2,1.000000
1724166141743328800,8,486.53,592.71,213.97,43.95,1,2,1.000000
1724166141801466000,8,488.27,592.03,211.58,44.60,1,2,1.000000
1724166141868949100,8,487.59,592.67,212.91,45.59,1,2,1.000000
1724166141930560300,8,491.92,594.51,210.14,42.47,1,2,1.000000
1724166141992127200,8,487.50,592.49,212.43,44.72,1,2,1.000000
1724166142057843600,8,490.03,593.53,211.09,44.78,1,2,1.000000
1724166142123460500,8,493.21,594.91,203.12,43.09,1,2,1.000000
1724166142190581900,8,490.67,593.43,205.03,46.38,1,2,1.000000
1724166142385959400,8,492.51,595.01,206.89,43.67,1,2,1.000000
1724166142406622900,8,489.99,595.22,205.02,44.66,1,2,1.000000
1724166142459173700,8,490.50,596.14,205.61,43.48,1,2,1.000000
1724166142508291300,8,489.88,593.54,205.19,47.04,1,2,1.000000
1724166142560722100,8,487.57,594.76,206.88,45.63,1,2,1.000000
1724166142607272800,8,484.85,594.56,209.10,46.28,1,2,1.000000
1724166142661084900,8,486.14,595.59,206.30,45.55,1,2,1.000000
1724166142698955500,8,485.29,595.43,206.84,44.95,1,2,1.000000
1724166142759381700,8,485.48,593.58,208.15,46.70,1,2,1.000000
1724166142825728800,8,479.65,592.85,211.08,47.55,1,2,1.000000
1724166142895782600,8,478.26,592.01,213.36,46.68,1,2,1.000000
1724166142956181000,8,479.26,591.31,211.93,47.60,1,2,1.000000
1724166143021455900,8,481.64,591.28,210.01,48.23,1,2,1.000000
1724166143080005200,8,480.92,590.81,210.90,47.96,1,2,1.000000
1724166143144580200,8,477.76,589.35,215.65,50.03,1,2,1.000000
1724166143207614700,8,479.29,589.53,213.27,49.29,1,2,1.000000
1724166143289229500,8,476.85,589.09,213.50,49.88,1,2,1.000000
1724166143349857900,8,476.75,589.61,215.41,48.72,1,2,1.000000
1724166143400171800,8,478.53,589.74,214.20,48.84,1,2,1.000000
1724166143468316100,8,477.36,589.52,216.38,49.58,1,2,1.000000
1724166143529410300,8,482.58,592.20,210.05,45.63,1,2,1.000000
1724166143599021600,8,484.93,592.36,208.99,45.36,1,2,1.000000
1724166143659621200,8,484.03,593.80,208.67,44.73,1,2,1.000000
1724166143730462600,8,487.51,594.54,206.73,42.95,1,2,1.000000
1724166143790312500,8,492.01,594.52,202.96,44.13,1,2,1.000000
1724166143850436600,8,486.42,594.20,206.60,45.47,1,2,1.000000
1724166143913272900,8,490.15,595.19,205.64,44.31,1,2,1.000000
1724166144029148900,8,494.96,595.54,200.49,43.96,1,2,1.000000
1724166144045118700,8,491.60,594.99,204.09,44.64,1,2,1.000000
1724166144106728800,8,492.39,596.32,204.68,43.23,1,2,1.000000
1724166144170419700,8,494.81,597.31,201.55,42.80,1,2,1.000000
1724166144233547700,8,496.25,596.96,201.39,42.75,1,2,1.000000
1724166144304278500,8,497.80,596.68,201.74,42.43,1,2,1.000000
1724166144375125800,8,499.09,597.81,201.74,41.71,1,2,1.000000
1724166144426752800,8,493.19,596.54,205.87,44.17,1,2,1.000000
1724166144496708200,8,495.07,596.56,203.17,43.15,1,2,1.000000
1724166144554205400,8,495.95,597.00,200.20,42.38,1,2,1.000000
1724166144617552500,8,498.05,595.71,200.99,44.28,1,2,1.000000
1724166144686194900,8,498.11,597.01,195.79,42.37,1,2,1.000000
1724166144760207400,8,493.56,596.06,199.59,43.45,1,2,1.000000
1724166144807859900,8,492.62,596.57,199.26,42.99,1,2,1.000000
1724166144876455400,8,488.81,596.45,204.19,43.02,1,2,1.000000
1724166144941790500,8,492.05,596.86,201.20,41.34,1,2,1.000000
1724166145008382400,8,487.04,595.42,205.57,43.28,1,2,1.000000
1724166145066074300,8,491.85,595.43,201.48,43.68,1,2,1.000000
1724166145140570400,8,484.73,593.96,207.82,44.95,1,2,1.000000
1724166145205810300,8,486.33,594.31,206.54,44.08,1,2,1.000000
1724166145257520800,8,486.36,592.65,206.98,45.25,1,2,1.000000
1724166145333059700,8,486.63,592.90,207.36,44.62,1,2,1.000000
1724166145394671400,8,486.76,593.01,209.10,44.35,1,2,1.000000
1724166145450978100,8,486.46,592.96,207.28,44.33,1,2,1.000000
1724166145514000600,8,486.52,594.05,210.43,42.09,1,2,1.000000
1724166145586850900,8,482.86,593.80,211.55,41.60,1,2,1.000000
1724166145641273500,8,489.31,592.43,207.20,44.79,1,2,1.000000
1724166145706361000,8,487.20,592.95,209.64,45.24,1,2,1.000000
1724166145772564700,8,485.13,592.56,213.49,44.84,1,2,1.000000
1724166145834031200,8,484.60,594.16,214.39,42.08,1,2,1.000000
1724166145896715100,8,487.83,594.34,210.18,43.82,1,2,1.000000
1724166145989979100,8,491.19,593.70,208.21,43.12,1,2,1.000000
1724166146024762300,8,491.67,593.12,209.17,44.70,1,2,1.000000
1724166146089249600,8,493.02,593.89,204.90,43.34,1,2,1.000000
1724166146188222200,8,494.11,593.88,207.88,44.18,1,2,1.000000
1724166146218493300,8,495.53,595.08,207.02,42.92,1,2,1.000000
1724166146281080000,8,495.12,595.48,206.33,42.29,1,2,1.000000
1724166146349369300,8,495.14,594.94,206.75,43.16,1,2,1.000000
1724166146408915700,8,492.09,595.03,208.40,44.01,1,2,1.000000
1724166146476541300,8,493.73,594.80,206.57,43.52,1,2,1.000000
1724166146537716000,8,495.21,594.33,206.00,44.48,1,2,1.000000
1724166146606913400,8,490.89,594.87,208.56,43.35,1,2,1.000000
1724166146671022100,8,498.75,596.29,200.23,41.30,1,2,1.000000
1724166146728426800,8,497.19,594.24,203.94,44.44,1,2,1.000000
1724166146792000900,8,501.82,595.62,198.92,41.40,1,2,1.000000
1724166146856270000,8,493.88,593.85,206.46,44.79,1,2,1.000000
1724166146922894000,8,496.48,594.84,203.57,42.95,1,2,1.000000
1724166146982944100,8,495.41,594.82,202.38,43.29,1,2,1.000000
1724166147062229800,8,494.40,594.17,205.24,44.03,1,2,1.000000
1724166147117772700,8,494.26,594.66,206.19,42.73,1,2,1.000000
1724166147176681300,8,494.52,594.08,206.53,44.14,1,2,1.000000
1724166147241222900,8,496.82,594.95,205.72,43.16,1,2,1.000000
1724166147306010000,8,495.54,594.53,208.26,44.15,1,2,1.000000
1724166147374457400,8,491.78,594.00,209.41,44.23,1,2,1.000000
1724166147444693600,8,496.42,593.88,204.45,44.57,1,2,1.000000
1724166147507872000,8,491.11,593.95,210.44,45.97,1,2,1.000000
1724166147562695200,8,493.09,593.37,210.80,46.89,1,2,1.000000
1724166147624081800,8,494.01,595.45,204.90,42.60,1,2,1.000000
1724166147690707900,8,498.59,594.72,203.76,44.18,1,2,1.000000
1724166147756972200,8,494.46,594.27,204.60,45.68,1,2,1.000000
1724166147817291300,8,499.28,594.00,202.68,45.04,1,2,1.000000
1724166147887534700,8,495.81,595.92,200.26,42.89,1,2,1.000000
1724166147956670700,8,497.45,595.33,202.23,44.70,1,2,1.000000
1724166148015558700,8,496.65,595.08,199.45,45.27,1,2,1.000000
1724166148075350200,8,496.49,595.62,201.62,42.98,1,2,1.000000
1724166148141049000,8,496.02,595.82,202.48,43.31,1,2,1.000000
1724166148206633100,8,495.31,594.97,204.32,44.97,1,2,1.000000
1724166148308828600,8,492.74,593.92,209.32,46.79,1,2,1.000000
1724166148328412100,8,494.03,594.47,207.61,45.75,1,2,1.000000
1724166148393704400,8,494.23,592.85,208.47,47.18,1,2,1.000000
1724166148467985100,8,495.85,593.32,205.95,46.57,1,2,1.000000
1724166148521673800,8,490.79,594.56,211.63,45.74,1,2,1.000000
1724166148585394000,8,495.49,593.21,208.43,46.48,1,2,1.000000
1724166148648542800,8,494.18,594.93,206.94,43.95,1,2,1.000000
1724166148713586100,8,493.81,594.40,207.70,44.93,1,2,1.000000
1724166148775562900,8,491.31,593.05,209.35,46.49,1,2,1.000000
1724166148858064700,8,491.30,593.10,212.01,46.58,1,2,1.000000
1724166148909208400,8,492.28,593.34,212.62,46.74,1,2,1.000000
1724166148967791600,8,494.74,594.59,206.70,45.12,1,2,1.000000
1724166149044754300,8,494.72,591.77,209.89,48.50,1,2,1.000000
1724166149101896600,8,494.37,592.85,209.00,47.32,1,2,1.000000
1724166149174269100,8,490.09,593.46,208.57,46.04,1,2,1.000000
1724166149223347600,8,488.94,592.20,207.51,47.90,1,2,1.000000
1724166149288270000,8,489.30,593.22,209.13,46.01,1,2,1.000000
1724166149357653700,8,494.63,594.55,206.45,45.43,1,2,1.000000
1724166149429944600,8,497.37,594.26,201.40,45.93,1,2,1.000000
1724166149481639500,8,491.46,593.19,209.90,46.60,1,2,1.000000
1724166149551261600,8,491.26,593.79,207.54,45.56,1,2,1.000000
1724166149619050700,8,493.07,593.70,207.33,45.93,1,2,1.000000
1724166149672195200,8,496.86,593.63,203.91,47.00,1,2,1.000000
1724166149743817200,8,498.66,594.20,203.19,46.76,1,2,1.000000
1724166149802409500,8,499.63,595.02,197.79,45.07,1,2,1.000000
1724166149870204200,8,496.02,594.37,201.33,45.38,1,2,1.000000
1724166149929674600,8,496.23,593.87,200.88,45.95,1,2,1.000000
1724166149993205000,8,496.85,594.04,202.67,45.92,1,2,1.000000
1724166150063259600,8,490.74,593.65,209.09,45.62,1,2,1.000000
1724166150121053600,8,492.57,594.29,205.84,45.60,1,2,1.000000
1724166150184971700,8,492.38,594.03,209.86,45.12,1,2,1.000000
1724166150253999300,8,493.91,594.60,204.77,44.78,1,2,1.000000
1724166150319679900,8,490.79,594.16,210.20,45.14,1,2,1.000000
1724166150376842800,8,492.16,595.04,205.67,44.32,1,2,1.000000
1724166150445385300,8,493.03,594.18,205.10,44.94,1,2,1.000000
1724166150445385300,26,660.57,634.83,12.95,9.97,1,1,1.000000
1724166150511816800,8,493.67,594.60,205.02,44.39,1,2,1.000000
1724166150585410900,8,491.43,593.68,208.02,45.62,1,2,1.000000
1724166150636364700,8,492.14,593.43,209.53,46.28,1,2,1.000000
1724166150636364700,26,662.68,636.66,12.27,9.31,1,1,1.000000
1724166150698356100,8,492.76,594.07,203.65,45.55,1,2,1.000000
1724166150698356100,26,655.61,632.98,18.07,12.92,1,1,1.000000
1724166150768208100,8,490.47,593.58,210.61,45.84,1,2,1.000000
1724166150768208100,26,656.80,633.51,15.14,13.51,1,1,1.000000
1724166150832251600,8,487.98,592.56,205.59,47.04,1,2,1.000000
1724166150893371000,8,487.04,593.00,207.59,46.21,1,2,1.000000
1724166150953153600,8,490.74,593.85,203.88,45.65,1,2,1.000000
1724166150953153600,27,656.09,637.53,13.88,12.27,1,1,1.000000
1724166151020322900,8,494.17,594.51,204.13,44.12,1,2,1.000000
1724166151020322900,27,651.68,637.15,15.48,15.19,1,1,1.000000
1724166151085214800,8,491.54,593.13,205.33,46.22,1,2,1.000000
1724166151085214800,27,645.57,637.29,22.83,15.95,1,1,1.000000
1724166151145336000,8,491.91,592.03,208.94,46.75,1,2,1.000000
1724166151145336000,27,641.09,633.75,28.86,21.45,1,1,1.000000
1724166151209052900,8,488.83,592.75,210.67,46.07,1,2,1.000000
1724166151209052900,27,643.66,636.74,23.16,17.40,1,1,1.000000
1724166151275628500,8,489.67,593.10,213.44,44.97,1,2,1.000000
1724166151275628500,27,638.83,633.83,30.61,22.85,1,1,1.000000
1724166151336674300,8,494.88,593.97,203.32,45.36,1,2,1.000000
1724166151336674300,27,638.12,633.33,30.86,22.89,1,1,1.000000
1724166151404606300,8,490.90,594.04,208.43,44.10,1,2,1.000000
1724166151404606300,27,635.92,632.03,31.68,26.98,1,1,1.000000
1724166151474096500,8,492.77,594.25,209.57,45.35,1,2,1.000000
1724166151474096500,27,633.65,630.51,36.96,25.75,1,1,1.000000
1724166151529267800,8,493.87,595.26,203.05,42.04,1,2,1.000000
1724166151529267800,27,624.02,630.68,48.39,27.03,1,1,1.000000
1724166151591548300,8,490.20,595.26,207.69,42.58,1,2,1.000000
1724166151591548300,27,627.89,629.94,43.75,27.00,1,1,1.000000
1724166151669923100,8,491.92,594.38,206.44,43.98,1,2,1.000000
1724166151669923100,27,619.89,629.40,51.07,28.40,1,1,1.000000
1724166151731186400,8,491.06,595.22,209.18,43.04,1,2,1.000000
1724166151731186400,27,612.78,627.69,60.40,30.34,1,1,1.000000
1724166151783874800,8,491.98,594.59,208.92,43.50,1,2,1.000000
1724166151783874800,27,611.64,627.16,61.38,31.02,1,1,1.000000
1724166151853004200,8,493.60,595.75,209.81,41.91,1,2,1.000000
1724166151853004200,27,610.77,627.65,61.26,30.52,1,1,1.000000
1724166151919548500,8,494.30,595.27,209.15,42.40,1,2,1.000000
1724166151919548500,27,606.48,626.29,65.46,32.55,1,1,1.000000
1724166151975577700,8,490.75,594.55,211.64,43.81,1,2,1.000000
1724166151975577700,27,603.60,624.73,66.24,33.16,1,1,1.000000
1724166152044359500,8,497.00,594.94,203.08,43.31,1,2,1.000000
1724166152044359500,27,599.71,623.60,70.59,36.17,1,1,1.000000
1724166152105341700,8,489.76,595.56,210.86,42.33,1,2,1.000000
1724166152105341700,27,601.02,623.62,68.12,33.77,1,1,1.000000
1724166152170600000,8,491.24,594.84,209.15,44.27,1,2,1.000000
1724166152170600000,27,600.09,622.63,69.72,33.89,1,1,1.000000
1724166152233540200,8,491.60,595.58,206.84,42.68,1,2,1.000000
1724166152233540200,27,600.40,623.14,65.38,34.11,1,1,1.000000
1724166152296683900,8,491.74,594.63,207.10,44.31,1,2,1.000000
1724166152296683900,27,599.53,623.40,68.02,32.53,1,1,1.000000
1724166152362432700,8,492.78,595.29,210.46,43.73,1,2,1.000000
1724166152362432700,27,597.81,622.55,72.38,32.51,1,1,1.000000
1724166152424155900,8,500.61,596.27,197.50,41.34,1,2,1.000000
1724166152424155900,27,595.49,621.42,74.22,31.71,1,1,1.000000
1724166152489302200,8,496.92,595.21,206.69,42.51,1,2,1.000000
1724166152489302200,27,590.79,622.06,70.86,29.83,1,1,1.000000
1724166152558390900,8,496.43,595.30,206.77,42.02,1,2,1.000000
1724166152558390900,27,584.02,621.71,73.43,31.63,1,1,1.000000
1724166152622975600,8,495.83,595.61,207.71,42.63,1,2,1.000000
1724166152622975600,27,583.31,621.24,75.13,31.74,1,1,1.000000
1724166152687146500,8,495.52,593.75,208.66,42.96,1,2,1.000000
1724166152687146500,27,583.18,622.93,63.32,30.14,1,1,1.000000
1724166152749906100,8,495.26,593.51,210.02,43.68,1,2,1.000000
1724166152749906100,27,580.70,622.64,61.92,30.80,1,1,1.000000
1724166152807499800,8,495.71,592.93,211.90,43.06,1,2,1.000000
1724166152807499800,27,566.65,622.70,78.37,26.58,1,1,1.000000
1724166152886009400,8,497.17,592.68,212.17,42.99,1,2,1.000000
1724166152886009400,27,572.08,623.06,65.56,23.53,1,1,1.000000
1724166152937164800,8,498.95,591.37,213.10,43.93,1,2,1.000000
1724166152937164800,27,570.54,621.54,58.27,22.45,1,1,1.000000
1724166153000575000,8,496.46,590.40,212.64,43.75,1,2,1.000000
1724166153000575000,27,560.34,629.37,39.28,18.48,1,1,1.000000
1724166153068406600,8,500.15,591.59,213.06,41.13,1,2,1.000000
1724166153068406600,27,567.87,629.38,33.53,15.92,1,1,1.000000
1724166153133463500,8,502.18,591.59,210.40,41.51,1,2,1.000000
1724166153133463500,27,555.14,629.39,46.23,15.63,1,1,1.000000
1724166153192821800,8,498.76,590.00,215.80,43.03,1,2,1.000000
1724166153192821800,27,547.96,630.53,50.51,16.78,1,1,1.000000
1724166153257572100,8,500.38,590.61,218.47,40.66,1,2,1.000000
1724166153257572100,27,547.50,630.08,29.52,16.74,1,1,1.000000
1724166153324933600,8,500.34,589.37,216.05,41.12,1,2,1.000000
1724166153324933600,27,542.59,634.20,19.76,15.36,1,1,1.000000
1724166153388277500,8,499.86,589.10,214.59,41.32,1,2,1.000000
1724166153450236600,8,501.54,588.29,215.37,42.18,1,2,1.000000
1724166153514576300,8,500.26,589.51,216.02,41.54,1,2,1.000000
1724166153577020500,8,499.52,588.93,217.47,41.53,1,2,1.000000
1724166153643185800,8,499.58,588.65,217.26,42.11,1,2,1.000000
1724166153704810700,8,502.77,588.77,214.10,42.61,1,2,1.000000
1724166153786420900,8,504.35,587.96,214.39,42.60,1,2,1.000000
1724166153835893100,8,501.53,588.93,217.73,42.67,1,2,1.000000
1724166153897256000,8,500.86,589.34,217.03,43.96,1,2,1.000000
1724166153968865100,8,503.18,590.34,212.00,41.91,1,2,1.000000
1724166154032230800,8,502.47,590.52,209.28,43.61,1,2,1.000000
1724166154091290500,8,503.30,593.20,209.22,41.15,1,2,1.000000
1724166154152711900,8,501.83,594.68,209.15,40.34,1,2,1.000000
1724166154217556400,8,503.28,595.97,205.06,42.26,1,2,1.000000
1724166154288420100,8,503.08,596.46,204.23,39.98,1,2,1.000000
1724166154344679900,8,503.00,596.47,207.26,41.24,1,2,1.000000
1724166154409139600,8,504.08,597.79,203.22,39.34,1,2,1.000000
1724166154491739200,8,501.58,597.95,206.20,41.22,1,2,1.000000
1724166154536132700,8,503.43,597.86,200.57,41.27,1,2,1.000000
1724166154602285000,8,504.38,598.65,198.11,39.99,1,2,1.000000
1724166154671800000,8,499.15,597.80,203.73,41.48,1,2,1.000000
1724166154739990300,8,495.08,597.32,206.73,42.05,1,2,1.000000
1724166154796599900,8,496.96,598.49,202.76,40.23,1,2,1.000000
1724166154858361100,8,494.55,597.68,209.79,41.14,1,2,1.000000
1724166154923528700,8,494.79,596.68,209.09,42.46,1,2,1.000000
1724166154985959000,8,493.67,595.42,211.21,44.01,1,2,1.000000
1724166155051245500,8,494.58,596.12,210.68,42.37,1,2,1.000000
1724166155114219800,8,494.56,596.51,209.08,41.10,1,2,1.000000
1724166155186524400,8,491.16,596.16,215.27,41.43,1,2,1.000000
1724166155240365800,8,492.01,597.02,213.25,40.27,1,2,1.000000
1724166155307219500,8,490.21,596.51,213.65,40.34,1,2,1.000000
1724166155374120100,8,490.02,596.22,215.16,40.33,1,2,1.000000
1724166155435068500,8,488.65,595.72,215.58,41.58,1,2,1.000000
1724166155502814200,8,488.82,594.37,217.80,42.86,1,2,1.000000
1724166155562094500,8,491.03,595.02,216.06,41.37,1,2,1.000000
1724166155627502000,8,491.15,593.53,219.60,44.50,1,2,1.000000
1724166155687851600,8,491.69,593.64,217.23,44.61,1,2,1.000000
1724166155757017400,8,494.17,594.14,215.46,43.72,1,2,1.000000
1724166155815479300,8,493.50,595.06,213.26,42.33,1,2,1.000000
1724166155883457500,8,495.20,595.25,214.52,42.77,1,2,1.000000
1724166155946527300,8,494.79,596.03,213.09,41.54,1,2,1.000000
1724166156015923200,8,496.34,596.57,213.60,41.79,1,2,1.000000
1724166156076918700,8,496.02,596.83,212.19,40.59,1,2,1.000000
1724166156141477300,8,495.34,596.12,212.11,41.71,1,2,1.000000
1724166156212253900,8,499.17,596.70,210.12,40.79,1,2,1.000000
1724166156269060900,8,495.29,595.88,212.99,40.58,1,2,1.000000
1724166156401069200,8,498.48,596.02,210.58,41.65,1,2,1.000000
1724166156415702800,8,497.12,595.15,212.47,42.85,1,2,1.000000
1724166156476120100,8,493.80,595.68,215.80,41.76,1,2,1.000000
1724166156524751900,8,492.00,596.09,214.84,41.07,1,2,1.000000
1724166156588729700,8,489.22,595.52,218.39,42.04,1,2,1.000000
1724166156656764700,8,490.43,594.87,216.11,41.30,1,2,1.000000
1724166156713495800,8,489.40,595.10,219.61,41.46,1,2,1.000000
1724166156785143800,8,494.25,595.77,213.40,40.01,1,2,1.000000
1724166156856443900,8,490.75,595.12,219.14,41.40,1,2,1.000000
1724166156906286400,8,490.13,595.80,216.85,40.38,1,2,1.000000
1724166156971769900,8,494.55,595.81,212.81,39.42,1,2,1.000000
1724166157038597100,8,490.22,594.05,216.35,42.17,1,2,1.000000
1724166157109313300,8,491.92,594.28,220.83,42.52,1,2,1.000000
1724166157164714200,8,494.02,595.11,214.77,40.89,1,2,1.000000
1724166157241803300,8,490.53,594.15,217.01,42.40,1,2,1.000000
1724166157292017700,8,493.72,592.77,222.01,43.11,1,2,1.000000
1724166157357360500,8,488.41,590.99,228.54,45.51,1,2,1.000000
1724166157419151800,8,491.78,594.06,221.14,41.55,1,2,1.000000
1724166157499569700,8,491.63,592.93,222.60,43.71,1,2,1.000000
1724166157556719600,8,495.36,594.32,215.88,42.38,1,2,1.000000
1724166157612350600,8,494.98,595.86,212.16,39.48,1,2,1.000000
1724166157681804500,8,493.20,593.91,217.40,41.64,1,2,1.000000
1724166157750665100,8,493.45,595.26,213.88,40.26,1,2,1.000000
1724166157800620100,8,491.88,593.67,221.48,41.81,1,2,1.000000
1724166157868513700,8,494.74,593.78,218.35,43.17,1,2,1.000000
1724166157937636000,8,495.68,594.48,217.17,42.38,1,2,1.000000
1724166157997366300,8,493.75,594.69,213.52,40.29,1,2,1.000000
1724166158059195100,8,493.78,593.80,216.41,41.64,1,2,1.000000
1724166158123811300,8,494.23,595.85,207.45,38.68,1,2,1.000000
1724166158192901500,8,494.23,596.02,211.43,39.91,1,2,1.000000
1724166158257703800,8,495.48,595.18,210.98,39.57,1,2,1.000000
1724166158311952000,8,495.29,595.74,209.21,39.39,1,2,1.000000
1724166158380110300,8,494.62,595.03,211.72,40.13,1,2,1.000000
1724166158464016200,8,491.25,594.96,213.54,39.94,1,2,1.000000
1724166158504471700,8,486.27,594.13,219.42,40.76,1,2,1.000000
1724166158570107700,8,487.06,593.69,222.50,41.19,1,2,1.000000
1724166158639117800,8,491.60,594.91,215.23,39.78,1,2,1.000000
1724166158699297200,8,487.79,594.79,210.03,41.13,1,2,1.000000
1724166158763996500,8,487.50,592.58,222.84,42.83,1,2,1.000000
1724166158824991400,8,491.70,594.92,208.75,40.36,1,2,1.000000
1724166158892581200,8,492.26,594.79,213.69,39.98,1,2,1.000000
1724166158955994900,8,491.28,594.41,214.87,40.10,1,2,1.000000
1724166159017602300,8,492.53,594.84,209.43,39.96,1,2,1.000000
1724166159081228700,8,491.80,595.11,209.96,39.29,1,2,1.000000
1724166159150828300,8,497.52,595.35,203.87,38.76,1,2,1.000000
1724166159211597000,8,484.20,594.37,219.50,40.80,1,2,1.000000
1724166159276732700,8,484.29,593.96,221.18,40.32,1,2,1.000000
1724166159349095300,8,484.30,593.70,221.33,40.40,1,2,1.000000
1724166159405489900,8,488.15,594.31,217.29,39.16,1,2,1.000000
1724166159466227000,8,483.82,594.39,217.38,39.11,1,2,1.000000
1724166159533651600,8,483.41,594.14,218.34,40.12,1,2,1.000000
1724166159596955400,8,487.86,594.96,215.12,39.07,1,2,1.000000
1724166159658757200,8,488.01,595.37,213.30,39.76,1,2,1.000000
1724166159721477300,8,487.76,594.83,215.62,39.57,1,2,1.000000
1724166159784846900,8,487.38,595.10,215.92,40.77,1,2,1.000000
1724166159848814500,8,486.61,594.71,216.26,39.59,1,2,1.000000
1724166159913840900,8,488.19,594.09,216.89,39.88,1,2,1.000000
1724166159978740600,8,488.03,594.68,217.40,39.43,1,2,1.000000
1724166160055141700,8,491.49,594.30,211.74,40.15,1,2,1.000000
1724166160105004900,8,485.35,594.05,215.69,39.20,1,2,1.000000
1724166160169577800,8,480.97,592.82,222.75,41.90,1,2,1.000000
1724166160232192600,8,484.93,593.16,216.51,40.67,1,2,1.000000
1724166160301141600,8,476.64,591.84,226.68,41.93,1,2,1.000000
1724166160363980000,8,473.93,590.61,229.20,43.13,1,2,1.000000
1724166160424654200,8,474.28,589.65,229.56,44.78,1,2,1.000000
1724166160502946900,8,483.70,593.34,220.63,40.89,1,2,1.000000
1724166160556308400,8,483.65,593.26,220.04,40.18,1,2,1.000000
1724166160615940700,8,479.16,592.21,224.50,41.12,1,2,1.000000
1724166160682437500,8,476.66,590.89,226.82,43.03,1,2,1.000000
1724166160757076900,8,479.52,591.65,220.86,42.66,1,2,1.000000
1724166160808046200,8,477.93,591.82,222.82,43.17,1,2,1.000000
1724166160883944200,8,482.28,593.65,218.77,41.58,1,2,1.000000
1724166160936366700,8,483.55,594.55,217.80,41.18,1,2,1.000000
1724166161002176800,8,485.31,594.31,217.29,41.82,1,2,1.000000
1724166161074617800,8,489.48,595.30,213.09,41.58,1,2,1.000000
1724166161138268300,8,488.61,595.28,214.20,42.67,1,2,1.000000
1724166161198826400,8,487.85,595.89,210.18,41.88,1,2,1.000000
1724166161258303600,8,488.43,596.92,208.48,39.87,1,2,1.000000
1724166161322492400,8,487.10,597.00,210.49,39.83,1,2,1.000000
1724166161385825000,8,484.45,595.95,212.05,40.74,1,2,1.000000
1724166161453613600,8,484.75,595.91,215.58,41.35,1,2,1.000000
1724166161516478700,8,483.65,595.76,212.72,41.77,1,2,1.000000
1724166161578755500,8,484.71,594.02,215.90,44.04,1,2,1.000000
1724166161664737700,8,480.21,593.93,217.33,43.82,1,2,1.000000
1724166161705242900,8,480.70,594.13,214.66,43.27,1,2,1.000000
1724166161771662500,8,483.97,596.38,208.93,41.23,1,2,1.000000
1724166161836927700,8,485.81,595.84,211.28,40.83,1,2,1.000000
1724166161900242200,8,481.37,595.32,214.71,40.77,1,2,1.000000
1724166161965221000,8,484.11,595.05,211.64,41.26,1,2,1.000000
1724166162025211800,8,486.12,594.47,210.90,42.55,1,2,1.000000
1724166162098856200,8,484.42,593.76,212.53,43.24,1,2,1.000000
1724166162162462000,8,484.42,592.59,213.27,43.79,1,2,1.000000
1724166162216889200,8,485.74,593.69,213.54,42.74,1,2,1.000000
1724166162287718200,8,481.62,592.99,218.15,43.84,1,2,1.000000
1724166162351010900,8,483.87,590.83,225.12,46.54,1,2,1.000000
1724166162412981300,8,483.88,592.34,214.39,44.15,1,2,1.000000
1724166162472959300,8,484.91,593.79,215.86,41.63,1,2,1.000000
1724166162543612300,8,485.67,593.39,214.47,42.14,1,2,1.000000
1724166162602368800,8,484.74,592.66,218.34,42.15,1,2,1.000000
1724166162665592400,8,483.77,592.34,216.81,42.75,1,2,1.000000
1724166162731606400,8,483.27,593.06,219.10,41.94,1,2,1.000000
1724166162796190700,8,483.86,593.75,215.19,41.04,1,2,1.000000
1724166162859024800,8,487.46,594.28,212.25,41.75,1,2,1.000000
1724166162921743600,8,485.96,594.16,211.81,41.32,1,2,1.000000
1724166162987928200,8,487.99,594.88,209.77,40.98,1,2,1.000000
1724166163053850600,8,487.23,594.73,211.15,40.71,1,2,1.000000
1724166163115114200,8,486.69,594.84,209.82,41.33,1,2,1.000000
1724166163178860600,8,486.57,594.11,213.20,41.36,1,2,1.000000
1724166163243556700,8,485.90,593.53,213.15,41.73,1,2,1.000000
1724166163310729200,8,485.79,593.77,212.76,42.32,1,2,1.000000
1724166163371588100,8,487.87,594.91,211.50,40.59,1,2,1.000000
1724166163442394500,8,488.00,594.50,211.62,40.98,1,2,1.000000
1724166163502681300,8,486.00,594.17,215.49,41.64,1,2,1.000000
1724166163565408900,8,486.42,594.74,211.66,41.58,1,2,1.000000
1724166163628380200,8,486.49,594.78,207.54,40.84,1,2,1.000000
1724166163695437400,8,485.32,594.33,211.13,40.96,1,2,1.000000
1724166163765447200,8,484.26,593.78,214.36,41.76,1,2,1.000000
1724166163818656500,8,484.13,593.32,214.85,41.95,1,2,1.000000
1724166163883245100,8,484.12,593.15,213.82,41.75,1,2,1.000000
1724166163945190000,8,486.90,593.31,210.42,42.36,1,2,1.000000
1724166164009675100,8,484.34,593.29,211.68,42.42,1,2,1.000000
1724166164075845300,8,482.00,591.98,211.08,43.90,1,2,1.000000
1724166164135784800,8,482.40,592.38,214.98,43.60,1,2,1.000000
1724166164208365300,8,485.01,591.73,213.64,44.46,1,2,1.000000
1724166164269842500,8,484.97,592.07,212.83,43.35,1,2,1.000000
1724166164344428200,8,484.30,591.07,213.94,43.71,1,2,1.000000
1724166164398745700,8,482.35,591.78,215.74,42.79,1,2,1.000000
1724166164467899000,8,487.66,591.50,210.33,43.74,1,2,1.000000
1724166164522106500,8,485.87,591.02,210.93,43.80,1,2,1.000000
1724166164588602900,8,482.42,590.41,215.91,43.91,1,2,1.000000
1724166164651349400,8,481.32,590.38,216.33,43.91,1,2,1.000000
1724166164713465300,8,481.33,590.48,216.59,44.63,1,2,1.000000
1724166164783766200,8,481.29,589.82,219.19,45.36,1,2,1.000000
1724166164844271400,8,481.68,590.23,215.77,45.21,1,2,1.000000
1724166164909725900,8,484.19,591.06,217.02,43.72,1,2,1.000000
1724166164967474000,8,484.07,591.02,217.02,44.55,1,2,1.000000
1724166165037386600,8,482.96,590.94,219.21,44.19,1,2,1.000000
1724166165037386600,30,643.55,632.01,27.48,16.32,1,1,1.000000
1724166165102091500,8,482.41,591.44,218.50,43.23,1,2,1.000000
1724166165172166000,8,486.84,592.60,213.50,41.93,1,2,1.000000
1724166165172166000,30,649.92,634.73,20.02,12.63,1,1,1.000000
1724166165227486900,8,483.21,591.96,214.15,43.13,1,2,1.000000
1724166165227486900,30,656.69,636.96,15.75,10.45,1,1,1.000000
1724166165292939300,8,477.31,590.44,218.48,44.30,1,2,1.000000
1724166165359697200,8,475.11,588.06,220.94,46.04,1,2,1.000000
1724166165359697200,32,640.01,634.06,29.13,16.26,1,1,1.000000
1724166165418978800,8,468.53,584.64,226.57,50.30,1,2,1.000000
1724166165418978800,32,636.67,632.90,33.75,16.58,1,1,1.000000
1724166165487732200,8,468.37,583.23,224.00,52.17,1,2,1.000000
1724166165487732200,32,639.70,635.49,28.22,16.26,1,1,1.000000
1724166165549961600,8,463.06,580.04,230.36,56.22,1,2,1.000000
1724166165549961600,32,637.12,634.17,29.25,18.39,1,1,1.000000
1724166165616326400,8,456.80,574.57,235.68,62.20,1,2,1.000000
1724166165616326400,32,635.03,633.15,29.62,20.26,1,1,1.000000
1724166165677318900,8,448.97,570.42,243.65,65.99,1,2,1.000000
1724166165677318900,32,632.81,631.98,35.08,21.76,1,1,1.000000
1724166165743819200,8,449.14,570.74,243.00,66.03,1,2,1.000000
1724166165743819200,32,628.90,631.49,38.35,21.23,1,1,1.000000
1724166165813198800,8,442.95,567.88,249.98,69.29,1,2,1.000000
1724166165813198800,32,621.35,629.13,47.76,25.13,1,1,1.000000
1724166165865628700,8,444.08,566.90,250.25,69.79,1,2,1.000000
1724166165865628700,32,618.54,629.33,52.03,22.16,1,1,1.000000
1724166165865628700,34,687.66,546.55,55.16,35.81,1,1,1.000000
1724166165927272000,8,445.29,566.82,249.21,69.92,1,2,1.000000
1724166165927272000,32,614.07,626.56,57.95,23.79,1,1,1.000000
1724166165927272000,34,687.55,546.39,54.94,35.00,1,1,1.000000
1724166165996158700,8,443.25,565.89,251.76,70.92,1,2,1.000000
1724166165996158700,32,608.54,622.56,67.91,28.08,1,1,1.000000
1724166166067193900,8,443.83,566.92,249.20,69.31,1,2,1.000000
1724166166067193900,32,599.91,620.44,69.99,28.88,1,1,1.000000
1724166166123626300,8,444.14,568.39,251.76,65.91,1,2,1.000000
1724166166123626300,32,598.06,620.18,61.27,29.31,1,1,1.000000
1724166166191937700,8,447.31,570.48,247.73,61.90,1,2,1.000000
1724166166191937700,32,590.92,617.26,69.95,31.31,1,1,1.000000
1724166166191937700,34,682.07,530.70,48.26,38.01,1,1,1.000000
1724166166251148900,8,451.30,572.72,244.58,57.75,1,2,1.000000
1724166166251148900,32,585.48,615.12,65.20,30.78,1,1,1.000000
1724166166251148900,34,681.84,538.87,51.68,28.35,1,1,1.000000
1724166166316469400,8,453.91,573.15,246.11,57.28,1,2,1.000000
1724166166316469400,32,580.22,615.19,68.85,30.77,1,1,1.000000
1724166166316469400,35,693.07,574.52,34.74,26.31,1,1,1.000000
1724166166378380600,8,454.18,572.46,247.70,57.63,1,2,1.000000
1724166166378380600,32,569.54,613.06,76.09,31.51,1,1,1.000000
1724166166378380600,35,694.73,572.49,32.56,26.29,1,1,1.000000
1724166166441873400,8,455.72,573.29,248.16,55.21,1,2,1.000000
1724166166441873400,32,559.03,610.78,88.19,35.57,1,1,1.000000
1724166166507786000,8,454.98,571.41,249.66,55.54,1,2,1.000000
1724166166507786000,32,558.98,609.46,80.62,34.18,1,1,1.000000
1724166166576288000,8,454.25,570.22,253.96,56.49,1,2,1.000000
1724166166576288000,32,555.14,607.56,87.70,36.06,1,1,1.000000
1724166166638680700,8,455.12,571.81,254.34,51.49,1,2,1.000000
1724166166638680700,32,551.40,608.12,76.72,34.38,1,1,1.000000
1724166166696689000,8,456.81,573.28,252.53,49.39,1,2,1.000000
1724166166696689000,32,547.85,607.73,70.70,32.72,1,1,1.000000
1724166166775818500,8,465.07,575.62,248.16,46.67,1,2,1.000000
1724166166775818500,32,545.73,607.94,70.89,27.84,1,1,1.000000
1724166166827747000,8,462.37,572.77,257.03,49.73,1,2,1.000000
1724166166827747000,32,543.59,606.23,70.37,32.95,1,1,1.000000
1724166166892244900,8,457.87,571.04,262.68,49.89,1,2,1.000000
1724166166892244900,32,537.17,606.11,68.45,31.79,1,1,1.000000
1724166166962090000,8,458.33,569.41,263.26,50.15,1,2,1.000000
1724166166962090000,32,530.52,602.63,71.92,34.26,1,1,1.000000
1724166167024994900,8,457.59,568.11,264.60,49.76,1,2,1.000000
1724166167024994900,32,526.42,601.00,76.22,35.43,1,1,1.000000
1724166167086260600,8,457.58,566.56,264.95,51.02,1,2,1.000000
1724166167086260600,32,523.29,600.94,78.75,36.54,1,1,1.000000
1724166167147103200,8,453.85,566.03,270.25,50.39,1,2,1.000000
1724166167147103200,32,524.99,600.26,75.19,35.68,1,1,1.000000
1724166167215974900,8,453.85,563.90,271.08,53.20,1,2,1.000000
1724166167215974900,32,517.97,598.72,83.25,36.85,1,1,1.000000
1724166167276088600,8,446.28,559.68,278.57,54.90,1,2,1.000000
1724166167276088600,32,518.41,600.81,76.67,34.09,1,1,1.000000
1724166167338946800,8,445.34,559.54,277.75,52.79,1,2,1.000000
1724166167338946800,32,514.76,601.44,74.64,33.64,1,1,1.000000
1724166167408558800,8,452.14,559.27,269.94,52.46,1,2,1.000000
1724166167408558800,32,510.51,599.72,83.45,37.37,1,1,1.000000
1724166167465504200,8,446.40,556.03,276.15,54.93,1,2,1.000000
1724166167465504200,32,511.15,599.47,61.03,36.06,1,1,1.000000
1724166167531743500,8,449.70,554.60,274.93,57.81,1,2,1.000000
1724166167531743500,32,508.63,599.56,64.54,36.36,1,1,1.000000
1724166167598090900,8,441.79,553.74,283.60,55.72,1,2,1.000000
1724166167598090900,32,506.37,599.59,61.04,36.16,1,1,1.000000
1724166167660308200,8,447.37,553.24,283.37,55.85,1,2,1.000000
1724166167660308200,32,502.88,597.04,63.41,38.03,1,1,1.000000
1724166167719327700,8,445.24,552.42,286.87,54.95,1,2,1.000000
1724166167719327700,32,503.17,598.42,63.44,36.65,1,1,1.000000
1724166167785126300,8,435.15,550.94,298.95,53.69,1,2,1.000000
1724166167785126300,32,500.21,604.62,50.52,28.47,1,1,1.000000
1724166167855172800,8,460.79,552.70,273.76,50.68,1,2,1.000000
1724166167855172800,32,500.59,604.15,49.97,28.50,1,1,1.000000
1724166167917206200,8,460.02,552.48,274.36,50.28,1,2,1.000000
1724166167917206200,32,500.75,602.75,54.56,32.31,1,1,1.000000
1724166167978836100,8,450.43,551.26,283.43,50.73,1,2,1.000000
1724166167978836100,32,502.75,607.45,42.94,23.03,1,1,1.000000
1724166168039448900,8,444.55,551.18,291.97,50.73,1,2,1.000000
1724166168039448900,32,502.86,613.27,29.54,16.90,1,1,1.000000
1724166168105156800,8,446.88,551.41,289.96,49.33,1,2,1.000000
1724166168105156800,32,504.93,614.17,27.70,16.92,1,1,1.000000
1724166168170488900,8,440.91,551.00,298.81,49.69,1,2,1.000000
1724166168170488900,32,502.59,616.44,27.07,15.36,1,1,1.000000
1724166168232907300,8,445.89,551.43,291.58,47.95,1,2,1.000000
1724166168303911500,8,445.94,551.12,296.22,47.96,1,2,1.000000
1724166168424147600,8,441.45,550.58,302.68,49.00,1,2,1.000000
1724166168474778900,8,442.16,551.75,302.80,47.15,1,2,1.000000
1724166168525318200,8,442.71,552.55,302.61,46.18,1,2,1.000000
1724166168574520400,8,444.85,553.12,298.03,45.93,1,2,1.000000
1724166168638705700,8,443.34,553.34,300.69,45.96,1,2,1.000000
1724166168694788900,8,443.22,553.40,299.15,44.88,1,2,1.000000
1724166168756629900,8,446.39,553.98,294.95,45.09,1,2,1.000000
1724166168808746600,8,444.63,554.12,297.57,45.19,1,2,1.000000
1724166168879315600,8,449.26,554.11,286.91,44.63,1,2,1.000000
1724166168940842800,8,448.70,553.64,290.68,45.46,1,2,1.000000
1724166169005152600,8,446.47,553.68,299.03,45.26,1,2,1.000000
1724166169090731000,8,451.89,553.90,292.64,44.51,1,2,1.000000
1724166169145848100,8,450.88,554.26,293.50,43.85,1,2,1.000000
1724166169208703500,8,450.47,553.49,294.55,44.64,1,2,1.000000
1724166169259515000,8,451.37,553.70,291.28,45.13,1,2,1.000000
1724166169325878100,8,445.61,553.22,299.49,45.27,1,2,1.000000
1724166169389034200,8,446.53,553.20,299.44,45.02,1,2,1.000000
1724166169456420200,8,449.17,552.87,296.88,45.05,1,2,1.000000
1724166169513288700,8,447.37,552.31,297.28,45.26,1,2,1.000000
1724166169586161300,8,449.42,552.53,295.96,44.65,1,2,1.000000
1724166169645891100,8,448.74,551.89,295.60,45.61,1,2,1.000000
1724166169706012600,8,448.46,552.42,295.62,44.71,1,2,1.000000
1724166169779233300,8,445.94,551.87,298.17,45.31,1,2,1.000000
1724166169833560100,8,449.85,552.34,295.39,45.04,1,2,1.000000
1724166169898225900,8,442.63,551.99,304.59,45.34,1,2,1.000000
1724166169967815700,8,440.57,552.04,305.65,45.00,1,2,1.000000
1724166170028273300,8,437.65,551.16,307.43,45.31,1,2,1.000000
1724166170089180300,8,439.69,551.49,302.46,45.12,1,2,1.000000
1724166170164211500,8,442.28,551.68,299.81,44.45,1,2,1.000000
1724166170221920600,8,441.04,551.69,302.25,44.08,1,2,1.000000
1724166170286460700,8,441.01,551.30,305.35,44.89,1,2,1.000000
1724166170345307500,8,436.88,549.48,311.90,45.50,1,2,1.000000
1724166170408935700,8,435.43,549.65,312.77,45.54,1,2,1.000000
1724166170476115100,8,433.70,548.53,314.08,46.50,1,2,1.000000
1724166170540927300,8,433.37,548.19,313.51,46.64,1,2,1.000000
1724166170601357200,8,433.57,548.20,309.32,47.21,1,2,1.000000
1724166170683282700,8,430.75,547.34,319.33,47.34,1,2,1.000000
1724166170737979500,8,435.80,548.05,314.76,46.53,1,2,1.000000
1724166170793661800,8,436.50,548.40,311.75,45.72,1,2,1.000000
1724166170856802500,8,431.92,547.27,316.91,47.60,1,2,1.000000
1724166170928539100,8,432.76,547.18,315.54,48.19,1,2,1.000000
1724166170990999900,8,433.05,546.93,312.80,48.25,1,2,1.000000
1724166171050350000,8,435.33,547.47,315.53,47.99,1,2,1.000000
1724166171113314900,8,435.95,547.44,313.23,45.85,1,2,1.000000
1724166171180134900,8,434.97,546.25,313.55,47.60,1,2,1.000000
1724166171243540800,8,435.81,546.24,312.34,48.57,1,2,1.000000
1724166171310220600,8,435.15,546.18,312.58,49.03,1,2,1.000000
1724166171375783600,8,434.96,545.60,313.23,48.70,1,2,1.000000
1724166171440605000,8,434.74,546.13,310.10,46.86,1,2,1.000000
1724166171497595300,8,437.21,546.32,309.39,46.64,1,2,1.000000
1724166171571428600,8,436.49,546.45,313.44,46.64,1,2,1.000000
1724166171571428600,40,681.82,607.98,23.24,17.87,1,1,1.000000
1724166171632876800,8,434.32,545.36,315.51,48.25,1,2,1.000000
1724166171632876800,40,679.80,608.13,23.68,17.54,1,1,1.000000
1724166171688552500,8,434.14,546.55,310.62,46.19,1,2,1.000000
1724166171688552500,40,663.82,603.26,40.00,24.43,1,1,1.000000
1724166171755705300,8,435.52,546.61,316.68,46.32,1,2,1.000000
1724166171755705300,40,668.89,606.72,36.68,20.93,1,1,1.000000
1724166171818154900,8,435.89,548.12,311.42,45.46,1,2,1.000000
1724166171818154900,40,664.37,606.22,40.97,23.95,1,1,1.000000
1724166171886819300,8,435.32,546.94,313.78,47.33,1,2,1.000000
1724166171886819300,40,660.07,605.24,43.22,24.93,1,1,1.000000
1724166171949652700,8,438.85,548.25,303.34,45.50,1,2,1.000000
1724166171949652700,40,660.80,605.61,42.66,24.86,1,1,1.000000
1724166172007593100,8,438.89,548.19,307.14,45.40,1,2,1.000000
1724166172007593100,40,655.89,607.00,46.57,24.48,1,1,1.000000
1724166172074826800,8,442.53,549.66,305.23,43.58,1,2,1.000000
1724166172074826800,40,654.34,606.45,48.88,25.87,1,1,1.000000
1724166172138803600,8,441.16,549.18,303.57,44.17,1,2,1.000000
1724166172138803600,40,648.92,607.74,55.79,25.97,1,1,1.000000
1724166172210092800,8,442.11,549.60,302.33,44.05,1,2,1.000000
1724166172210092800,40,640.74,607.30,58.54,27.83,1,1,1.000000
1724166172275668000,8,442.08,548.94,302.24,45.88,1,2,1.000000
1724166172275668000,40,636.05,608.08,61.25,25.77,1,1,1.000000
1724166172333082500,8,437.48,548.30,308.18,46.78,1,2,1.000000
1724166172333082500,40,632.64,607.55,63.81,27.47,1,1,1.000000
1724166172394371800,8,437.71,548.67,306.47,46.63,1,2,1.000000
1724166172394371800,40,630.05,606.29,67.14,29.32,1,1,1.000000
1724166172459259600,8,438.80,548.22,306.67,47.74,1,2,1.000000
1724166172459259600,40,625.59,607.57,69.45,27.66,1,1,1.000000
1724166172459259600,43,683.96,596.96,34.11,17.02,1,1,1.000000
1724166172531399300,8,435.50,548.90,308.26,47.01,1,2,1.000000
1724166172531399300,40,624.20,607.75,71.94,26.29,1,1,1.000000
1724166172531399300,43,680.08,596.05,37.66,17.52,1,1,1.000000
1724166172616756700,8,435.78,548.36,312.90,47.59,1,2,1.000000
1724166172616756700,40,621.69,606.46,71.77,28.24,1,1,1.000000
1724166172616756700,43,672.18,595.34,44.87,18.46,1,1,1.000000
1724166172650221700,8,434.82,547.48,311.00,48.93,1,2,1.000000
1724166172650221700,40,609.14,606.29,84.76,29.78,1,1,1.000000
1724166172650221700,43,671.45,594.33,43.25,17.92,1,1,1.000000
1724166172711702400,8,433.62,548.04,316.59,47.61,1,2,1.000000
1724166172711702400,40,603.31,608.29,61.44,26.91,1,1,1.000000
1724166172711702400,43,667.11,594.28,50.20,19.55,1,1,1.000000
1724166172788189200,8,433.95,547.36,312.12,48.42,1,2,1.000000
1724166172788189200,40,600.94,607.60,69.17,28.47,1,1,1.000000
1724166172788189200,43,661.92,592.24,58.54,21.25,1,1,1.000000
1724166172842796700,8,435.35,548.16,311.35,47.00,1,2,1.000000
1724166172842796700,40,598.51,604.31,68.47,31.96,1,1,1.000000
1724166172842796700,43,652.99,591.26,67.63,23.35,1,1,1.000000
1724166172903967700,8,449.82,547.76,298.04,46.34,1,2,1.000000
1724166172903967700,40,599.79,605.04,70.00,29.28,1,1,1.000000
1724166172903967700,43,652.64,593.17,39.53,14.92,1,1,1.000000
1724166172970984800,8,444.48,546.80,303.53,47.09,1,2,1.000000
1724166172970984800,40,591.23,604.37,108.79,32.32,1,1,1.000000
1724166173038519400,8,451.35,545.07,302.00,50.09,1,2,1.000000
1724166173038519400,40,585.04,601.69,105.20,34.70,1,1,1.000000
1724166173152612500,8,448.74,543.51,306.38,53.29,1,2,1.000000
1724166173152612500,40,551.33,600.60,108.95,41.23,1,1,1.000000
1724166173152612500,47,660.79,605.53,43.09,21.65,1,1,1.000000
1724166173167658400,8,443.73,542.99,290.21,54.98,1,2,1.000000
1724166173167658400,40,552.71,600.81,106.84,39.53,1,1,1.000000
1724166173167658400,47,655.48,603.25,48.95,24.16,1,1,1.000000
1724166173230544900,8,443.96,541.22,302.94,57.31,1,2,1.000000
1724166173230544900,40,548.00,600.72,119.98,39.57,1,1,1.000000
1724166173297919900,8,447.35,539.37,300.76,54.93,1,2,1.000000
1724166173297919900,40,547.81,599.90,101.68,39.15,1,1,1.000000
1724166173353726000,8,446.29,534.63,336.79,57.85,1,2,1.000000
1724166173353726000,47,672.49,597.28,35.74,26.31,1,1,1.000000
1724166173353726000,49,593.96,577.56,49.91,20.45,1,1,1.000000
1724166173420627700,8,447.27,532.96,342.65,61.25,1,2,1.000000
1724166173420627700,47,654.03,585.13,50.12,34.11,1,1,1.000000
1724166173420627700,49,587.41,579.81,51.98,18.62,1,1,1.000000
1724166173480882800,8,451.69,530.85,335.74,60.47,1,2,1.000000
1724166173480882800,40,543.58,602.44,68.36,35.56,1,1,1.000000
1724166173480882800,47,647.15,576.40,52.43,24.97,1,1,1.000000
1724166173480882800,49,578.14,578.88,46.90,18.18,1,1,1.000000
1724166173546744500,8,451.45,526.65,350.10,69.02,1,2,1.000000
1724166173546744500,40,541.46,604.19,68.20,34.28,1,1,1.000000
1724166173546744500,47,632.75,573.44,76.96,26.25,1,1,1.000000
1724166173546744500,53,601.59,590.19,57.81,24.24,1,1,1.000000
1724166173608026200,8,452.82,526.99,335.42,66.95,1,2,1.000000
1724166173608026200,40,534.03,606.60,75.98,33.28,1,1,1.000000
1724166173608026200,47,624.65,572.94,82.01,27.71,1,1,1.000000
1724166173677996600,8,454.65,526.98,311.91,68.44,1,2,1.000000
1724166173677996600,40,535.61,609.86,63.12,29.56,1,1,1.000000
1724166173677996600,47,591.50,574.21,101.91,40.35,1,1,1.000000
1724166173677996600,53,592.98,575.03,92.14,40.66,1,1,1.000000
1724166173742529400,8,453.05,523.71,319.75,70.37,1,2,1.000000
1724166173742529400,40,532.28,611.55,54.06,30.70,1,1,1.000000
1724166173830651100,8,453.95,518.73,347.71,76.11,1,2,1.000000
1724166173830651100,40,531.94,596.73,90.19,48.84,1,1,1.000000
1724166173866359300,8,456.73,521.27,327.42,73.80,1,2,1.000000
1724166173866359300,40,532.06,594.66,89.10,51.93,1,1,1.000000
1724166173866359300,47,618.20,573.40,75.21,28.20,1,1,1.000000
1724166173927977800,8,457.08,518.84,351.05,75.27,1,2,1.000000
1724166173927977800,40,529.69,596.21,93.69,50.69,1,1,1.000000
1724166173927977800,47,601.48,576.73,61.75,27.18,1,1,1.000000
1724166173927977800,60,707.37,576.35,36.65,20.07,1,1,1.000000
1724166173992221700,8,455.21,517.68,351.85,77.82,1,2,1.000000
1724166173992221700,40,527.97,598.55,97.41,46.10,1,1,1.000000
1724166173992221700,47,598.62,578.66,61.88,25.50,1,1,1.000000
1724166173992221700,60,707.19,578.69,27.53,18.40,1,1,1.000000
1724166174059623400,8,459.60,513.02,347.05,83.51,1,2,1.000000
1724166174059623400,40,524.29,600.34,105.03,46.95,1,1,1.000000
1724166174059623400,47,595.56,578.57,64.88,24.68,1,1,1.000000
1724166174059623400,60,693.93,577.67,43.00,19.90,1,1,1.000000
1724166174120739400,8,463.35,505.53,369.65,90.92,1,2,1.000000
1724166174120739400,40,532.77,604.81,67.05,38.77,1,1,1.000000
1724166174120739400,47,596.21,577.72,65.73,25.35,1,1,1.000000
1724166174120739400,60,691.34,577.51,48.53,21.21,1,1,1.000000
1724166174193795600,8,463.29,506.76,367.65,91.84,1,2,1.000000
1724166174193795600,40,530.18,603.00,70.36,42.30,1,1,1.000000
1724166174193795600,47,597.51,579.78,66.73,26.37,1,1,1.000000
1724166174193795600,60,688.06,578.17,40.89,20.63,1,1,1.000000
1724166174249335300,8,460.68,508.35,362.34,88.73,1,2,1.000000
1724166174249335300,40,526.97,606.08,69.48,39.07,1,1,1.000000
1724166174249335300,47,615.09,577.15,55.55,24.92,1,1,1.000000
1724166174249335300,60,686.83,578.03,45.31,20.39,1,1,1.000000
1724166174317995200,8,457.38,520.27,309.95,77.14,1,2,1.000000
1724166174317995200,40,526.03,609.01,73.16,36.33,1,1,1.000000
1724166174383570900,8,463.44,528.35,302.28,66.57,1,2,1.000000
1724166174383570900,40,524.69,611.16,77.42,34.81,1,1,1.000000
1724166174383570900,47,619.11,578.31,46.87,20.95,1,1,1.000000
1724166174383570900,60,683.46,584.44,49.79,18.67,1,1,1.000000
1724166174383570900,65,577.06,589.72,48.30,23.99,1,1,1.000000
1724166174442311700,8,455.51,526.63,342.34,67.50,1,2,1.000000
1724166174442311700,40,526.03,612.28,75.97,33.45,1,1,1.000000
1724166174442311700,60,676.08,584.67,53.65,22.31,1,1,1.000000
1724166174442311700,65,573.19,582.49,70.68,31.54,1,1,1.000000
1724166174506179400,8,452.13,531.47,302.91,61.31,1,2,1.000000
1724166174506179400,40,526.11,612.68,77.28,32.98,1,1,1.000000
1724166174506179400,60,677.57,586.56,43.79,21.42,1,1,1.000000
1724166174506179400,65,569.73,581.46,77.18,34.16,1,1,1.000000
1724166174576657900,8,447.77,534.58,323.95,55.18,1,2,1.000000
1724166174576657900,60,674.26,588.24,49.93,21.06,1,1,1.000000
1724166174576657900,65,577.12,587.04,70.99,29.44,1,1,1.000000
1724166174637471800,8,447.27,535.60,306.41,53.12,1,2,1.000000
1724166174637471800,40,528.19,611.95,60.68,34.76,1,1,1.000000
1724166174637471800,60,671.77,589.11,48.95,25.80,1,1,1.000000
1724166174637471800,65,577.31,588.29,68.88,28.16,1,1,1.000000
1724166174703898500,8,447.61,534.19,321.94,54.22,1,2,1.000000
1724166174703898500,40,534.47,615.98,64.87,29.20,1,1,1.000000
1724166174703898500,60,670.27,591.42,47.85,23.72,1,1,1.000000
1724166174703898500,65,583.44,587.50,71.44,28.97,1,1,1.000000
1724166174764864800,8,439.77,534.57,332.25,53.24,1,2,1.000000
1724166174764864800,40,527.42,613.90,48.92,32.23,1,1,1.000000
1724166174764864800,60,667.87,592.69,49.49,22.60,1,1,1.000000
1724166174764864800,65,574.64,586.59,73.21,33.49,1,1,1.000000
1724166174764864800,68,522.03,604.53,50.42,34.81,1,1,1.000000
1724166174824655100,8,436.53,534.59,326.03,53.01,1,2,1.000000
1724166174824655100,60,669.78,597.46,47.66,21.32,1,1,1.000000
1724166174824655100,65,578.39,587.45,66.43,30.90,1,1,1.000000
1724166174824655100,68,519.99,606.10,53.13,39.63,1,1,1.000000
1724166174891189200,8,455.89,532.90,312.04,53.15,1,2,1.000000
1724166174891189200,60,666.80,596.73,47.72,23.27,1,1,1.000000
1724166174891189200,65,559.88,586.79,79.65,35.69,1,1,1.000000
1724166174891189200,68,517.79,609.01,48.40,35.49,1,1,1.000000
1724166174953490500,8,429.30,530.26,325.47,57.66,1,2,1.000000
1724166174953490500,60,668.93,599.50,45.17,20.39,1,1,1.000000
1724166174953490500,65,569.07,590.53,70.94,31.49,1,1,1.000000
1724166174953490500,68,520.55,614.54,45.24,31.17,1,1,1.000000
1724166175032611100,8,435.46,529.56,317.29,59.15,1,2,1.000000
1724166175032611100,60,664.60,599.16,43.98,25.26,1,1,1.000000
1724166175032611100,65,572.74,590.26,77.25,31.43,1,1,1.000000
1724166175032611100,68,519.26,614.36,45.34,29.89,1,1,1.000000
1724166175081305800,8,414.65,522.38,339.36,66.35,1,2,1.000000
1724166175081305800,60,664.63,598.56,45.04,24.71,1,1,1.000000
1724166175081305800,65,572.04,592.04,72.03,28.44,1,1,1.000000
1724166175081305800,68,517.16,612.87,53.06,29.74,1,1,1.000000
1724166175158447100,8,417.65,520.13,337.66,68.23,1,2,1.000000
1724166175158447100,60,665.27,600.02,41.07,23.72,1,1,1.000000
1724166175158447100,65,570.09,590.73,68.72,30.52,1,1,1.000000
1724166175158447100,68,517.52,613.05,55.88,30.20,1,1,1.000000
1724166175210823700,8,391.25,509.65,363.12,79.78,1,2,1.000000
1724166175210823700,60,663.18,601.40,43.49,25.52,1,1,1.000000
1724166175210823700,65,570.66,591.12,72.66,30.38,1,1,1.000000
1724166175210823700,68,517.84,614.67,53.59,28.26,1,1,1.000000
1724166175275956200,8,390.90,509.50,362.63,78.27,1,2,1.000000
1724166175275956200,60,661.49,602.60,43.17,22.30,1,1,1.000000
1724166175275956200,65,567.70,589.09,68.65,32.96,1,1,1.000000
1724166175275956200,68,514.13,612.54,44.39,30.89,1,1,1.000000
1724166175346074200,8,387.90,507.69,364.35,81.75,1,2,1.000000
1724166175346074200,60,659.74,603.25,46.70,24.01,1,1,1.000000
1724166175346074200,65,572.51,590.07,60.56,29.58,1,1,1.000000
1724166175346074200,68,513.50,612.81,45.41,31.47,1,1,1.000000
1724166175404232800,8,381.98,505.99,370.70,82.00,1,2,1.000000
1724166175404232800,60,658.25,603.08,48.71,25.20,1,1,1.000000
1724166175404232800,65,567.23,592.88,57.87,26.64,1,1,1.000000
1724166175404232800,68,512.02,612.34,39.75,29.81,1,1,1.000000
1724166175470694500,8,378.43,506.90,374.13,82.26,1,2,1.000000
1724166175470694500,60,654.65,601.77,53.64,26.15,1,1,1.000000
1724166175470694500,65,564.50,593.40,57.06,25.84,1,1,1.000000
1724166175470694500,68,513.99,615.53,36.59,25.20,1,1,1.000000
1724166175528641800,8,382.79,499.61,368.89,91.04,1,2,1.000000
1724166175528641800,60,647.71,601.12,60.01,28.71,1,1,1.000000
1724166175528641800,65,558.27,596.15,62.03,23.53,1,1,1.000000
1724166175528641800,68,515.11,620.01,27.56,20.78,1,1,1.000000
1724166175594437200,8,377.56,504.72,373.72,83.57,1,2,1.000000
1724166175594437200,60,644.41,603.23,58.54,28.93,1,1,1.000000
1724166175594437200,65,558.76,598.67,56.89,21.05,1,1,1.000000
1724166175594437200,68,515.59,622.93,23.68,17.11,1,1,1.000000
1724166175665844800,8,393.29,501.00,356.61,90.99,1,2,1.000000
1724166175665844800,60,639.77,602.62,59.89,29.31,1,1,1.000000
1724166175665844800,65,541.71,599.13,66.04,23.87,1,1,1.000000
1724166175665844800,68,514.77,625.43,21.64,15.20,1,1,1.000000
1724166175724284800,8,377.03,503.78,374.46,84.96,1,2,1.000000
1724166175724284800,60,635.56,601.61,63.32,32.74,1,1,1.000000
1724166175724284800,65,553.93,598.25,49.60,23.03,1,1,1.000000
1724166175791144100,8,379.52,502.15,371.96,86.87,1,2,1.000000
1724166175791144100,60,625.22,600.63,71.20,33.56,1,1,1.000000
1724166175852353000,8,378.69,499.16,372.08,90.95,1,2,1.000000
1724166175852353000,60,622.46,600.17,70.30,34.18,1,1,1.000000
1724166175852353000,65,542.10,594.32,51.05,30.02,1,1,1.000000
1724166175915487600,8,399.13,501.94,352.68,85.89,1,2,1.000000
1724166175915487600,60,606.51,600.32,85.66,35.24,1,1,1.000000
1724166175984475000,8,388.64,502.45,360.45,84.92,1,2,1.000000
1724166175984475000,60,601.24,596.86,88.46,38.65,1,1,1.000000
1724166176056497900,8,380.53,502.31,371.01,84.53,1,2,1.000000
1724166176056497900,60,601.44,597.59,85.63,38.51,1,1,1.000000
1724166176056497900,72,673.24,590.12,41.45,26.74,1,1,1.000000
1724166176105704400,8,380.96,504.20,370.66,81.69,1,2,1.000000
1724166176105704400,60,600.07,596.78,86.00,39.69,1,1,1.000000
1724166176105704400,72,672.07,590.01,46.94,28.27,1,1,1.000000
1724166176178903900,8,380.65,506.13,370.29,79.74,1,2,1.000000
1724166176178903900,60,599.70,595.47,81.40,37.70,1,1,1.000000
1724166176178903900,72,671.12,591.87,48.62,30.26,1,1,1.000000
1724166176237900000,8,380.34,508.01,372.70,77.83,1,2,1.000000
1724166176237900000,60,591.18,594.25,74.56,33.93,1,1,1.000000
1724166176237900000,72,659.23,585.06,62.83,35.91,1,1,1.000000
1724166176296718400,8,386.60,507.95,372.08,74.58,1,2,1.000000
1724166176296718400,60,581.69,592.97,85.47,36.41,1,1,1.000000
1724166176296718400,72,658.30,589.40,65.48,29.75,1,1,1.000000
1724166176296718400,74,650.66,615.17,42.36,17.36,1,1,1.000000
1724166176362215900,8,386.29,508.80,374.02,74.79,1,2,1.000000
1724166176362215900,60,580.07,591.42,72.89,33.71,1,1,1.000000
1724166176362215900,72,649.57,586.84,71.00,30.20,1,1,1.000000
1724166176362215900,74,647.93,614.62,43.86,18.10,1,1,1.000000
1724166176431545400,8,390.29,512.05,370.99,67.72,1,2,1.000000
1724166176431545400,60,547.87,588.36,89.67,40.81,1,1,1.000000
1724166176431545400,72,659.66,586.89,62.89,26.91,1,1,1.000000
1724166176490846000,8,388.97,510.57,363.71,75.29,1,2,1.000000
1724166176490846000,60,543.97,589.12,97.33,41.79,1,1,1.000000
1724166176490846000,72,652.48,585.27,66.62,33.21,1,1,1.000000
1724166176555861800,8,389.10,511.52,374.82,68.41,1,2,1.000000
1724166176555861800,60,546.30,588.80,88.60,39.65,1,1,1.000000
1724166176555861800,72,629.83,582.01,90.30,36.05,1,1,1.000000
1724166176618054700,8,410.02,518.03,359.65,59.43,1,2,1.000000
1724166176618054700,60,541.11,591.44,69.59,33.03,1,1,1.000000
1724166176618054700,72,628.15,580.51,86.39,37.36,1,1,1.000000
1724166176618054700,76,594.14,605.98,53.71,20.83,1,1,1.000000
1724166176681535400,8,400.99,518.39,370.05,57.71,1,2,1.000000
1724166176681535400,60,540.17,591.92,71.67,29.74,1,1,1.000000
1724166176681535400,72,614.94,576.29,87.57,35.06,1,1,1.000000
1724166176681535400,76,583.24,606.63,66.98,20.92,1,1,1.000000
1724166176746267100,8,409.53,517.72,368.74,60.11,1,2,1.000000
1724166176746267100,72,606.53,575.09,87.60,33.54,1,1,1.000000
1724166176808086700,8,412.86,518.58,363.14,57.67,1,2,1.000000
1724166176808086700,72,601.70,575.57,74.54,32.00,1,1,1.000000
1724166176885196000,8,410.15,518.09,369.63,58.87,1,2,1.000000
1724166176885196000,72,596.20,574.37,72.62,32.73,1,1,1.000000
1724166176941173400,8,414.23,519.97,367.56,54.70,1,2,1.000000
1724166176941173400,72,592.92,572.85,76.71,34.94,1,1,1.000000
1724166177000983200,8,415.75,519.24,365.80,54.28,1,2,1.000000
1724166177000983200,60,508.77,597.79,100.19,36.38,1,1,1.000000
1724166177000983200,72,588.41,573.15,85.42,36.61,1,1,1.000000
1724166177067066700,8,414.84,518.78,362.21,53.80,1,2,1.000000
1724166177067066700,60,508.75,598.13,70.99,33.11,1,1,1.000000
1724166177067066700,72,584.06,573.60,87.19,36.91,1,1,1.000000
1724166177138018600,8,420.42,520.50,352.85,50.93,1,2,1.000000
1724166177138018600,60,509.20,597.92,59.90,34.17,1,1,1.000000
1724166177138018600,72,574.70,574.26,80.23,38.51,1,1,1.000000
1724166177195511000,8,432.16,521.17,336.69,49.98,1,2,1.000000
1724166177195511000,60,508.38,601.99,52.56,31.66,1,1,1.000000
1724166177195511000,72,572.07,575.54,72.48,36.69,1,1,1.000000
1724166177258635300,8,421.86,518.88,369.55,54.09,1,2,1.000000
1724166177258635300,60,509.13,599.88,43.95,33.28,1,1,1.000000
1724166177258635300,72,561.96,573.78,75.28,33.20,1,1,1.000000
1724166177258635300,76,549.24,580.70,82.26,58.24,1,1,1.000000
1724166177336707200,8,425.37,516.76,365.22,55.24,1,2,1.000000
1724166177336707200,60,508.80,598.38,42.28,35.85,1,1,1.000000
1724166177336707200,72,554.20,577.30,76.43,40.31,1,1,1.000000
1724166177336707200,76,556.44,577.45,72.96,43.94,1,1,1.000000
1724166177389498500,8,431.32,517.89,349.48,54.83,1,2,1.000000
1724166177389498500,72,549.58,576.80,77.94,41.28,1,1,1.000000
1724166177389498500,76,552.28,578.57,74.08,42.93,1,1,1.000000
1724166177454029500,8,423.98,513.79,358.39,58.27,1,2,1.000000
1724166177454029500,60,507.81,605.83,37.42,25.54,1,1,1.000000
1724166177454029500,72,551.15,577.47,75.35,39.55,1,1,1.000000
1724166177454029500,76,550.38,576.57,78.10,40.51,1,1,1.000000
1724166177516662200,8,424.21,514.61,370.43,55.34,1,2,1.000000
1724166177516662200,72,522.63,578.00,100.18,47.08,1,1,1.000000
1724166177516662200,90,682.56,569.32,58.80,28.30,1,1,1.000000
1724166177577827000,8,424.31,517.94,355.61,51.98,1,2,1.000000
1724166177577827000,60,506.85,607.66,35.59,20.33,1,1,1.000000
1724166177577827000,76,544.45,576.08,86.90,43.00,1,1,1.000000
1724166177577827000,91,521.05,621.99,50.48,21.03,1,1,1.000000
1724166177647586700,8,416.27,516.58,358.80,53.43,1,2,1.000000
1724166177647586700,76,553.39,579.93,75.53,30.65,1,1,1.000000
1724166177647586700,90,680.22,570.09,59.07,22.12,1,1,1.000000
1724166177647586700,91,519.96,614.15,51.57,30.77,1,1,1.000000
1724166177647586700,93,692.74,591.87,31.28,15.55,1,1,1.000000
1724166177707729600,8,416.13,514.53,362.93,55.41,1,2,1.000000
1724166177707729600,72,517.42,578.32,103.50,45.61,1,1,1.000000
1724166177707729600,91,523.39,618.34,49.58,25.48,1,1,1.000000
1724166177770277600,8,402.48,505.63,369.37,67.56,1,2,1.000000
1724166177770277600,72,542.89,578.34,79.34,44.20,1,1,1.000000
1724166177770277600,91,515.90,621.35,43.97,22.48,1,1,1.000000
1724166177843634500,8,395.57,498.92,371.57,76.32,1,2,1.000000
1724166177843634500,72,537.42,579.95,83.86,43.91,1,1,1.000000
1724166177843634500,91,514.38,620.15,41.69,19.55,1,1,1.000000
1724166177905560400,8,393.64,493.46,381.57,88.19,1,2,1.000000
1724166177905560400,60,497.93,601.55,41.93,24.78,1,1,1.000000
1724166177905560400,72,530.52,580.86,86.28,56.86,1,1,1.000000
1724166177984967100,8,386.79,487.26,377.28,96.84,1,2,1.000000
1724166177984967100,60,497.74,598.18,39.88,28.41,1,1,1.000000
1724166177984967100,72,528.89,579.76,85.27,56.48,1,1,1.000000
1724166177984967100,103,674.65,586.64,44.21,30.29,1,1,1.000000
1724166178030342700,8,379.76,486.83,383.95,96.80,1,2,1.000000
1724166178030342700,72,525.64,584.64,78.26,49.70,1,1,1.000000
1724166178030342700,103,665.93,584.74,61.12,23.40,1,1,1.000000
1724166178103184900,8,379.29,482.62,389.87,99.99,1,2,1.000000
1724166178103184900,72,498.38,579.59,109.23,53.25,1,1,1.000000
1724166178103184900,103,664.77,587.12,56.87,22.79,1,1,1.000000
1724166178103184900,105,683.94,605.03,28.09,16.54,1,1,1.000000
1724166178154094400,8,372.17,481.62,394.60,97.44,1,2,1.000000
1724166178154094400,72,500.42,585.43,90.94,44.58,1,1,1.000000
1724166178154094400,105,678.45,603.52,32.04,19.39,1,1,1.000000
1724166178218283100,8,398.35,477.86,366.27,104.29,1,2,1.000000
1724166178218283100,72,504.56,581.83,94.58,50.69,1,1,1.000000
1724166178218283100,103,652.80,590.05,67.08,29.19,1,1,1.000000