1724169344076533600,1,0.00,78.17,54.86,70.29,1,1,1.000000
1724169344153392400,1,0.00,69.12,85.00,109.19,1,1,1.000000
1724169344228474100,1,0.23,70.99,115.90,112.48,1,1,1.000000
1724169344228474100,2,0.00,0.00,243.62,46.18,1,1,1.000000
1724169344273829600,1,0.13,68.39,163.75,128.51,1,1,1.000000
1724169344273829600,2,0.00,0.00,292.92,50.30,1,1,1.000000
1724169344351641000,1,0.14,68.76,189.85,136.97,1,1,1.000000
1724169344351641000,2,0.15,0.00,334.11,43.38,1,1,1.000000
1724169344382647900,1,0.00,68.83,216.15,149.94,1,1,1.000000
1724169344382647900,2,1.11,0.00,385.54,56.00,1,1,1.000000
1724169344472940300,1,0.00,67.94,246.14,157.25,1,1,1.000000
1724169344472940300,2,13.79,0.00,406.85,57.93,1,1,1.000000
1724169344503248100,1,0.00,68.86,267.07,156.33,1,1,1.000000
1724169344503248100,2,80.88,0.00,380.35,46.14,1,1,1.000000
1724169344548514300,1,0.00,66.80,286.41,166.89,1,1,1.000000
1724169344548514300,2,99.37,0.00,374.20,43.08,1,1,1.000000
1724169344623855000,1,0.00,64.83,305.64,158.03,1,1,1.000000
1724169344623855000,2,120.78,0.11,373.07,40.91,1,1,1.000000
1724169344713568200,1,0.18,63.11,328.09,155.58,1,1,1.000000
1724169344789889500,1,0.57,60.59,357.72,153.57,1,1,1.000000
1724169344835772600,1,0.73,54.22,381.20,155.20,1,1,1.000000
1724169344914276900,1,0.51,52.01,407.01,149.58,1,1,1.000000
1724169344957934300,1,0.77,46.70,428.71,145.96,1,1,1.000000
1724169345033748700,1,0.89,43.50,464.67,146.05,1,1,1.000000
1724169345063843300,1,0.02,37.58,499.70,158.88,1,1,1.000000
1724169345153792300,1,1.83,31.36,512.14,169.73,1,1,1.000000
1724169345184171400,1,5.04,25.60,531.34,169.30,1,1,1.000000
1724169345184171400,3,0.40,12.92,175.33,100.73,1,1,1.000000
1724169345274445500,1,1.96,16.08,565.65,177.76,1,1,1.000000
1724169345274445500,3,0.28,1.88,229.82,134.67,1,1,1.000000
1724169345303601000,1,0.91,2.68,601.77,184.17,1,1,1.000000
1724169345396277800,1,0.09,0.15,633.69,178.76,1,1,1.000000
1724169345471919600,1,0.00,0.72,677.37,132.05,1,1,1.000000
1724169345502372900,1,0.00,0.31,726.80,127.71,1,1,1.000000
1724169345594436700,1,0.00,0.00,761.82,112.92,1,1,1.000000
1724169345624509700,1,0.00,0.11,805.56,103.87,1,1,1.000000
1724169345672103300,1,33.91,0.02,790.07,97.62,1,1,1.000000
1724169345672103300,5,0.00,334.75,250.20,116.52,1,1,1.000000
1724169345748838400,1,129.01,0.00,744.40,92.78,1,1,1.000000
1724169345748838400,5,1.32,306.78,327.72,145.28,1,1,1.000000
1724169345822061900,1,208.20,0.11,671.95,91.07,1,1,1.000000
1724169345822061900,5,1.59,299.23,370.97,149.52,1,1,1.000000
1724169345868849400,1,292.62,0.00,783.84,87.82,1,1,1.000000
1724169345868849400,5,2.35,305.33,438.44,133.95,1,1,1.000000
1724169345868849400,7,0.00,200.33,200.40,118.91,1,1,1.000000
1724169345944479000,1,362.00,0.17,621.36,83.07,1,1,1.000000
1724169345944479000,5,67.46,301.43,443.85,137.23,1,1,1.000000
1724169345944479000,7,0.93,191.42,261.54,125.59,1,1,1.000000
1724169345944479000,8,0.60,8.77,188.85,123.00,1,1,1.000000
1724169345989516700,1,492.52,0.30,575.02,83.76,1,1,1.000000
1724169345989516700,5,132.69,309.60,451.11,123.84,1,1,1.000000
1724169345989516700,7,0.50,176.11,327.06,146.42,1,1,1.000000
1724169345989516700,8,0.30,1.24,246.13,128.86,1,1,1.000000
1724169346065143700,1,515.40,0.33,656.34,80.52,1,1,1.000000
1724169346065143700,5,195.00,309.60,442.42,120.71,1,1,1.000000
1724169346065143700,7,0.88,176.95,393.93,135.25,1,1,1.000000
1724169346065143700,8,0.32,0.52,309.67,127.49,1,1,1.000000
1724169346110271400,1,624.82,0.69,653.04,81.21,1,1,1.000000
1724169346110271400,5,232.13,308.81,470.87,123.90,1,1,1.000000
1724169346110271400,7,1.20,174.14,473.32,134.99,1,1,1.000000
1724169346110271400,8,0.53,0.40,368.41,131.30,1,1,1.000000
1724169346187902000,1,781.84,0.31,496.38,85.75,1,1,1.000000
1724169346187902000,5,263.05,304.66,509.83,142.41,1,1,1.000000
1724169346187902000,7,0.38,166.86,518.08,143.25,1,1,1.000000
1724169346187902000,8,0.57,0.43,429.51,129.27,1,1,1.000000
1724169346263159800,1,843.30,0.07,434.89,92.03,1,1,1.000000
1724169346263159800,5,295.63,303.94,507.67,140.66,1,1,1.000000
1724169346263159800,7,0.62,161.79,564.84,146.92,1,1,1.000000
1724169346263159800,8,1.16,0.32,479.60,130.30,1,1,1.000000
1724169346310102200,1,780.53,0.04,496.72,101.24,1,1,1.000000
1724169346310102200,5,324.19,299.97,533.29,170.71,1,1,1.000000
1724169346310102200,7,6.80,164.58,608.38,146.95,1,1,1.000000
1724169346310102200,8,0.37,0.35,516.31,133.78,1,1,1.000000
1724169346310102200,9,0.32,375.55,109.75,139.62,1,1,1.000000
1724169346310102200,10,53.07,689.92,288.46,29.38,1,1,1.000000
1724169346384968200,1,816.70,0.15,460.33,113.92,1,1,1.000000
1724169346384968200,5,383.43,308.16,521.05,156.60,1,1,1.000000
1724169346384968200,7,71.66,170.72,608.26,148.88,1,1,1.000000
1724169346384968200,8,0.17,0.25,540.09,138.23,1,1,1.000000
1724169346384968200,9,0.07,382.43,149.61,158.16,1,1,1.000000
1724169346384968200,10,78.20,685.54,269.31,33.73,1,1,1.000000
1724169346428641800,1,865.28,0.10,411.99,123.02,1,1,1.000000
1724169346428641800,5,442.95,315.43,488.29,160.28,1,1,1.000000
1724169346428641800,7,120.47,176.67,573.18,148.67,1,1,1.000000
1724169346428641800,8,0.31,0.30,576.50,145.13,1,1,1.000000
1724169346428641800,9,0.06,388.95,174.58,164.49,1,1,1.000000
1724169346428641800,10,96.72,691.08,244.81,28.34,1,1,1.000000
1724169346473497600,1,826.46,0.00,451.38,135.65,1,1,1.000000
1724169346473497600,5,480.13,322.40,486.35,145.14,1,1,1.000000
1724169346473497600,7,185.64,183.98,560.34,150.42,1,1,1.000000
1724169346473497600,8,0.05,0.55,606.74,159.06,1,1,1.000000
1724169346473497600,9,0.19,406.39,210.48,156.70,1,1,1.000000
1724169346473497600,10,105.77,695.68,226.63,24.09,1,1,1.000000
1724169346549041100,1,957.94,0.28,321.42,141.17,1,1,1.000000
1724169346549041100,5,510.85,323.52,504.77,158.76,1,1,1.000000
1724169346549041100,7,232.37,182.74,542.05,152.72,1,1,1.000000
1724169346549041100,8,1.86,0.13,643.44,169.59,1,1,1.000000
1724169346549041100,9,0.25,426.10,230.39,149.76,1,1,1.000000
1724169346549041100,11,0.01,89.23,78.20,60.71,1,1,1.000000
1724169346628226700,1,1010.83,0.77,269.30,144.27,1,1,1.000000
1724169346628226700,5,552.74,336.02,509.09,152.13,1,1,1.000000
1724169346628226700,7,275.27,187.95,535.82,152.24,1,1,1.000000
1724169346628226700,8,41.88,0.58,636.84,183.53,1,1,1.000000
1724169346628226700,9,0.54,429.44,265.42,157.64,1,1,1.000000
1724169346628226700,11,0.23,69.75,99.90,83.39,1,1,1.000000
1724169346704019100,1,1074.37,1.96,205.32,152.21,1,1,1.000000
1724169346704019100,5,564.12,342.02,553.38,157.19,1,1,1.000000
1724169346704019100,7,290.93,195.87,566.26,151.14,1,1,1.000000
1724169346704019100,8,98.99,1.19,609.60,189.21,1,1,1.000000
1724169346704019100,9,0.55,436.35,295.95,165.28,1,1,1.000000
1724169346704019100,11,0.11,64.34,130.56,92.09,1,1,1.000000
1724169346750576000,1,1103.30,17.26,176.60,131.97,1,1,1.000000
1724169346750576000,5,590.77,359.28,588.20,152.27,1,1,1.000000
1724169346750576000,7,311.96,200.68,600.50,158.86,1,1,1.000000
1724169346750576000,8,157.56,3.12,593.58,195.05,1,1,1.000000
1724169346750576000,9,0.99,444.27,332.97,175.52,1,1,1.000000
1724169346750576000,11,0.52,52.62,165.22,109.10,1,1,1.000000
1724169346826616200,1,1144.36,15.23,135.40,136.71,1,1,1.000000
1724169346826616200,5,619.99,365.17,595.61,149.33,1,1,1.000000
1724169346826616200,7,388.05,205.92,572.34,156.98,1,1,1.000000
1724169346826616200,8,194.02,1.44,590.71,204.63,1,1,1.000000
1724169346826616200,9,1.09,453.80,368.74,179.62,1,1,1.000000
1724169346826616200,11,0.00,29.84,209.11,134.55,1,1,1.000000
1724169346871149400,1,1187.12,88.43,93.17,67.63,1,1,1.000000
1724169346871149400,5,681.91,359.80,585.75,155.24,1,1,1.000000
1724169346871149400,7,445.71,209.95,558.70,158.88,1,1,1.000000
1724169346871149400,8,252.01,19.16,570.21,190.16,1,1,1.000000
1724169346871149400,9,0.70,452.41,417.67,187.46,1,1,1.000000
1724169346871149400,11,0.17,23.23,248.37,143.82,1,1,1.000000
1724169346871149400,13,273.01,684.03,319.74,35.33,1,1,1.000000
1724169346947131400,5,723.27,363.58,556.06,153.16,1,1,1.000000
1724169346947131400,7,496.07,212.62,563.04,161.31,1,1,1.000000
1724169346947131400,8,286.88,3.25,576.38,210.95,1,1,1.000000
1724169346947131400,9,1.04,446.59,467.29,196.66,1,1,1.000000
1724169346947131400,11,0.39,14.44,289.95,159.26,1,1,1.000000
1724169346947131400,13,294.12,679.11,351.01,40.23,1,1,1.000000
1724169346992958100,5,774.57,359.18,505.21,158.60,1,1,1.000000
1724169346992958100,7,550.84,211.51,544.44,164.79,1,1,1.000000
1724169346992958100,8,318.22,2.36,589.33,214.90,1,1,1.000000
1724169346992958100,9,2.28,414.07,504.63,235.61,1,1,1.000000
1724169346992958100,11,0.00,3.09,320.92,175.84,1,1,1.000000
1724169346992958100,13,308.59,677.43,351.06,42.03,1,1,1.000000
1724169347069430700,5,824.37,363.22,455.31,152.26,1,1,1.000000
1724169347069430700,7,578.70,203.95,578.53,174.94,1,1,1.000000
1724169347069430700,8,355.85,13.37,594.57,203.29,1,1,1.000000
1724169347069430700,9,101.33,437.74,456.69,218.84,1,1,1.000000
1724169347069430700,11,0.23,16.40,357.12,171.38,1,1,1.000000
1724169347069430700,13,331.93,675.63,357.03,43.79,1,1,1.000000
1724169347117334400,5,874.44,370.45,405.48,140.27,1,1,1.000000
1724169347117334400,7,629.93,208.27,594.30,175.25,1,1,1.000000
1724169347117334400,8,417.14,38.11,566.07,176.57,1,1,1.000000
1724169347117334400,9,110.75,474.88,498.65,199.12,1,1,1.000000
1724169347117334400,11,0.00,28.17,386.24,168.34,1,1,1.000000
1724169347117334400,13,364.41,662.09,358.74,57.25,1,1,1.000000
1724169347192489100,5,910.78,369.12,368.79,134.43,1,1,1.000000
1724169347192489100,7,677.93,202.98,599.32,185.18,1,1,1.000000
1724169347192489100,8,450.66,51.16,566.86,158.56,1,1,1.000000
1724169347192489100,9,128.99,514.97,529.39,165.23,1,1,1.000000
1724169347192489100,11,0.00,42.49,412.94,166.02,1,1,1.000000
1724169347192489100,13,379.64,669.52,387.73,49.59,1,1,1.000000
1724169347222419500,5,962.97,372.89,316.57,106.49,1,1,1.000000
1724169347222419500,7,693.83,209.28,584.74,169.33,1,1,1.000000
1724169347222419500,8,495.24,47.69,543.18,154.61,1,1,1.000000
1724169347222419500,9,174.01,535.69,532.30,150.52,1,1,1.000000
1724169347222419500,11,0.00,54.56,440.84,163.56,1,1,1.000000
1724169347222419500,13,528.29,672.67,290.68,47.21,1,1,1.000000
1724169347314525600,5,1025.98,369.47,253.70,106.66,1,1,1.000000
1724169347314525600,7,742.28,211.36,536.48,165.20,1,1,1.000000
1724169347314525600,8,542.20,42.16,521.40,154.16,1,1,1.000000
1724169347314525600,9,244.09,530.54,518.86,154.07,1,1,1.000000
1724169347314525600,11,0.00,66.82,465.77,159.18,1,1,1.000000
1724169347314525600,13,385.54,676.34,493.58,42.95,1,1,1.000000
1724169347345000200,5,1074.38,351.32,205.30,100.66,1,1,1.000000
1724169347345000200,7,791.86,200.52,487.06,166.29,1,1,1.000000
1724169347345000200,8,581.59,39.86,514.69,153.26,1,1,1.000000
1724169347345000200,9,306.37,524.21,502.85,157.97,1,1,1.000000
1724169347345000200,11,0.00,77.20,500.97,156.94,1,1,1.000000
1724169347345000200,13,433.70,674.26,483.51,45.30,1,1,1.000000
1724169347436587300,5,1093.37,340.84,186.71,95.56,1,1,1.000000
1724169347436587300,7,830.88,193.25,447.12,164.67,1,1,1.000000
1724169347436587300,8,612.55,36.22,533.61,148.12,1,1,1.000000
1724169347436587300,9,362.97,515.91,519.35,161.33,1,1,1.000000
1724169347436587300,11,0.00,79.77,526.55,160.52,1,1,1.000000
1724169347436587300,13,470.24,660.63,498.95,59.02,1,1,1.000000
1724169347465868400,5,1140.68,327.02,139.50,82.15,1,1,1.000000
1724169347465868400,7,870.32,177.38,408.63,229.93,1,1,1.000000
1724169347465868400,8,635.76,26.57,561.03,152.50,1,1,1.000000
1724169347465868400,9,411.48,520.12,513.60,154.59,1,1,1.000000
1724169347465868400,11,25.46,77.55,542.66,163.48,1,1,1.000000
1724169347465868400,13,518.49,659.90,491.05,59.68,1,1,1.000000
1724169347588318600,7,970.22,179.74,309.33,182.68,1,1,1.000000
1724169347588318600,8,724.39,9.39,552.07,157.99,1,1,1.000000
1724169347588318600,9,459.18,556.91,565.12,102.78,1,1,1.000000
1724169347588318600,11,112.79,83.94,507.94,158.62,1,1,1.000000
1724169347588318600,13,565.74,654.93,472.50,64.75,1,1,1.000000
1724169347588318600,17,1080.99,677.34,198.53,42.32,1,1,1.000000
1724169347667619300,7,1007.18,165.00,272.73,143.45,1,1,1.000000
1724169347667619300,8,775.17,1.23,502.34,165.48,1,1,1.000000
1724169347667619300,9,508.48,552.50,564.10,103.39,1,1,1.000000
1724169347667619300,11,121.33,89.91,523.96,152.46,1,1,1.000000
1724169347667619300,13,595.46,652.17,469.50,67.70,1,1,1.000000
1724169347667619300,17,1068.99,669.40,210.04,50.39,1,1,1.000000
1724169347667619300,20,245.59,693.75,243.20,25.73,1,1,1.000000
1724169347757779100,7,1056.54,170.86,223.11,133.25,1,1,1.000000
1724169347757779100,8,805.05,0.47,472.22,157.43,1,1,1.000000
1724169347757779100,9,544.92,549.44,562.97,107.51,1,1,1.000000
1724169347757779100,11,116.91,96.38,554.44,146.33,1,1,1.000000
1724169347757779100,13,621.11,647.83,489.70,72.04,1,1,1.000000
1724169347757779100,17,965.86,663.98,311.29,55.83,1,1,1.000000
1724169347757779100,20,248.20,694.98,239.80,25.07,1,1,1.000000
1724169347788394600,7,1114.00,176.03,165.34,136.45,1,1,1.000000
1724169347788394600,8,817.12,0.41,460.77,148.52,1,1,1.000000
1724169347788394600,9,594.97,542.10,553.53,113.79,1,1,1.000000
1724169347788394600,11,135.31,101.92,569.28,140.21,1,1,1.000000
1724169347788394600,13,654.21,646.83,456.29,72.87,1,1,1.000000
1724169347788394600,17,1061.76,658.28,218.46,60.38,1,1,1.000000
1724169347788394600,21,655.89,647.50,304.28,72.49,1,1,1.000000
1724169347876592600,7,1167.30,176.27,111.99,116.31,1,1,1.000000
1724169347876592600,8,842.48,0.44,436.57,133.68,1,1,1.000000
1724169347876592600,9,624.61,530.32,592.28,125.67,1,1,1.000000
1724169347876592600,11,165.71,102.81,570.69,142.33,1,1,1.000000
1724169347876592600,13,694.61,638.67,457.71,80.85,1,1,1.000000
1724169347876592600,17,1078.82,650.73,201.88,68.24,1,1,1.000000
1724169347954321800,7,1204.12,150.87,75.80,131.78,1,1,1.000000
1724169347954321800,8,878.07,0.10,401.90,121.71,1,1,1.000000
1724169347954321800,9,670.49,516.61,558.33,132.92,1,1,1.000000
1724169347954321800,11,222.21,104.85,551.04,140.60,1,1,1.000000
1724169347954321800,13,710.81,619.93,425.67,99.72,1,1,1.000000
1724169347954321800,17,1105.77,650.64,174.55,68.22,1,1,1.000000
1724169347984698000,8,890.14,0.39,389.60,112.35,1,1,1.000000
1724169347984698000,9,715.66,506.08,561.87,146.17,1,1,1.000000
1724169347984698000,11,244.70,106.39,547.63,139.64,1,1,1.000000
1724169347984698000,13,725.30,609.51,538.14,110.07,1,1,1.000000
1724169347984698000,17,1133.64,635.08,145.43,77.69,1,1,1.000000
1724169347984698000,23,0.31,391.45,92.43,73.19,1,1,1.000000
1724169348076949800,8,937.69,0.29,341.61,105.69,1,1,1.000000
1724169348076949800,9,743.92,487.65,534.49,167.63,1,1,1.000000
1724169348076949800,11,292.88,107.34,513.62,139.45,1,1,1.000000
1724169348076949800,13,778.70,615.65,501.80,103.14,1,1,1.000000
1724169348076949800,23,0.30,382.25,109.50,86.16,1,1,1.000000
1724169348076949800,24,411.65,686.22,259.98,33.17,1,1,1.000000
1724169348108216400,8,973.66,0.23,306.17,92.51,1,1,1.000000
1724169348108216400,9,793.51,477.77,484.52,174.47,1,1,1.000000
1724169348108216400,11,330.44,106.74,504.98,137.65,1,1,1.000000
1724169348108216400,13,830.64,635.80,448.85,83.75,1,1,1.000000
1724169348108216400,23,0.26,373.70,129.49,98.69,1,1,1.000000
1724169348108216400,24,428.61,682.52,267.10,36.95,1,1,1.000000
1724169348155805600,8,1016.61,0.00,263.33,88.05,1,1,1.000000
1724169348155805600,9,838.18,472.90,440.40,243.69,1,1,1.000000
1724169348155805600,11,360.08,105.21,503.80,138.55,1,1,1.000000
1724169348155805600,13,851.25,642.94,427.26,76.48,1,1,1.000000
1724169348155805600,23,0.93,370.14,154.62,103.01,1,1,1.000000
1724169348155805600,24,467.31,681.75,253.70,37.72,1,1,1.000000
1724169348230497500,8,1038.44,0.00,241.92,83.40,1,1,1.000000
1724169348230497500,9,881.63,467.11,397.61,166.33,1,1,1.000000
1724169348230497500,11,378.20,105.35,518.53,137.19,1,1,1.000000
1724169348230497500,13,863.76,656.42,413.71,63.47,1,1,1.000000
1724169348230497500,23,1.10,365.11,173.78,100.44,1,1,1.000000
1724169348230497500,24,483.54,682.06,260.01,37.56,1,1,1.000000
1724169348274071800,8,1044.76,0.00,235.49,79.66,1,1,1.000000
1724169348274071800,9,915.87,465.70,363.88,147.89,1,1,1.000000
1724169348274071800,11,390.77,106.43,538.71,139.98,1,1,1.000000
1724169348274071800,13,949.91,654.83,329.65,64.87,1,1,1.000000
1724169348274071800,23,0.78,360.05,191.10,114.27,1,1,1.000000
1724169348274071800,24,487.92,682.86,289.54,36.64,1,1,1.000000
1724169348350059000,8,1064.20,0.00,215.99,77.37,1,1,1.000000
1724169348350059000,9,940.82,464.60,338.87,133.70,1,1,1.000000
1724169348350059000,11,425.29,109.00,542.17,138.85,1,1,1.000000
1724169348350059000,13,973.03,656.77,306.10,62.86,1,1,1.000000
1724169348350059000,23,0.81,352.82,214.16,120.57,1,1,1.000000
1724169348350059000,24,495.86,684.76,321.22,34.80,1,1,1.000000
1724169348395277100,8,1099.16,0.00,181.18,68.63,1,1,1.000000
1724169348395277100,9,979.08,475.96,300.21,116.53,1,1,1.000000
1724169348395277100,11,454.24,110.17,551.48,138.53,1,1,1.000000
1724169348395277100,13,982.27,672.45,296.59,47.20,1,1,1.000000
1724169348395277100,23,0.70,346.47,251.05,124.20,1,1,1.000000
1724169348395277100,24,514.96,677.29,324.22,42.27,1,1,1.000000
1724169348470923800,8,1139.32,0.00,141.24,64.19,1,1,1.000000
1724169348470923800,9,1013.47,483.29,266.48,102.76,1,1,1.000000
1724169348470923800,11,507.26,112.81,538.68,138.32,1,1,1.000000
1724169348470923800,13,1026.80,680.88,253.04,39.02,1,1,1.000000
1724169348470923800,23,1.02,340.27,276.80,132.76,1,1,1.000000
1724169348470923800,24,569.10,669.33,293.76,50.29,1,1,1.000000
1724169348520364400,9,1063.00,482.05,216.73,102.38,1,1,1.000000
1724169348520364400,11,552.11,114.57,532.74,136.14,1,1,1.000000
1724169348520364400,13,1044.65,680.39,233.49,39.61,1,1,1.000000
1724169348520364400,23,1.49,329.99,308.78,140.24,1,1,1.000000
1724169348520364400,24,620.96,664.54,271.64,55.29,1,1,1.000000
1724169348595836900,9,1116.26,484.38,163.72,102.03,1,1,1.000000
1724169348595836900,11,584.37,115.21,538.99,138.18,1,1,1.000000
1724169348595836900,13,1073.27,675.36,189.59,44.61,1,1,1.000000
1724169348595836900,23,0.63,318.95,340.56,147.95,1,1,1.000000
1724169348595836900,24,628.70,662.35,309.42,57.44,1,1,1.000000
1724169348595836900,28,0.40,646.58,147.84,72.98,1,1,1.000000
1724169348670683200,9,1167.21,494.26,112.88,100.83,1,1,1.000000
1724169348670683200,11,615.17,116.47,542.92,140.72,1,1,1.000000
1724169348670683200,23,0.69,304.22,374.31,154.84,1,1,1.000000
1724169348670683200,24,644.78,662.06,331.58,57.63,1,1,1.000000
1724169348670683200,28,0.32,630.11,183.15,89.09,1,1,1.000000
1724169348716565100,11,648.82,119.82,552.99,141.47,1,1,1.000000
1724169348716565100,23,0.33,289.16,402.97,158.88,1,1,1.000000
1724169348716565100,24,648.20,660.14,355.20,59.61,1,1,1.000000
1724169348716565100,28,0.43,618.19,215.87,101.42,1,1,1.000000
1724169348793486600,11,689.68,122.33,566.82,141.00,1,1,1.000000
1724169348793486600,23,0.71,270.76,442.54,171.97,1,1,1.000000
1724169348793486600,24,647.50,660.39,374.49,59.17,1,1,1.000000
1724169348793486600,28,0.00,589.75,259.13,130.12,1,1,1.000000
1724169348871024400,11,733.88,122.37,544.66,140.84,1,1,1.000000
1724169348871024400,23,1.04,256.69,472.81,177.40,1,1,1.000000
1724169348871024400,24,638.85,656.78,421.40,62.92,1,1,1.000000
1724169348871024400,28,0.22,572.04,290.13,147.74,1,1,1.000000
1724169348919541800,11,772.95,117.63,505.46,147.02,1,1,1.000000
1724169348919541800,23,1.78,235.98,510.81,179.77,1,1,1.000000
1724169348919541800,24,617.54,652.54,479.33,67.26,1,1,1.000000
1724169348919541800,28,0.00,553.33,390.60,165.24,1,1,1.000000
1724169348995801500,11,825.22,116.27,453.84,144.57,1,1,1.000000
1724169348995801500,23,0.45,218.36,554.06,174.07,1,1,1.000000
1724169348995801500,24,655.30,645.90,469.56,74.03,1,1,1.000000
1724169348995801500,28,0.56,542.92,393.95,172.51,1,1,1.000000
1724169349026209800,11,875.98,112.24,403.26,148.22,1,1,1.000000
1724169349026209800,23,0.00,202.07,594.58,230.38,1,1,1.000000
1724169349026209800,24,700.27,637.64,472.46,82.36,1,1,1.000000
1724169349026209800,28,0.58,534.40,417.45,165.67,1,1,1.000000
1724169349116233000,11,925.27,101.67,354.11,157.31,1,1,1.000000
1724169349116233000,23,0.13,194.97,639.48,204.07,1,1,1.000000
1724169349116233000,24,737.83,635.65,489.87,84.36,1,1,1.000000
1724169349116233000,28,0.81,531.37,495.12,146.91,1,1,1.000000
1724169349192049400,11,985.37,114.37,294.45,137.64,1,1,1.000000
1724169349192049400,23,35.64,188.02,651.95,174.38,1,1,1.000000
1724169349192049400,24,780.75,632.39,496.09,87.46,1,1,1.000000
1724169349192049400,28,0.28,532.50,535.04,135.22,1,1,1.000000
1724169349224632500,11,1017.13,121.09,262.60,127.52,1,1,1.000000
1724169349224632500,23,130.18,184.73,594.40,150.69,1,1,1.000000
1724169349224632500,24,834.95,628.93,444.03,90.72,1,1,1.000000
1724169349224632500,28,0.00,529.55,573.95,130.80,1,1,1.000000
1724169349267898500,11,1060.57,121.45,219.19,109.77,1,1,1.000000
1724169349267898500,23,197.44,185.91,585.30,139.00,1,1,1.000000
1724169349267898500,24,870.10,641.89,409.67,77.96,1,1,1.000000
1724169349267898500,28,0.00,527.49,631.61,133.12,1,1,1.000000
1724169349267898500,29,0.04,221.45,158.81,161.34,1,1,1.000000
1724169349347792200,11,1113.62,123.28,165.95,102.17,1,1,1.000000
1724169349347792200,23,260.36,179.40,581.31,142.22,1,1,1.000000
1724169349347792200,24,919.51,645.87,359.65,74.30,1,1,1.000000
1724169349347792200,28,42.75,522.68,654.68,145.03,1,1,1.000000
1724169349347792200,29,0.29,197.63,229.97,233.45,1,1,1.000000
1724169349392347800,11,1162.71,128.24,117.30,81.13,1,1,1.000000
1724169349392347800,23,284.68,177.84,624.20,139.14,1,1,1.000000
1724169349392347800,24,959.17,652.57,320.30,67.73,1,1,1.000000
1724169349392347800,28,71.42,515.35,674.65,185.80,1,1,1.000000
1724169349392347800,29,0.04,171.70,285.93,253.24,1,1,1.000000
1724169349470151700,23,338.11,177.11,626.75,144.09,1,1,1.000000
1724169349470151700,24,985.44,654.54,294.31,65.30,1,1,1.000000
1724169349470151700,28,143.43,514.88,646.44,186.21,1,1,1.000000
1724169349470151700,29,0.54,144.21,349.57,288.11,1,1,1.000000
1724169349516362900,24,1026.73,659.19,253.25,60.88,1,1,1.000000
1724169349516362900,28,262.72,522.65,598.98,177.52,1,1,1.000000
1724169349516362900,29,0.00,109.19,404.63,335.24,1,1,1.000000
1724169349592886600,23,490.89,177.90,603.69,155.88,1,1,1.000000
1724169349592886600,28,340.16,535.44,577.37,123.44,1,1,1.000000
1724169349592886600,29,0.48,74.80,442.29,348.94,1,1,1.000000
1724169349669620300,23,554.62,176.89,609.88,153.52,1,1,1.000000
1724169349669620300,28,425.32,525.48,567.53,137.56,1,1,1.000000
1724169349669620300,29,0.18,45.84,518.69,375.83,1,1,1.000000
1724169349714199000,23,620.03,175.17,630.44,159.60,1,1,1.000000
1724169349714199000,28,529.57,531.99,557.47,126.03,1,1,1.000000
1724169349714199000,29,0.41,8.40,609.95,447.02,1,1,1.000000
1724169349790636000,23,707.36,174.80,572.87,166.53,1,1,1.000000
1724169349790636000,28,577.13,533.31,642.30,142.15,1,1,1.000000
1724169349790636000,29,1.72,1.98,709.06,452.44,1,1,1.000000
1724169349835278800,23,801.92,175.54,478.54,170.36,1,1,1.000000
1724169349835278800,28,678.45,535.45,599.43,168.34,1,1,1.000000
1724169349835278800,29,65.24,0.67,687.97,352.68,1,1,1.000000
1724169349911012700,23,886.42,177.69,393.98,168.22,1,1,1.000000
1724169349911012700,28,785.43,534.95,493.27,180.87,1,1,1.000000
1724169349911012700,29,124.37,0.63,693.66,268.84,1,1,1.000000
1724169349957025200,23,1010.85,199.56,269.68,129.86,1,1,1.000000
1724169349957025200,28,878.60,526.62,401.43,191.21,1,1,1.000000
1724169349957025200,29,351.12,0.00,529.84,239.23,1,1,1.000000
1724169350031521200,23,1124.70,201.22,155.44,113.06,1,1,1.000000
1724169350031521200,28,962.49,515.28,318.21,192.28,1,1,1.000000
1724169350031521200,29,483.84,0.69,446.87,180.91,1,1,1.000000
1724169350274846400,31,0.26,60.51,153.88,112.59,1,1,1.000000
1724169350352951700,31,0.00,64.18,208.18,130.79,1,1,1.000000
1724169350384246600,31,0.44,63.77,289.34,142.33,1,1,1.000000
1724169350474386400,31,0.65,66.96,339.58,138.13,1,1,1.000000
1724169350505073400,31,0.66,60.89,364.30,140.41,1,1,1.000000
1724169350598049300,31,0.00,54.27,386.77,153.38,1,1,1.000000
1724169350674122100,31,0.92,43.83,417.20,170.17,1,1,1.000000
1724169350702980300,31,0.67,29.20,446.65,178.25,1,1,1.000000
1724169350795967600,31,20.99,10.74,442.13,198.98,1,1,1.000000
1724169350825764300,31,69.66,0.00,416.90,206.40,1,1,1.000000
1724169350873035900,31,131.26,0.24,371.93,206.32,1,1,1.000000
1724169350946129400,31,110.37,0.20,405.63,222.02,1,1,1.000000
1724169350946129400,32,0.34,215.37,65.94,119.87,1,1,1.000000
1724169351025306400,31,132.60,0.36,391.13,209.13,1,1,1.000000
1724169351025306400,32,0.10,202.05,112.88,123.68,1,1,1.000000
1724169351067828300,31,192.67,0.78,347.05,174.00,1,1,1.000000
1724169351067828300,32,0.48,196.86,115.12,113.51,1,1,1.000000
1724169351112803000,31,264.33,0.51,287.69,168.96,1,1,1.000000
1724169351190056700,31,341.52,0.19,227.98,124.00,1,1,1.000000
1724169351235231200,31,345.00,0.00,238.84,125.72,1,1,1.000000
1724169351386750200,33,175.06,646.49,301.08,73.13,1,1,1.000000
1724169351432711300,33,218.85,624.87,288.89,94.90,1,1,1.000000
1724169351510364200,33,242.43,614.86,313.22,104.82,1,1,1.000000
1724169351586303800,33,300.66,608.90,306.44,111.14,1,1,1.000000
1724169351630636500,33,343.15,617.84,317.92,101.81,1,1,1.000000
1724169351675655100,33,394.93,608.18,363.32,111.56,1,1,1.000000
1724169351755338100,33,372.61,651.56,411.44,67.78,1,1,1.000000
1724169368751793400,36,86.32,693.62,202.24,25.89,1,1,1.000000
1724169368829247400,36,73.09,684.60,236.20,34.76,1,1,1.000000
1724169368903760600,36,90.27,680.76,256.17,38.59,1,1,1.000000
1724169368948511400,36,94.04,676.01,280.09,43.23,1,1,1.000000
1724169369025453400,36,65.02,673.56,345.13,46.04,1,1,1.000000
1724169369069395500,36,115.42,666.84,364.02,52.91,1,1,1.000000
1724169369147606600,36,181.54,661.21,346.44,58.45,1,1,1.000000
1724169369192378100,36,218.80,653.66,352.32,65.96,1,1,1.000000
1724169369268925400,36,254.46,654.92,345.95,64.73,1,1,1.000000
1724169369316751300,36,289.10,667.95,340.42,51.75,1,1,1.000000
1724169369392276200,36,307.58,671.51,356.47,48.23,1,1,1.000000
1724169369468924800,36,347.82,667.85,348.53,51.76,1,1,1.000000
1724169369517295800,36,377.18,665.63,349.43,54.13,1,1,1.000000
1724169369589738100,36,420.33,666.92,345.28,52.73,1,1,1.000000
1724169369635015000,36,454.29,664.19,352.77,55.50,1,1,1.000000
1724169369712314800,36,497.69,658.62,350.71,61.01,1,1,1.000000
1724169369743620200,36,530.19,653.44,347.20,66.42,1,1,1.000000
1724169369835631400,36,557.34,651.70,348.68,68.12,1,1,1.000000
1724169369913354800,36,588.57,655.49,343.71,64.29,1,1,1.000000
1724169369943673800,36,613.75,664.61,362.34,55.41,1,1,1.000000
1724169370035165600,36,638.94,662.40,362.50,57.56,1,1,1.000000
1724169370065326600,36,661.33,658.03,377.39,61.32,1,1,1.000000
1724169370144699200,36,701.06,655.54,363.41,64.00,1,1,1.000000
1724169370187881300,36,731.11,656.68,365.36,62.89,1,1,1.000000
1724169370263705100,36,770.45,658.79,353.66,61.02,1,1,1.000000
1724169370308852900,36,795.94,658.72,349.23,61.12,1,1,1.000000
1724169370386953000,36,819.94,653.01,352.45,66.57,1,1,1.000000
1724169370430178000,36,847.25,649.98,355.53,69.93,1,1,1.000000
1724169370505819500,36,890.40,646.68,350.33,73.26,1,1,1.000000
1724169370551816100,36,920.53,639.08,358.56,80.77,1,1,1.000000
1724169370629859300,36,954.28,630.68,325.01,88.99,1,1,1.000000
1724169370675975500,36,989.11,629.28,290.76,90.20,1,1,1.000000
1724169370752568200,36,1011.54,633.44,268.20,85.78,1,1,1.000000
1724169370798992000,36,1048.57,639.29,231.34,80.28,1,1,1.000000
1724169370877131100,36,1060.64,646.87,219.33,72.91,1,1,1.000000
1724169370950365200,36,1080.56,655.29,199.89,64.23,1,1,1.000000
1724169370996891700,36,1111.47,656.85,169.21,62.99,1,1,1.000000
1724169371073084000,36,1126.35,664.11,154.73,55.30,1,1,1.000000
1724169373311431400,37,0.00,113.62,98.57,155.35,1,1,1.000000
1724169373342513300,37,0.00,96.96,132.57,193.42,1,1,1.000000
1724169373387967300,37,0.00,88.05,158.35,224.22,1,1,1.000000
1724169373465614000,37,0.00,76.04,190.90,264.87,1,1,1.000000
1724169373511768500,37,0.00,65.08,219.29,279.89,1,1,1.000000
1724169373589710400,37,0.09,53.57,262.12,297.59,1,1,1.000000
1724169373665644200,37,0.36,41.83,317.64,322.62,1,1,1.000000
1724169373665644200,38,335.48,696.36,204.68,23.26,1,1,1.000000
1724169373755383500,37,0.00,31.23,355.68,337.27,1,1,1.000000
1724169373755383500,38,346.82,697.35,235.60,22.35,1,1,1.000000
1724169373787188300,37,0.00,22.02,401.49,341.50,1,1,1.000000
1724169373787188300,38,353.77,695.35,271.02,24.19,1,1,1.000000
1724169373881141600,37,0.00,7.10,433.74,394.58,1,1,1.000000
1724169373881141600,38,363.24,693.86,296.22,25.62,1,1,1.000000
1724169373906059600,37,0.35,1.19,469.40,374.38,1,1,1.000000
1724169373906059600,38,378.42,693.09,308.48,26.65,1,1,1.000000
1724169373996758100,37,0.03,0.95,508.19,351.31,1,1,1.000000
1724169373996758100,38,337.52,686.55,380.12,33.28,1,1,1.000000
1724169374072431000,37,0.55,0.82,528.22,319.70,1,1,1.000000
1724169374072431000,38,374.96,678.66,370.44,41.14,1,1,1.000000
1724169374102725800,37,18.37,1.22,546.79,292.96,1,1,1.000000
1724169374102725800,38,398.37,675.02,383.42,44.54,1,1,1.000000
1724169374148211900,37,73.40,0.37,514.80,263.46,1,1,1.000000
1724169374148211900,38,455.48,666.21,355.58,53.59,1,1,1.000000
1724169374225149500,37,138.01,0.81,482.05,235.08,1,1,1.000000
1724169374225149500,38,472.12,654.35,379.99,65.43,1,1,1.000000
1724169374270576500,37,196.66,0.60,447.23,205.04,1,1,1.000000
1724169374270576500,38,514.54,648.44,383.41,71.31,1,1,1.000000
1724169374346769800,37,263.52,0.46,406.26,179.14,1,1,1.000000
1724169374346769800,38,565.86,639.33,390.58,80.31,1,1,1.000000
1724169374395244900,37,320.05,0.33,379.83,160.20,1,1,1.000000
1724169374395244900,38,607.53,632.72,379.89,86.83,1,1,1.000000
1724169374395244900,39,225.11,642.42,142.90,77.30,1,1,1.000000
1724169374471377500,37,364.85,0.55,359.49,136.84,1,1,1.000000
1724169374471377500,38,648.86,624.49,389.62,95.24,1,1,1.000000
1724169374471377500,39,229.68,635.14,172.75,84.99,1,1,1.000000
1724169374546796700,37,440.24,0.50,308.06,119.14,1,1,1.000000
1724169374546796700,38,689.30,611.03,384.94,109.15,1,1,1.000000
1724169374546796700,39,270.06,629.64,162.16,89.84,1,1,1.000000
1724169374594128000,37,471.92,0.00,316.66,97.34,1,1,1.000000
1724169374594128000,38,729.52,607.97,376.34,112.18,1,1,1.000000
1724169374594128000,39,287.13,620.72,182.77,99.06,1,1,1.000000
1724169374669340600,37,539.97,0.00,270.49,76.34,1,1,1.000000
1724169374669340600,38,766.79,624.34,374.42,95.53,1,1,1.000000
1724169374669340600,39,303.98,615.36,194.26,104.00,1,1,1.000000
1724169374715027200,37,606.54,0.00,229.47,77.86,1,1,1.000000
1724169374715027200,38,813.09,647.34,352.91,72.59,1,1,1.000000
1724169374715027200,39,300.69,605.20,233.15,114.19,1,1,1.000000
1724169374789495100,37,656.77,0.03,202.22,90.34,1,1,1.000000
1724169374789495100,38,866.40,649.35,320.04,70.47,1,1,1.000000
1724169374789495100,39,334.75,593.49,235.43,103.84,1,1,1.000000
1724169374834466000,38,919.28,648.30,303.30,71.68,1,1,1.000000
1724169374834466000,39,376.88,582.20,242.39,85.24,1,1,1.000000
1724169374909432400,38,978.14,640.64,265.30,79.24,1,1,1.000000
1724169374909432400,39,433.87,573.88,236.65,82.73,1,1,1.000000
1724169374957129200,39,465.23,568.26,234.96,86.17,1,1,1.000000
1724169374957129200,40,0.00,532.95,159.11,74.26,1,1,1.000000
1724169375033480000,39,485.51,567.81,240.67,91.52,1,1,1.000000
1724169375033480000,40,0.09,530.46,169.18,72.07,1,1,1.000000
1724169375065457900,39,502.17,571.93,255.23,102.14,1,1,1.000000
1724169375065457900,40,0.00,529.94,171.38,74.71,1,1,1.000000
1724169375153378200,39,471.91,575.32,310.61,113.37,1,1,1.000000
1724169375153378200,40,0.25,537.61,182.20,74.16,1,1,1.000000
1724169375230220600,39,513.05,579.05,283.87,106.41,1,1,1.000000
1724169375230220600,40,0.43,546.00,184.17,75.52,1,1,1.000000
1724169375276258600,39,525.50,587.12,290.88,93.40,1,1,1.000000
1724169375276258600,40,0.38,554.40,189.07,76.12,1,1,1.000000
1724169375307228100,39,533.54,592.18,307.33,86.14,1,1,1.000000
1724169375307228100,40,0.80,565.65,194.28,77.76,1,1,1.000000
1724169375430926600,39,543.15,595.59,316.81,93.14,1,1,1.000000
1724169375430926600,40,0.49,576.69,197.21,80.47,1,1,1.000000
1724169375477911100,39,553.96,597.42,328.06,102.68,1,1,1.000000
1724169375477911100,40,0.65,582.09,199.44,97.18,1,1,1.000000
1724169375552598800,39,562.64,595.75,344.13,121.65,1,1,1.000000
1724169375552598800,40,0.82,582.61,204.84,103.82,1,1,1.000000
1724169375583256300,39,593.30,619.36,341.67,92.45,1,1,1.000000
1724169375583256300,40,0.62,588.96,211.06,122.84,1,1,1.000000
1724169375674004300,39,603.25,626.13,357.06,88.34,1,1,1.000000
1724169375674004300,40,0.34,592.13,216.38,126.33,1,1,1.000000
1724169375703965900,39,613.50,626.23,383.34,93.39,1,1,1.000000
1724169375703965900,40,0.61,595.84,222.63,123.09,1,1,1.000000
1724169375796283900,39,634.28,632.24,393.78,87.54,1,1,1.000000
1724169375796283900,40,0.64,594.27,234.35,122.90,1,1,1.000000
1724169375873799400,39,659.07,632.74,411.13,86.86,1,1,1.000000
1724169375873799400,40,0.71,596.26,248.00,110.75,1,1,1.000000
1724169375902866700,39,693.70,630.81,425.85,88.74,1,1,1.000000
1724169375902866700,40,0.85,595.53,266.32,110.28,1,1,1.000000
1724169375993409100,39,756.83,612.06,444.79,107.50,1,1,1.000000
1724169375993409100,40,1.91,590.57,309.64,108.55,1,1,1.000000
1724169376068418700,39,796.23,605.70,471.51,114.16,1,1,1.000000
1724169376068418700,40,1.94,588.33,339.36,117.20,1,1,1.000000
1724169376114407600,39,836.71,606.44,443.57,114.02,1,1,1.000000
1724169376114407600,40,3.77,583.42,366.48,125.17,1,1,1.000000
1724169376191297500,39,874.91,636.28,405.00,83.87,1,1,1.000000
1724169376191297500,40,35.16,578.94,362.05,93.59,1,1,1.000000
1724169376267899800,39,907.82,642.94,372.02,76.66,1,1,1.000000
1724169376267899800,40,79.04,573.58,344.15,92.16,1,1,1.000000
1724169376315165900,39,956.26,638.78,323.61,81.06,1,1,1.000000
1724169376315165900,40,105.83,570.27,341.13,92.49,1,1,1.000000
1724169376393266500,39,989.55,637.05,290.66,82.63,1,1,1.000000
1724169376393266500,40,130.45,566.13,338.29,91.58,1,1,1.000000
1724169376438774700,39,1047.85,637.51,231.79,81.26,1,1,1.000000
1724169376438774700,40,148.30,561.77,341.57,93.14,1,1,1.000000
1724169376514589900,39,1083.31,627.46,196.91,89.94,1,1,1.000000
1724169376514589900,40,162.15,555.00,347.79,103.15,1,1,1.000000
1724169376589494400,39,1129.08,616.82,150.91,91.23,1,1,1.000000
1724169376589494400,40,182.68,555.53,345.97,110.87,1,1,1.000000
1724169376634214500,39,1154.17,615.21,126.28,87.88,1,1,1.000000
1724169376634214500,40,201.27,550.70,352.80,117.28,1,1,1.000000
1724169376710125800,40,226.88,550.41,352.54,120.02,1,1,1.000000
1724169376754783500,40,261.77,549.86,338.30,112.04,1,1,1.000000
1724169376829732900,40,285.11,545.21,344.63,101.94,1,1,1.000000
1724169376874247000,40,310.10,543.20,346.64,90.75,1,1,1.000000
1724169376948883300,40,341.38,544.04,333.60,86.01,1,1,1.000000
1724169376995338800,40,366.05,539.02,337.86,92.75,1,1,1.000000
1724169377069370200,40,386.95,536.98,342.24,98.07,1,1,1.000000
1724169377114197700,40,413.34,538.84,339.46,102.53,1,1,1.000000
1724169377191622900,40,421.65,541.03,356.21,110.82,1,1,1.000000
1724169377235699000,40,441.56,547.16,360.05,121.37,1,1,1.000000
1724169377311408500,40,464.46,549.35,369.15,140.15,1,1,1.000000
1724169377391103800,40,490.90,552.05,375.52,149.78,1,1,1.000000
1724169377434626800,40,523.18,546.55,374.13,166.47,1,1,1.000000
1724169377509698400,40,556.81,534.79,376.58,184.11,1,1,1.000000
1724169377555131900,40,589.23,522.32,372.66,196.62,1,1,1.000000
1724169377631910600,40,617.91,523.35,377.25,196.32,1,1,1.000000
1724169377680293800,40,655.98,540.44,370.37,179.40,1,1,1.000000
1724169377753413900,40,681.86,555.76,368.11,164.29,1,1,1.000000
1724169377830364000,40,708.00,570.13,352.88,150.17,1,1,1.000000
1724169377877163800,40,729.71,579.06,359.79,141.19,1,1,1.000000
1724169377906972200,40,754.41,602.15,344.58,117.83,1,1,1.000000
1724169377983641900,40,791.42,620.34,311.31,99.82,1,1,1.000000
1724169378028989200,40,827.11,640.02,294.80,79.88,1,1,1.000000
1724169378106532900,40,872.54,644.82,266.01,75.15,1,1,1.000000
1724169378196692000,40,910.20,639.80,213.89,79.84,1,1,1.000000
1724169381552064100,43,0.00,627.09,196.64,92.73,1,1,1.000000
1724169381597601900,43,0.18,636.01,214.33,83.67,1,1,1.000000
1724169381626557000,43,0.15,657.66,231.21,62.23,1,1,1.000000
1724169381717675400,43,0.22,654.26,267.59,65.30,1,1,1.000000
1724169386025520200,45,0.39,492.27,79.20,65.52,1,1,1.000000
1724169386121503300,45,0.45,484.14,114.34,73.75,1,1,1.000000
1724169386147734600,45,0.38,476.57,143.12,81.56,1,1,1.000000
1724169386224677200,45,0.26,463.60,176.29,98.64,1,1,1.000000
1724169386318029300,45,0.13,457.71,206.95,106.21,1,1,1.000000
1724169386346284500,45,0.32,451.53,234.80,116.10,1,1,1.000000
1724169386391832400,45,0.00,434.72,258.98,139.32,1,1,1.000000
1724169386468210000,45,0.00,438.73,288.36,142.02,1,1,1.000000
1724169386515497300,45,0.02,438.48,309.20,153.87,1,1,1.000000
1724169386590418200,45,0.00,438.52,332.70,162.75,1,1,1.000000
1724169386590418200,46,0.03,653.28,118.48,66.64,1,1,1.000000
1724169386666060800,45,0.61,440.52,358.54,170.48,1,1,1.000000
1724169386666060800,46,0.25,644.88,160.50,74.60,1,1,1.000000
1724169386711722200,45,2.15,445.53,384.06,170.28,1,1,1.000000
1724169386711722200,46,0.76,638.03,205.54,80.96,1,1,1.000000
1724169386711722200,47,0.00,0.00,228.24,35.59,1,1,1.000000
1724169386786887700,45,1.59,443.49,417.67,177.91,1,1,1.000000
1724169386786887700,46,0.61,635.36,242.72,83.34,1,1,1.000000
1724169386786887700,47,0.00,0.00,279.94,30.66,1,1,1.000000
1724169386832458800,45,1.43,429.38,451.84,192.82,1,1,1.000000
1724169386832458800,46,0.72,628.71,295.03,90.81,1,1,1.000000
1724169386832458800,47,0.00,0.10,364.48,32.06,1,1,1.000000
1724169386907140400,45,53.97,423.50,438.64,199.58,1,1,1.000000
1724169386907140400,46,0.40,623.24,335.09,96.73,1,1,1.000000
1724169386952793900,45,117.00,424.50,405.00,205.80,1,1,1.000000
1724169386952793900,46,0.10,612.02,397.44,107.81,1,1,1.000000
1724169386952793900,47,27.77,0.00,365.67,37.09,1,1,1.000000
1724169387027620400,45,170.32,422.22,386.79,219.84,1,1,1.000000
1724169387027620400,46,0.84,596.83,429.43,122.19,1,1,1.000000
1724169387027620400,47,10.53,0.00,393.11,41.30,1,1,1.000000
1724169387073052300,45,206.27,432.26,374.35,223.49,1,1,1.000000
1724169387073052300,46,0.03,584.98,473.91,133.51,1,1,1.000000
1724169387073052300,47,141.50,0.00,280.42,45.37,1,1,1.000000
1724169387148797700,45,212.25,446.60,393.18,229.10,1,1,1.000000
1724169387148797700,46,0.00,582.09,450.51,137.05,1,1,1.000000
1724169387148797700,47,185.21,0.00,258.97,47.51,1,1,1.000000
1724169387196482000,43,272.46,577.07,357.47,123.53,1,1,1.000000
1724169387196482000,45,226.82,467.06,402.44,234.71,1,1,1.000000
1724169387196482000,46,0.00,616.46,492.25,102.94,1,1,1.000000
1724169387196482000,47,65.75,0.00,402.85,53.45,1,1,1.000000
1724169387270396500,43,311.51,573.66,343.90,144.55,1,1,1.000000
1724169387270396500,45,245.55,473.21,410.63,247.03,1,1,1.000000
1724169387270396500,46,0.00,616.21,521.05,102.82,1,1,1.000000
1724169387270396500,47,267.45,0.00,244.16,56.74,1,1,1.000000
1724169387270396500,48,0.17,265.46,89.64,65.73,1,1,1.000000
1724169387316102000,43,320.94,572.30,332.01,104.32,1,1,1.000000
1724169387316102000,45,270.27,498.02,340.69,95.69,1,1,1.000000
1724169387316102000,46,0.00,616.80,553.93,103.19,1,1,1.000000
1724169387316102000,47,196.31,0.22,356.12,60.87,1,1,1.000000
1724169387316102000,48,0.15,261.33,122.63,73.36,1,1,1.000000
1724169387391512000,43,339.50,573.89,369.88,100.87,1,1,1.000000
1724169387391512000,45,322.61,507.66,286.78,78.81,1,1,1.000000
1724169387391512000,46,0.00,620.47,594.25,99.35,1,1,1.000000
1724169387391512000,47,237.43,0.00,370.44,46.44,1,1,1.000000
1724169387391512000,48,0.48,255.41,161.08,90.50,1,1,1.000000
1724169387391512000,49,586.35,656.74,123.74,63.15,1,1,1.000000
1724169387469662100,43,357.80,571.09,387.30,101.90,1,1,1.000000
1724169387469662100,45,361.61,504.28,260.33,76.41,1,1,1.000000
1724169387469662100,46,0.00,598.18,643.80,121.20,1,1,1.000000
1724169387469662100,48,0.00,251.32,197.77,94.26,1,1,1.000000
1724169387469662100,49,584.10,657.66,144.05,61.41,1,1,1.000000
1724169387515885500,43,363.13,497.52,435.99,200.96,1,1,1.000000
1724169387515885500,46,152.57,586.03,561.45,133.67,1,1,1.000000
1724169387515885500,48,0.04,226.59,234.43,123.94,1,1,1.000000
1724169387515885500,52,0.01,54.66,100.45,79.53,1,1,1.000000
1724169387587757400,43,280.25,503.58,557.17,205.28,1,1,1.000000
1724169387587757400,46,269.24,504.35,562.39,214.06,1,1,1.000000
1724169387587757400,48,0.09,224.49,280.98,132.31,1,1,1.000000
1724169387587757400,52,0.26,48.33,144.20,92.27,1,1,1.000000
1724169387633228600,43,420.96,504.25,476.78,153.36,1,1,1.000000
1724169387633228600,46,311.65,595.54,526.86,124.44,1,1,1.000000
1724169387633228600,48,0.00,214.97,315.02,139.65,1,1,1.000000
1724169387633228600,52,0.00,38.99,189.53,104.80,1,1,1.000000
1724169387708341400,43,479.02,517.81,479.95,131.30,1,1,1.000000
1724169387708341400,46,392.22,638.52,484.16,81.36,1,1,1.000000
1724169387708341400,48,0.19,232.21,358.95,126.40,1,1,1.000000
1724169387708341400,52,0.13,25.05,247.48,122.28,1,1,1.000000
1724169387827536900,43,595.16,526.59,535.03,141.22,1,1,1.000000
1724169387827536900,46,593.00,578.34,376.64,141.06,1,1,1.000000
1724169387827536900,48,37.82,240.99,419.00,130.88,1,1,1.000000
1724169387827536900,52,0.12,36.86,359.16,111.18,1,1,1.000000
1724169387827536900,58,0.82,629.39,229.41,89.84,1,1,1.000000
1724169387903311600,43,699.97,523.47,506.56,113.18,1,1,1.000000
1724169387903311600,46,662.33,599.55,368.33,119.83,1,1,1.000000
1724169387903311600,48,125.29,241.28,373.11,134.87,1,1,1.000000
1724169387903311600,52,2.31,43.39,397.01,104.31,1,1,1.000000
1724169387903311600,58,1.48,625.27,297.65,94.45,1,1,1.000000
1724169387903311600,59,0.44,130.27,177.46,103.03,1,1,1.000000
1724169387950494500,43,727.01,513.28,534.07,146.28,1,1,1.000000
1724169387950494500,46,717.22,527.69,354.43,191.35,1,1,1.000000
1724169387950494500,48,192.19,238.25,345.39,141.88,1,1,1.000000
1724169387950494500,52,33.54,43.18,408.68,106.93,1,1,1.000000
1724169387950494500,58,1.55,550.11,395.40,170.04,1,1,1.000000
1724169387950494500,59,0.33,122.54,244.81,114.01,1,1,1.000000
1724169387950494500,63,0.10,379.68,131.93,110.90,1,1,1.000000
1724169387995844500,43,752.28,508.95,526.76,144.71,1,1,1.000000
1724169387995844500,46,754.31,581.34,346.84,138.19,1,1,1.000000
1724169387995844500,48,241.25,233.98,334.39,154.64,1,1,1.000000
1724169387995844500,52,119.81,47.67,367.52,104.74,1,1,1.000000
1724169387995844500,58,0.68,549.65,374.80,170.58,1,1,1.000000
1724169387995844500,59,0.00,107.84,296.74,139.10,1,1,1.000000
1724169387995844500,63,0.30,373.60,151.19,142.16,1,1,1.000000
1724169388072141300,43,826.10,508.56,452.67,135.60,1,1,1.000000
1724169388072141300,46,872.29,589.00,240.62,131.05,1,1,1.000000
1724169388072141300,48,270.71,227.03,329.03,175.94,1,1,1.000000
1724169388072141300,52,167.91,55.03,347.57,100.63,1,1,1.000000
1724169388072141300,58,1.61,564.97,414.65,154.84,1,1,1.000000
1724169388072141300,59,0.00,121.58,338.41,127.14,1,1,1.000000
1724169388072141300,63,0.36,364.98,176.45,177.92,1,1,1.000000
1724169388072141300,65,0.00,0.00,251.54,63.54,1,1,1.000000
1724169388145797500,43,856.68,509.67,422.43,136.39,1,1,1.000000
1724169388145797500,46,884.57,577.39,256.18,142.57,1,1,1.000000
1724169388145797500,48,313.97,232.63,321.46,183.87,1,1,1.000000
1724169388145797500,52,222.92,59.81,327.69,97.03,1,1,1.000000
1724169388145797500,58,10.39,568.13,434.06,151.76,1,1,1.000000
1724169388145797500,59,0.00,133.34,376.52,119.38,1,1,1.000000
1724169388145797500,63,0.56,379.75,215.34,184.74,1,1,1.000000
1724169388145797500,65,0.00,0.00,280.49,68.29,1,1,1.000000
1724169388190215700,43,896.71,510.77,382.47,136.85,1,1,1.000000
1724169388190215700,46,892.24,542.11,233.15,178.27,1,1,1.000000
1724169388190215700,48,329.48,255.84,323.91,178.61,1,1,1.000000
1724169388190215700,52,262.43,60.56,323.39,100.58,1,1,1.000000
1724169388190215700,58,38.42,573.97,382.58,145.76,1,1,1.000000
1724169388190215700,59,0.00,132.95,409.97,129.11,1,1,1.000000
1724169388190215700,63,0.57,394.18,260.42,189.72,1,1,1.000000
1724169388190215700,65,0.00,0.00,280.45,77.55,1,1,1.000000
1724169388190215700,68,1.25,692.24,197.70,27.61,1,1,1.000000
1724169388235287700,43,931.13,499.73,348.68,219.51,1,1,1.000000
1724169388235287700,46,936.39,584.70,186.96,135.74,1,1,1.000000
1724169388235287700,48,341.98,275.24,343.00,175.08,1,1,1.000000
1724169388235287700,52,265.42,65.45,381.63,99.19,1,1,1.000000
1724169388235287700,58,69.55,572.94,335.19,147.15,1,1,1.000000
1724169388235287700,59,0.00,147.21,437.92,116.01,1,1,1.000000
1724169388235287700,63,1.14,400.86,310.38,194.14,1,1,1.000000
1724169388235287700,65,0.00,0.00,318.91,78.49,1,1,1.000000
1724169388311492200,43,988.94,498.93,291.15,143.70,1,1,1.000000
1724169388311492200,46,966.70,613.00,137.35,107.23,1,1,1.000000
1724169388311492200,48,383.47,280.93,335.59,169.68,1,1,1.000000
1724169388311492200,52,297.33,71.39,363.55,98.35,1,1,1.000000
1724169388311492200,58,70.04,581.95,353.99,137.99,1,1,1.000000
1724169388311492200,59,0.56,148.56,492.12,126.72,1,1,1.000000
1724169388311492200,63,3.90,383.38,346.47,219.93,1,1,1.000000
1724169388311492200,65,0.00,0.00,352.08,89.18,1,1,1.000000
1724169388355807400,43,1040.62,506.27,239.66,124.96,1,1,1.000000
1724169388355807400,46,988.76,648.21,107.17,71.77,1,1,1.000000
1724169388355807400,48,434.18,283.28,350.31,178.15,1,1,1.000000
1724169388355807400,52,342.48,74.07,382.20,96.26,1,1,1.000000
1724169388355807400,58,69.81,564.98,259.85,152.74,1,1,1.000000
1724169388355807400,59,68.65,161.63,478.86,110.53,1,1,1.000000
1724169388355807400,63,101.02,418.01,308.74,194.95,1,1,1.000000
1724169388355807400,65,1.30,0.09,384.67,100.59,1,1,1.000000
1724169388431105500,43,1096.74,518.55,183.40,107.67,1,1,1.000000
1724169388431105500,48,477.47,279.38,340.46,186.12,1,1,1.000000
1724169388431105500,52,402.69,75.72,364.69,97.82,1,1,1.000000
1724169388431105500,58,83.15,586.02,258.30,131.22,1,1,1.000000
1724169388431105500,59,121.31,150.92,470.90,122.94,1,1,1.000000
1724169388431105500,63,124.42,419.51,333.68,197.79,1,1,1.000000
1724169388431105500,65,0.45,0.00,438.76,117.33,1,1,1.000000
1724169388431105500,71,72.13,693.74,190.62,25.98,1,1,1.000000
1724169388507883100,43,1153.48,538.34,126.54,75.28,1,1,1.000000
1724169388507883100,48,519.20,287.53,328.44,183.72,1,1,1.000000
1724169388507883100,52,452.48,77.82,354.96,97.23,1,1,1.000000
1724169388507883100,58,137.78,588.28,214.69,130.54,1,1,1.000000
1724169388507883100,59,187.23,162.29,447.11,108.30,1,1,1.000000
1724169388507883100,63,154.67,472.43,333.91,155.01,1,1,1.000000
1724169388507883100,65,19.82,0.04,443.23,111.34,1,1,1.000000
1724169388507883100,71,85.36,693.29,178.53,26.18,1,1,1.000000
1724169388586402200,43,1187.96,549.27,92.04,75.90,1,1,1.000000
1724169388586402200,48,549.72,317.63,331.82,162.22,1,1,1.000000
1724169388586402200,52,492.40,72.44,362.13,101.48,1,1,1.000000
1724169388586402200,58,212.39,586.27,144.75,133.53,1,1,1.000000
1724169388586402200,59,269.41,161.69,410.48,108.80,1,1,1.000000
1724169388586402200,63,159.65,473.24,366.42,169.79,1,1,1.000000
1724169388586402200,65,48.57,0.13,442.72,110.56,1,1,1.000000
1724169388586402200,71,46.82,692.47,220.43,27.20,1,1,1.000000
1724169388631039400,48,547.91,321.82,360.11,177.06,1,1,1.000000
1724169388631039400,52,514.91,70.56,374.01,106.63,1,1,1.000000
1724169388631039400,58,133.64,579.88,232.42,139.50,1,1,1.000000
1724169388631039400,59,286.94,150.49,422.18,122.02,1,1,1.000000
1724169388631039400,63,174.14,499.95,401.55,152.71,1,1,1.000000
1724169388631039400,65,87.38,0.09,428.40,105.64,1,1,1.000000
1724169388631039400,71,56.71,670.16,190.99,49.32,1,1,1.000000
1724169388631039400,72,0.00,236.57,42.61,123.78,1,1,1.000000
1724169388675093700,48,558.52,334.99,380.47,179.22,1,1,1.000000
1724169388675093700,52,527.58,71.92,399.23,103.87,1,1,1.000000
1724169388675093700,58,155.69,573.47,212.30,145.92,1,1,1.000000
1724169388675093700,59,304.02,151.35,449.01,131.69,1,1,1.000000
1724169388675093700,63,201.19,515.22,424.25,143.69,1,1,1.000000
1724169388675093700,65,122.24,0.05,418.33,96.11,1,1,1.000000
1724169388675093700,71,103.71,656.81,93.73,62.86,1,1,1.000000
1724169388675093700,72,0.22,237.94,51.95,83.92,1,1,1.000000
1724169388796806100,48,602.61,365.62,401.26,178.23,1,1,1.000000
1724169388796806100,52,591.93,75.24,409.75,104.68,1,1,1.000000
1724169388796806100,58,202.91,578.11,176.48,141.46,1,1,1.000000
1724169388796806100,59,398.54,150.22,440.23,131.59,1,1,1.000000
1724169388796806100,63,318.59,501.03,381.53,175.08,1,1,1.000000
1724169388796806100,65,165.17,0.00,407.54,93.28,1,1,1.000000
1724169388796806100,72,0.14,262.71,72.18,93.76,1,1,1.000000
1724169388871088500,48,640.77,364.72,413.14,191.67,1,1,1.000000
1724169388871088500,52,634.58,76.38,407.92,106.51,1,1,1.000000
1724169388871088500,58,276.33,586.13,138.70,133.50,1,1,1.000000
1724169388871088500,59,454.56,152.05,431.17,115.18,1,1,1.000000
1724169388871088500,63,367.61,512.92,371.07,177.80,1,1,1.000000
1724169388871088500,65,191.07,0.02,405.19,82.50,1,1,1.000000
1724169388871088500,72,0.30,281.99,65.90,83.55,1,1,1.000000
1724169388995489600,48,724.06,357.52,442.62,222.11,1,1,1.000000
1724169388995489600,52,703.33,59.78,448.45,125.83,1,1,1.000000
1724169388995489600,58,283.97,556.61,154.13,157.37,1,1,1.000000
1724169388995489600,59,573.32,149.54,449.64,102.87,1,1,1.000000
1724169388995489600,63,445.87,562.12,394.02,156.72,1,1,1.000000
1724169388995489600,65,323.73,0.00,356.79,76.66,1,1,1.000000
1724169388995489600,72,0.04,279.89,70.13,110.30,1,1,1.000000
1724169389068858700,48,764.31,357.16,460.64,235.80,1,1,1.000000
1724169389068858700,52,753.75,60.81,466.53,117.80,1,1,1.000000
1724169389068858700,58,279.40,593.08,165.64,100.76,1,1,1.000000
1724169389068858700,59,608.29,148.48,479.39,97.95,1,1,1.000000
1724169389068858700,63,500.18,558.93,384.89,160.97,1,1,1.000000
1724169389068858700,65,376.74,0.00,336.09,64.96,1,1,1.000000
1724169389068858700,72,0.21,286.92,75.86,112.29,1,1,1.000000
1724169389113973600,48,827.80,363.90,450.98,243.92,1,1,1.000000
1724169389113973600,52,747.97,59.26,525.17,108.01,1,1,1.000000
1724169389113973600,59,677.07,136.56,521.05,109.86,1,1,1.000000
1724169389113973600,63,558.10,541.60,387.93,178.14,1,1,1.000000
1724169389113973600,65,432.68,0.03,308.88,60.91,1,1,1.000000
1724169389113973600,72,0.12,295.20,83.85,118.03,1,1,1.000000
1724169389113973600,76,387.56,598.50,261.32,121.53,1,1,1.000000
1724169389190369200,48,854.42,371.96,426.44,246.85,1,1,1.000000
1724169389190369200,52,733.14,56.82,542.58,180.71,1,1,1.000000
1724169389190369200,58,400.00,572.94,105.63,146.97,1,1,1.000000
1724169389190369200,63,613.00,526.71,355.21,193.23,1,1,1.000000
1724169389190369200,65,484.76,0.00,319.90,63.24,1,1,1.000000
1724169389190369200,72,0.00,308.05,75.82,113.86,1,1,1.000000
1724169389190369200,76,512.61,638.13,116.83,81.92,1,1,1.000000
1724169389190369200,79,0.33,649.08,115.12,70.28,1,1,1.000000
1724169389234958900,48,873.06,372.19,406.64,249.45,1,1,1.000000
1724169389234958900,52,949.75,46.24,330.89,112.25,1,1,1.000000
1724169389234958900,58,401.73,578.33,109.20,141.29,1,1,1.000000
1724169389234958900,59,775.41,103.07,502.81,140.09,1,1,1.000000
1724169389234958900,63,676.28,530.38,336.57,189.87,1,1,1.000000
1724169389234958900,65,512.28,0.00,312.10,53.76,1,1,1.000000
1724169389234958900,76,529.97,642.30,91.88,77.80,1,1,1.000000
1724169389234958900,79,0.41,640.77,126.28,78.04,1,1,1.000000
1724169389310730300,48,889.52,383.19,391.13,244.86,1,1,1.000000
1724169389310730300,58,400.13,614.69,112.65,105.10,1,1,1.000000
1724169389310730300,59,818.09,63.77,460.26,214.16,1,1,1.000000
1724169389310730300,63,695.56,531.51,341.35,187.89,1,1,1.000000
1724169389310730300,65,535.76,0.00,318.61,44.75,1,1,1.000000
1724169389310730300,72,0.76,310.24,110.25,60.92,1,1,1.000000
1724169389310730300,76,558.42,671.81,72.63,48.17,1,1,1.000000
1724169389310730300,79,0.85,635.02,143.66,81.37,1,1,1.000000
1724169389389137700,48,926.71,402.98,354.47,227.34,1,1,1.000000
1724169389389137700,52,864.19,47.18,413.74,237.05,1,1,1.000000
1724169389389137700,59,870.67,120.89,410.63,163.92,1,1,1.000000
1724169389389137700,63,756.78,553.66,303.32,166.25,1,1,1.000000
1724169389389137700,72,0.00,301.60,135.02,63.12,1,1,1.000000
1724169389389137700,79,0.89,620.23,163.41,95.02,1,1,1.000000
1724169389389137700,86,97.86,684.78,200.12,35.43,1,1,1.000000
1724169389432915100,48,956.35,420.21,323.92,209.09,1,1,1.000000
1724169389432915100,52,949.43,68.96,330.34,216.12,1,1,1.000000
1724169389432915100,59,952.71,133.25,327.13,150.30,1,1,1.000000
1724169389432915100,63,768.68,561.65,312.55,157.81,1,1,1.000000
1724169389432915100,65,627.69,0.25,332.73,36.47,1,1,1.000000
1724169389432915100,72,0.00,276.35,146.30,90.51,1,1,1.000000
1724169389432915100,79,0.99,619.85,164.29,86.03,1,1,1.000000
1724169389432915100,86,72.26,678.60,227.08,41.07,1,1,1.000000
1724169389432915100,87,1112.75,68.87,167.65,75.12,1,1,1.000000
1724169389508357100,48,984.27,431.01,295.58,199.24,1,1,1.000000
1724169389508357100,59,1008.45,143.25,271.48,145.07,1,1,1.000000
1724169389508357100,63,794.48,598.30,295.82,121.80,1,1,1.000000
1724169389508357100,72,0.00,270.76,164.98,101.98,1,1,1.000000
1724169389508357100,79,1.21,626.31,166.13,86.43,1,1,1.000000
1724169389508357100,86,57.70,682.38,221.75,37.79,1,1,1.000000
1724169389508357100,87,1136.05,72.05,143.76,78.75,1,1,1.000000
1724169389508357100,89,1231.80,637.94,48.65,81.53,1,1,1.000000
1724169389554392500,48,1019.10,436.08,260.78,198.47,1,1,1.000000
1724169389554392500,59,1066.45,135.36,213.53,156.55,1,1,1.000000
1724169389554392500,63,834.55,630.57,252.81,89.12,1,1,1.000000
1724169389554392500,72,0.09,271.46,194.55,111.66,1,1,1.000000
1724169389554392500,79,0.82,630.58,179.79,86.80,1,1,1.000000
1724169389554392500,87,1159.57,74.34,120.32,80.38,1,1,1.000000
1724169389554392500,89,1224.36,641.37,56.30,78.29,1,1,1.000000
1724169389628986200,48,1046.84,440.76,233.39,198.42,1,1,1.000000
1724169389628986200,59,1137.73,146.90,142.56,118.74,1,1,1.000000
1724169389628986200,63,883.31,629.11,206.52,90.86,1,1,1.000000
1724169389628986200,72,0.00,281.46,207.08,108.22,1,1,1.000000
1724169389628986200,79,45.16,635.47,147.55,81.18,1,1,1.000000
1724169389628986200,87,1203.16,71.61,76.97,86.72,1,1,1.000000
1724169389628986200,89,1214.37,638.54,66.15,80.85,1,1,1.000000
1724169389628986200,93,0.15,514.24,78.26,62.65,1,1,1.000000
1724169389704584400,48,1076.16,457.03,204.44,175.22,1,1,1.000000
1724169389704584400,52,1153.64,84.23,126.38,206.78,1,1,1.000000
1724169389704584400,59,1154.06,83.71,125.94,167.68,1,1,1.000000
1724169389704584400,63,953.13,639.93,122.78,80.15,1,1,1.000000
1724169389704584400,72,0.00,295.14,233.77,103.66,1,1,1.000000
1724169389704584400,79,45.66,647.54,166.75,71.55,1,1,1.000000
1724169389704584400,89,1212.48,624.66,67.91,94.45,1,1,1.000000
1724169389704584400,93,0.36,514.58,94.68,70.25,1,1,1.000000
1724169389704584400,96,1174.55,229.51,106.66,61.89,1,1,1.000000
1724169389750705300,48,1111.44,480.39,168.96,151.25,1,1,1.000000
1724169389750705300,72,0.41,308.65,236.24,100.99,1,1,1.000000
1724169389750705300,79,42.75,659.72,190.58,59.59,1,1,1.000000
1724169389750705300,89,1209.06,647.29,71.23,72.00,1,1,1.000000
1724169389750705300,93,0.45,520.24,117.32,69.95,1,1,1.000000
1724169389797790100,48,1132.53,514.37,147.56,113.42,1,1,1.000000
1724169389797790100,72,0.58,320.19,266.33,98.58,1,1,1.000000
1724169389797790100,79,7.99,665.79,253.51,54.15,1,1,1.000000
1724169389797790100,93,0.69,528.14,135.40,80.84,1,1,1.000000
1724169389797790100,100,933.86,0.00,345.45,32.70,1,1,1.000000
1724169389873691300,48,1159.39,529.12,120.30,99.05,1,1,1.000000
1724169389873691300,68,87.17,682.99,192.33,36.80,1,1,1.000000
1724169389873691300,72,1.52,332.06,270.36,97.94,1,1,1.000000
1724169389873691300,93,0.83,531.23,149.25,94.84,1,1,1.000000
1724169389873691300,100,913.94,0.00,365.22,40.25,1,1,1.000000
1724169389873691300,102,0.76,267.43,113.68,73.80,1,1,1.000000
1724169389918271100,48,1212.43,558.71,67.82,78.10,1,1,1.000000
1724169389918271100,68,75.54,692.73,208.19,26.92,1,1,1.000000
1724169389918271100,72,0.63,342.24,295.50,93.38,1,1,1.000000
1724169389918271100,93,0.97,539.85,161.14,96.15,1,1,1.000000
1724169389918271100,100,916.03,0.00,363.63,47.35,1,1,1.000000
1724169389918271100,102,0.70,266.93,132.98,91.65,1,1,1.000000
1724169389995719400,72,1.49,351.43,281.31,113.78,1,1,1.000000
1724169389995719400,93,0.90,540.99,174.21,101.97,1,1,1.000000
1724169389995719400,100,1011.83,0.00,268.32,48.00,1,1,1.000000
1724169389995719400,102,0.55,271.77,151.19,105.05,1,1,1.000000
1724169390069210200,72,1.71,356.14,275.57,124.34,1,1,1.000000
1724169390069210200,93,0.74,551.73,196.35,133.29,1,1,1.000000
1724169390069210200,100,1084.68,0.00,195.83,40.67,1,1,1.000000
1724169390069210200,102,0.89,272.82,165.16,113.28,1,1,1.000000
1724169390069210200,104,0.32,81.89,136.37,97.71,1,1,1.000000
1724169390116790200,72,1.99,379.99,297.11,154.72,1,1,1.000000
1724169390116790200,93,1.33,566.20,213.10,108.94,1,1,1.000000
1724169390116790200,102,0.72,281.25,178.15,116.71,1,1,1.000000
1724169390116790200,104,0.31,72.25,188.18,151.20,1,1,1.000000
1724169390191398300,72,2.28,379.94,292.17,191.54,1,1,1.000000
1724169390191398300,93,1.05,574.09,236.37,105.19,1,1,1.000000
1724169390191398300,102,0.51,288.03,200.31,108.42,1,1,1.000000
1724169390191398300,104,0.28,65.78,228.72,153.69,1,1,1.000000
1724169390236854700,72,56.69,387.45,251.41,211.14,1,1,1.000000
1724169390236854700,93,1.13,580.43,275.62,99.29,1,1,1.000000
1724169390236854700,102,0.68,286.33,246.16,114.66,1,1,1.000000
1724169390236854700,104,0.00,60.64,377.04,164.25,1,1,1.000000
1724169390312771900,72,122.24,383.18,209.59,242.03,1,1,1.000000
1724169390312771900,93,2.33,564.42,313.64,122.03,1,1,1.000000
1724169390312771900,102,0.38,282.53,289.62,125.79,1,1,1.000000
1724169390312771900,104,0.30,46.44,400.85,176.04,1,1,1.000000
1724169390387684300,72,192.43,375.54,173.52,274.35,1,1,1.000000
1724169390387684300,93,5.46,568.56,361.32,139.75,1,1,1.000000
1724169390387684300,102,1.34,271.25,348.45,122.61,1,1,1.000000
1724169390387684300,104,0.21,27.68,429.18,181.41,1,1,1.000000
1724169390433460800,72,174.54,360.66,237.43,286.80,1,1,1.000000
1724169390433460800,93,4.89,361.01,409.93,334.29,1,1,1.000000
1724169390433460800,102,2.55,262.21,393.54,119.26,1,1,1.000000
1724169390433460800,104,0.85,18.71,489.98,173.52,1,1,1.000000
1724169390433460800,108,0.77,207.26,185.18,79.94,1,1,1.000000
1724169390509865100,72,159.23,442.32,289.40,183.69,1,1,1.000000
1724169390509865100,93,0.95,563.14,446.35,153.68,1,1,1.000000
1724169390509865100,102,1.51,247.14,451.92,125.03,1,1,1.000000
1724169390509865100,104,0.13,2.55,560.13,187.56,1,1,1.000000
1724169390509865100,108,1.00,190.60,238.75,93.01,1,1,1.000000
1724169390509865100,109,261.47,683.45,502.65,36.47,1,1,1.000000
1724169390555872600,72,170.97,440.00,301.24,178.87,1,1,1.000000
1724169390555872600,93,0.00,562.57,292.27,156.94,1,1,1.000000
1724169390555872600,102,29.02,234.36,479.28,127.92,1,1,1.000000
1724169390555872600,104,8.09,0.35,637.40,205.73,1,1,1.000000
1724169390555872600,108,1.17,180.30,284.80,102.12,1,1,1.000000
1724169390555872600,109,178.15,663.81,612.38,56.37,1,1,1.000000
1724169390631061700,72,170.14,423.28,345.91,190.99,1,1,1.000000
1724169390631061700,93,0.11,549.45,300.64,166.39,1,1,1.000000
1724169390631061700,102,86.98,227.97,468.10,123.58,1,1,1.000000
1724169390631061700,104,144.65,0.11,572.24,145.73,1,1,1.000000
1724169390631061700,108,0.63,133.57,333.64,140.75,1,1,1.000000
1724169390631061700,109,333.67,652.21,295.70,67.30,1,1,1.000000
1724169390631061700,113,554.12,660.54,280.16,59.14,1,1,1.000000
1724169390675839300,72,169.09,429.12,403.15,188.45,1,1,1.000000
1724169390675839300,93,0.00,554.93,326.90,164.53,1,1,1.000000
1724169390675839300,102,129.00,219.03,470.52,123.53,1,1,1.000000
1724169390675839300,104,264.01,0.04,532.69,130.47,1,1,1.000000
1724169390675839300,108,0.41,129.34,379.18,137.05,1,1,1.000000
1724169390675839300,109,308.13,642.89,355.98,75.54,1,1,1.000000
1724169390675839300,113,580.38,653.72,290.09,65.99,1,1,1.000000
1724169390675839300,114,0.26,66.76,144.97,83.72,1,1,1.000000
1724169390675839300,116,418.16,522.77,163.69,80.36,1,1,1.000000
1724169390751751200,72,163.60,416.23,406.05,197.76,1,1,1.000000
1724169390751751200,93,0.00,544.45,285.23,175.11,1,1,1.000000
1724169390751751200,102,165.04,210.12,473.54,132.23,1,1,1.000000
1724169390751751200,104,346.20,0.08,502.14,104.38,1,1,1.000000
1724169390751751200,108,0.31,120.02,438.37,135.53,1,1,1.000000
1724169390751751200,109,339.45,636.50,341.87,80.84,1,1,1.000000
1724169390751751200,113,558.98,652.37,358.04,67.18,1,1,1.000000
1724169390751751200,114,0.00,59.39,181.46,85.31,1,1,1.000000
1724169390751751200,116,410.57,522.24,203.43,79.53,1,1,1.000000
1724169390781672800,72,151.18,408.19,449.11,209.02,1,1,1.000000
1724169390781672800,93,0.01,556.75,262.04,160.35,1,1,1.000000
1724169390781672800,102,239.00,209.25,446.37,132.18,1,1,1.000000
1724169390781672800,104,422.85,0.00,459.75,83.03,1,1,1.000000
1724169390781672800,108,0.79,117.02,473.99,141.34,1,1,1.000000
1724169390781672800,109,399.31,623.54,321.59,93.90,1,1,1.000000
1724169390781672800,113,605.96,651.74,344.23,67.67,1,1,1.000000
1724169390781672800,114,0.18,54.63,222.52,97.71,1,1,1.000000
1724169390781672800,116,403.97,516.82,252.03,89.12,1,1,1.000000
1724169390871614800,72,137.23,425.55,483.96,190.55,1,1,1.000000
1724169390871614800,93,0.41,565.85,450.27,149.13,1,1,1.000000
1724169390871614800,102,289.44,207.86,447.64,122.95,1,1,1.000000
1724169390871614800,104,515.48,0.00,449.37,71.59,1,1,1.000000
1724169390871614800,108,4.94,111.00,517.39,136.57,1,1,1.000000
1724169390871614800,109,387.52,622.85,367.71,95.11,1,1,1.000000
1724169390871614800,113,731.05,651.53,273.57,67.79,1,1,1.000000
1724169390871614800,114,0.49,51.21,269.32,95.67,1,1,1.000000
1724169390871614800,116,475.07,509.12,230.00,87.28,1,1,1.000000
1724169390915964000,72,159.18,441.69,483.38,148.86,1,1,1.000000
1724169390915964000,79,358.59,670.97,251.62,49.19,1,1,1.000000
1724169390915964000,93,0.00,564.17,492.47,133.15,1,1,1.000000
1724169390915964000,102,353.36,207.51,429.48,111.17,1,1,1.000000
1724169390915964000,104,603.74,0.00,431.20,73.47,1,1,1.000000
1724169390915964000,108,86.65,108.63,499.87,132.38,1,1,1.000000
1724169390915964000,109,470.16,614.16,603.48,104.44,1,1,1.000000
1724169390915964000,114,0.67,50.35,349.78,89.75,1,1,1.000000
1724169390915964000,116,501.90,510.97,250.99,79.49,1,1,1.000000
1724169390991734300,72,169.35,475.03,430.50,118.11,1,1,1.000000
1724169390991734300,79,414.33,665.38,256.53,54.61,1,1,1.000000
1724169390991734300,93,37.92,560.73,483.03,122.56,1,1,1.000000
1724169390991734300,102,411.78,205.47,421.71,117.15,1,1,1.000000
1724169390991734300,104,656.87,0.00,443.66,63.15,1,1,1.000000
1724169390991734300,108,176.90,102.95,459.68,130.07,1,1,1.000000
1724169390991734300,109,519.74,609.18,324.29,89.11,1,1,1.000000
1724169390991734300,113,833.57,655.59,266.90,63.73,1,1,1.000000
1724169390991734300,114,43.70,52.26,354.40,92.83,1,1,1.000000
1724169390991734300,116,493.54,472.48,309.98,116.36,1,1,1.000000
1724169390991734300,122,40.15,570.87,238.35,113.33,1,1,1.000000
1724169391068658000,72,167.18,469.24,418.10,113.69,1,1,1.000000
1724169391068658000,79,421.69,639.00,286.30,80.78,1,1,1.000000
1724169391068658000,102,486.81,203.44,407.09,104.30,1,1,1.000000
1724169391068658000,108,245.13,95.55,435.73,124.27,1,1,1.000000
1724169391068658000,109,555.90,600.73,368.81,100.05,1,1,1.000000
1724169391068658000,113,806.41,662.12,333.30,57.55,1,1,1.000000
1724169391068658000,114,137.81,58.50,293.28,99.30,1,1,1.000000
1724169391068658000,116,549.79,487.67,291.66,94.26,1,1,1.000000
1724169391114698600,72,140.96,473.01,431.04,116.79,1,1,1.000000
1724169391114698600,79,429.08,649.55,295.15,70.59,1,1,1.000000
1724169391114698600,102,511.27,190.34,402.57,117.20,1,1,1.000000
1724169391114698600,108,274.41,92.53,436.87,119.50,1,1,1.000000
1724169391114698600,109,430.59,602.00,521.20,116.63,1,1,1.000000
1724169391114698600,113,871.55,670.68,307.33,48.74,1,1,1.000000
1724169391114698600,114,167.19,46.45,304.72,109.69,1,1,1.000000
1724169391114698600,116,553.18,501.61,317.49,86.00,1,1,1.000000
1724169391114698600,124,0.99,364.30,125.59,92.28,1,1,1.000000
1724169391114698600,128,372.40,543.06,269.41,79.19,1,1,1.000000
1724169391190842900,72,127.43,481.58,445.71,112.51,1,1,1.000000
1724169391190842900,79,441.70,652.39,300.41,67.28,1,1,1.000000
1724169391190842900,108,319.78,86.96,484.95,133.53,1,1,1.000000
1724169391190842900,109,650.00,601.39,297.34,77.34,1,1,1.000000
1724169391190842900,113,850.83,663.03,330.81,56.31,1,1,1.000000
1724169391190842900,114,224.73,51.28,295.75,103.84,1,1,1.000000
1724169391190842900,116,571.37,490.30,334.96,94.19,1,1,1.000000
1724169391190842900,124,1.20,359.93,198.99,103.60,1,1,1.000000
1724169391190842900,128,385.68,527.09,248.40,97.32,1,1,1.000000
1724169391190842900,129,0.53,96.25,116.72,90.56,1,1,1.000000
1724169391190842900,130,0.70,217.67,101.68,69.98,1,1,1.000000
1724169391236598100,72,112.39,475.15,472.64,136.26,1,1,1.000000
1724169391236598100,79,476.33,662.42,275.27,57.68,1,1,1.000000
1724169391236598100,102,594.73,178.62,402.99,135.13,1,1,1.000000
1724169391236598100,108,361.98,81.65,473.13,141.25,1,1,1.000000
1724169391236598100,109,677.43,602.34,306.13,77.80,1,1,1.000000
1724169391236598100,113,883.13,667.77,334.40,51.89,1,1,1.000000
1724169391236598100,114,248.15,63.10,272.98,86.25,1,1,1.000000
1724169391236598100,116,589.71,490.85,358.50,98.63,1,1,1.000000
1724169391236598100,124,0.99,356.24,255.77,133.84,1,1,1.000000
1724169391236598100,128,401.01,525.54,263.75,96.77,1,1,1.000000
1724169391236598100,129,0.46,98.86,148.71,84.58,1,1,1.000000
1724169391236598100,130,0.89,221.40,138.60,65.15,1,1,1.000000
1724169391236598100,136,0.93,300.07,163.86,54.69,1,1,1.000000
1724169391315139300,72,115.56,468.21,454.17,137.32,1,1,1.000000
1724169391315139300,79,531.61,664.36,236.54,55.54,1,1,1.000000
1724169391315139300,102,609.32,187.36,463.05,136.94,1,1,1.000000
1724169391315139300,108,398.38,80.41,443.28,137.42,1,1,1.000000
1724169391315139300,109,689.91,599.74,355.18,105.69,1,1,1.000000
1724169391315139300,113,1007.04,664.53,227.06,54.99,1,1,1.000000
1724169391315139300,114,226.77,47.79,302.25,107.64,1,1,1.000000
1724169391315139300,116,644.49,495.54,358.92,98.73,1,1,1.000000
1724169391315139300,124,0.63,338.19,304.94,170.92,1,1,1.000000
1724169391315139300,128,432.85,516.38,282.46,114.82,1,1,1.000000
1724169391315139300,129,0.74,98.72,154.89,91.14,1,1,1.000000
1724169391315139300,130,0.30,224.78,153.39,130.87,1,1,1.000000
1724169391389912600,72,75.62,475.01,474.19,144.64,1,1,1.000000
1724169391389912600,79,584.82,663.67,201.78,56.02,1,1,1.000000
1724169391389912600,102,668.46,187.79,438.02,141.35,1,1,1.000000
1724169391389912600,108,443.10,74.45,429.54,138.05,1,1,1.000000
1724169391389912600,109,729.75,606.37,499.97,112.30,1,1,1.000000
1724169391389912600,114,272.41,52.92,277.54,110.31,1,1,1.000000
1724169391389912600,116,655.18,492.93,350.94,104.98,1,1,1.000000
1724169391389912600,124,0.67,339.98,312.22,170.31,1,1,1.000000
1724169391389912600,128,415.42,478.73,331.61,175.00,1,1,1.000000
1724169391389912600,129,0.77,98.54,197.63,128.11,1,1,1.000000
1724169391389912600,130,0.62,225.46,179.21,61.77,1,1,1.000000
1724169391389912600,136,1.27,264.37,220.59,87.82,1,1,1.000000
1724169391435038100,72,45.22,510.06,449.18,131.19,1,1,1.000000
1724169391435038100,79,588.24,598.28,203.40,121.69,1,1,1.000000
1724169391435038100,102,724.38,197.23,459.73,141.80,1,1,1.000000
1724169391435038100,108,335.79,74.25,601.22,109.65,1,1,1.000000
1724169391435038100,109,767.43,604.96,379.46,114.32,1,1,1.000000
1724169391435038100,114,336.68,74.18,299.85,109.58,1,1,1.000000
1724169391435038100,116,696.96,479.59,382.24,127.15,1,1,1.000000
1724169391435038100,124,0.66,328.63,372.23,180.11,1,1,1.000000
1724169391435038100,128,490.86,507.77,285.41,145.08,1,1,1.000000
1724169391435038100,129,0.00,102.76,233.86,127.37,1,1,1.000000
1724169391435038100,130,0.76,227.08,227.39,80.97,1,1,1.000000
1724169391435038100,136,3.53,278.33,273.59,79.40,1,1,1.000000
1724169391510551000,72,35.69,488.85,489.14,170.89,1,1,1.000000
1724169391510551000,79,638.29,612.56,166.34,107.29,1,1,1.000000
1724169391510551000,102,746.96,200.94,528.92,155.50,1,1,1.000000
1724169391510551000,108,350.08,74.47,630.94,110.00,1,1,1.000000
1724169391510551000,109,825.64,605.34,374.02,114.06,1,1,1.000000
1724169391510551000,116,759.37,483.99,391.05,129.05,1,1,1.000000
1724169391510551000,124,2.73,338.74,409.63,162.78,1,1,1.000000
1724169391510551000,128,490.86,510.46,348.02,150.19,1,1,1.000000
1724169391510551000,129,1.24,113.76,232.03,125.57,1,1,1.000000
1724169391510551000,136,0.58,231.40,319.59,150.76,1,1,1.000000
1724169391555768600,72,13.36,500.18,478.77,167.84,1,1,1.000000
1724169391555768600,102,797.49,190.79,481.31,184.50,1,1,1.000000
1724169391555768600,108,630.18,69.85,384.01,112.74,1,1,1.000000
1724169391555768600,109,853.27,605.83,396.96,113.04,1,1,1.000000
1724169391555768600,114,406.88,79.50,275.36,113.25,1,1,1.000000
1724169391555768600,116,790.63,501.69,420.74,119.36,1,1,1.000000
1724169391555768600,124,2.49,329.10,417.93,173.63,1,1,1.000000
1724169391555768600,128,461.31,508.45,461.42,207.80,1,1,1.000000
1724169391555768600,129,0.03,116.20,275.60,154.40,1,1,1.000000
1724169391555768600,136,2.19,233.28,330.86,118.58,1,1,1.000000
1724169391587859400,72,0.63,512.78,472.12,168.87,1,1,1.000000
1724169391587859400,102,845.80,204.90,432.80,181.38,1,1,1.000000
1724169391587859400,108,669.00,62.45,411.84,120.31,1,1,1.000000
1724169391587859400,109,900.55,612.08,376.95,107.76,1,1,1.000000
1724169391587859400,114,461.36,93.13,273.59,110.20,1,1,1.000000
1724169391587859400,116,811.64,501.80,434.06,121.62,1,1,1.000000
1724169391587859400,124,2.54,331.71,467.82,158.85,1,1,1.000000
1724169391587859400,128,553.93,499.12,355.35,204.36,1,1,1.000000
1724169391587859400,129,3.46,120.79,310.65,140.21,1,1,1.000000
1724169391587859400,136,2.01,225.96,376.05,134.80,1,1,1.000000
1724169391587859400,147,0.64,515.44,137.37,90.03,1,1,1.000000
1724169391676933800,72,0.00,502.14,468.38,186.11,1,1,1.000000
1724169391676933800,93,498.06,504.28,232.37,193.37,1,1,1.000000
1724169391676933800,102,872.86,220.48,405.66,176.42,1,1,1.000000
1724169391676933800,108,465.81,60.75,693.54,149.62,1,1,1.000000
1724169391676933800,109,936.35,621.04,344.35,98.55,1,1,1.000000
1724169391676933800,116,843.83,518.44,434.44,126.15,1,1,1.000000
1724169391676933800,124,3.94,332.45,522.60,169.36,1,1,1.000000
1724169391676933800,128,597.32,503.41,377.79,188.70,1,1,1.000000
1724169391676933800,129,0.20,119.05,316.17,151.40,1,1,1.000000
1724169391676933800,136,31.01,234.07,385.70,115.37,1,1,1.000000
1724169391676933800,147,0.32,509.11,160.65,67.37,1,1,1.000000
1724169391752470600,72,1.15,491.77,445.57,214.27,1,1,1.000000
1724169391752470600,102,921.19,233.05,357.59,184.60,1,1,1.000000
1724169391752470600,108,698.54,53.67,513.63,131.96,1,1,1.000000
1724169391752470600,109,992.20,654.86,285.74,64.98,1,1,1.000000
1724169391752470600,114,518.43,110.70,279.28,118.19,1,1,1.000000
1724169391752470600,116,890.69,529.75,388.09,122.94,1,1,1.000000
1724169391752470600,124,15.34,331.27,540.68,164.03,1,1,1.000000
1724169391752470600,128,511.97,511.31,540.95,204.56,1,1,1.000000
1724169391752470600,129,0.58,109.32,344.48,191.42,1,1,1.000000
1724169391752470600,136,81.98,235.76,336.74,107.32,1,1,1.000000
1724169391752470600,147,0.49,494.73,197.44,114.13,1,1,1.000000
1724169391752470600,151,16.55,315.66,371.03,99.83,1,1,1.000000
1724169391782774900,72,0.00,499.62,411.53,215.00,1,1,1.000000
1724169391782774900,93,528.32,509.96,239.53,204.18,1,1,1.000000
1724169391782774900,102,985.85,227.99,293.42,169.59,1,1,1.000000
1724169391782774900,108,677.44,53.30,598.58,131.21,1,1,1.000000
1724169391782774900,109,1029.57,659.13,249.63,60.79,1,1,1.000000
1724169391782774900,114,524.35,108.72,299.72,138.70,1,1,1.000000
1724169391782774900,116,922.20,530.66,356.50,120.05,1,1,1.000000
1724169391782774900,124,97.11,336.21,501.34,127.30,1,1,1.000000
1724169391782774900,128,640.51,519.18,453.33,201.18,1,1,1.000000
1724169391782774900,129,36.24,97.24,343.66,200.69,1,1,1.000000
1724169391782774900,136,86.40,236.69,368.19,102.61,1,1,1.000000
1724169391782774900,147,0.67,502.00,232.38,72.65,1,1,1.000000
1724169391782774900,151,42.91,240.16,415.72,211.87,1,1,1.000000
1724169391782774900,153,0.05,5.94,51.89,108.25,1,1,1.000000
1724169391873493800,72,0.14,504.05,392.05,211.52,1,1,1.000000
1724169391873493800,93,543.18,507.21,264.09,211.33,1,1,1.000000
1724169391873493800,102,1062.02,227.33,217.82,167.56,1,1,1.000000
1724169391873493800,108,734.68,58.34,543.01,130.18,1,1,1.000000
1724169391873493800,109,1064.80,659.31,214.10,60.47,1,1,1.000000
1724169391873493800,114,538.50,113.12,326.85,151.76,1,1,1.000000
1724169391873493800,116,964.84,531.45,313.88,117.65,1,1,1.000000
1724169391873493800,124,166.89,342.25,484.27,119.41,1,1,1.000000
1724169391873493800,128,546.45,507.67,558.80,211.90,1,1,1.000000
1724169391873493800,129,44.38,79.46,375.91,219.90,1,1,1.000000
1724169391873493800,136,129.86,235.48,359.25,109.37,1,1,1.000000
1724169391873493800,147,0.52,499.85,263.79,88.87,1,1,1.000000
1724169391873493800,151,78.81,238.69,412.35,212.41,1,1,1.000000
1724169391873493800,153,0.00,2.42,62.52,105.11,1,1,1.000000
1724169391873493800,154,0.02,450.86,142.87,68.32,1,1,1.000000
1724169391873493800,155,0.00,222.45,50.74,77.16,1,1,1.000000
1724169391905219800,72,1.04,527.07,373.51,189.29,1,1,1.000000
1724169391905219800,93,562.65,502.64,228.93,215.71,1,1,1.000000
1724169391905219800,102,1130.13,233.37,150.14,155.17,1,1,1.000000
1724169391905219800,108,795.38,60.22,482.05,131.11,1,1,1.000000
1724169391905219800,109,1093.53,654.52,185.84,63.98,1,1,1.000000
1724169391905219800,114,560.68,120.90,336.85,159.30,1,1,1.000000
1724169391905219800,116,997.48,523.89,282.15,129.99,1,1,1.000000
1724169391905219800,124,177.25,345.80,487.06,123.12,1,1,1.000000
1724169391905219800,128,707.31,564.17,447.52,154.19,1,1,1.000000
1724169391905219800,129,106.76,66.04,342.55,202.21,1,1,1.000000
1724169391905219800,147,0.30,511.54,267.31,81.87,1,1,1.000000
1724169391905219800,151,120.23,238.72,404.19,165.89,1,1,1.000000
1724169391905219800,153,0.00,1.54,78.24,103.59,1,1,1.000000
1724169391905219800,154,0.78,453.79,160.83,78.26,1,1,1.000000
1724169391949956000,72,0.53,548.49,348.56,162.39,1,1,1.000000
1724169391949956000,93,582.28,486.30,207.73,231.46,1,1,1.000000
1724169391949956000,102,1157.75,259.82,122.19,111.70,1,1,1.000000
1724169391949956000,108,856.96,60.58,421.10,132.73,1,1,1.000000
1724169391949956000,109,1165.47,651.77,114.88,65.42,1,1,1.000000
1724169391949956000,114,604.91,127.94,336.05,168.92,1,1,1.000000
1724169391949956000,116,1043.79,521.84,235.93,129.85,1,1,1.000000
1724169391949956000,124,202.04,349.17,495.21,122.27,1,1,1.000000
1724169391949956000,128,765.47,566.16,416.15,153.31,1,1,1.000000
1724169391949956000,129,155.16,53.78,326.61,199.81,1,1,1.000000
1724169391949956000,147,1.92,508.70,289.28,92.01,1,1,1.000000
1724169391949956000,151,136.13,239.55,414.37,130.69,1,1,1.000000
1724169391949956000,153,0.00,1.17,94.71,103.03,1,1,1.000000
1724169391949956000,154,0.71,449.75,177.79,88.34,1,1,1.000000
1724169392026353500,72,0.17,505.60,316.36,212.64,1,1,1.000000
1724169392026353500,93,599.14,502.43,192.74,216.50,1,1,1.000000
1724169392026353500,108,890.46,54.04,388.30,142.52,1,1,1.000000
1724169392026353500,114,639.88,125.51,340.15,183.44,1,1,1.000000
1724169392026353500,116,1098.64,527.59,181.04,117.12,1,1,1.000000
1724169392026353500,124,235.83,334.26,492.86,145.87,1,1,1.000000
1724169392026353500,128,813.12,558.67,392.40,161.33,1,1,1.000000
1724169392026353500,129,178.53,43.76,331.31,215.98,1,1,1.000000
1724169392026353500,151,152.82,237.37,428.46,133.60,1,1,1.000000
1724169392026353500,153,0.00,1.24,107.20,93.26,1,1,1.000000
1724169392026353500,154,0.85,446.35,193.27,82.68,1,1,1.000000
1724169392116120900,72,0.85,557.25,256.89,160.40,1,1,1.000000
1724169392116120900,93,599.48,521.45,195.63,197.86,1,1,1.000000
1724169392116120900,108,932.68,51.72,346.10,140.29,1,1,1.000000
1724169392116120900,114,676.10,142.34,338.01,189.86,1,1,1.000000
1724169392116120900,116,1124.47,525.36,155.33,119.03,1,1,1.000000
1724169392116120900,124,267.33,342.64,481.02,143.50,1,1,1.000000
1724169392116120900,128,845.49,575.01,383.39,145.50,1,1,1.000000
1724169392116120900,129,183.32,29.48,357.82,231.59,1,1,1.000000
1724169392116120900,147,31.05,509.35,329.65,123.18,1,1,1.000000
1724169392116120900,151,192.22,234.14,414.69,145.30,1,1,1.000000
1724169392116120900,153,0.15,1.79,123.70,96.08,1,1,1.000000
1724169392116120900,154,0.40,441.53,205.80,84.15,1,1,1.000000
1724169392148803600,72,0.21,566.08,193.69,138.27,1,1,1.000000
1724169392148803600,93,612.19,546.48,184.43,172.52,1,1,1.000000
1724169392148803600,108,979.22,101.42,300.12,96.19,1,1,1.000000
1724169392148803600,114,695.45,160.88,365.15,191.19,1,1,1.000000
1724169392148803600,116,1167.58,542.17,112.36,96.26,1,1,1.000000
1724169392148803600,124,257.98,352.36,545.50,135.67,1,1,1.000000
1724169392148803600,128,867.20,608.03,375.37,112.37,1,1,1.000000
1724169392148803600,129,185.38,16.54,393.46,240.62,1,1,1.000000
1724169392148803600,136,230.32,229.78,303.88,112.13,1,1,1.000000
1724169392148803600,147,72.63,509.40,301.61,126.78,1,1,1.000000
1724169392148803600,151,283.76,260.64,348.61,119.58,1,1,1.000000
1724169392148803600,153,0.00,3.12,153.93,89.02,1,1,1.000000
1724169392148803600,154,1.97,440.07,220.02,88.43,1,1,1.000000
1724169392148803600,159,188.16,140.16,308.13,117.01,1,1,1.000000
1724169392224002600,72,0.18,570.40,189.56,138.35,1,1,1.000000
1724169392224002600,93,627.93,546.38,172.10,172.83,1,1,1.000000
1724169392224002600,108,1073.61,97.62,206.31,93.12,1,1,1.000000
1724169392224002600,114,696.84,170.37,395.17,210.71,1,1,1.000000
1724169392224002600,116,1208.93,564.14,71.31,84.42,1,1,1.000000
1724169392224002600,124,367.00,346.77,466.57,154.18,1,1,1.000000
1724169392224002600,128,907.11,638.28,339.18,81.83,1,1,1.000000
1724169392224002600,129,198.33,1.18,423.28,259.17,1,1,1.000000
1724169392224002600,136,250.22,227.90,309.46,108.98,1,1,1.000000
1724169392224002600,147,82.76,510.04,310.85,128.15,1,1,1.000000
1724169392224002600,151,297.27,262.91,364.41,122.29,1,1,1.000000
1724169392224002600,153,0.00,1.62,148.93,83.17,1,1,1.000000
1724169392224002600,154,2.28,439.06,227.85,83.90,1,1,1.000000
1724169392224002600,159,199.85,138.61,314.91,119.58,1,1,1.000000
1724169392224002600,160,157.73,680.41,192.95,39.39,1,1,1.000000
1724169392224002600,161,275.38,356.31,226.21,77.97,1,1,1.000000
1724169392269297800,72,0.45,569.44,176.03,108.03,1,1,1.000000
1724169392269297800,93,671.27,553.00,133.03,166.58,1,1,1.000000
1724169392269297800,108,1104.90,96.71,174.29,96.57,1,1,1.000000
1724169392269297800,114,729.43,198.23,431.44,219.93,1,1,1.000000
1724169392269297800,124,417.95,351.00,462.03,165.66,1,1,1.000000
1724169392269297800,128,968.02,638.02,280.79,81.88,1,1,1.000000
1724169392269297800,129,195.25,0.00,447.57,256.43,1,1,1.000000
1724169392269297800,136,282.80,222.12,297.37,104.81,1,1,1.000000
1724169392269297800,147,72.99,499.09,342.15,138.41,1,1,1.000000
1724169392269297800,151,303.67,260.92,382.90,174.52,1,1,1.000000
1724169392269297800,153,0.00,2.14,105.92,81.15,1,1,1.000000
1724169392269297800,154,3.57,435.26,238.94,84.02,1,1,1.000000
1724169392269297800,159,205.56,135.41,324.64,120.91,1,1,1.000000
1724169392269297800,160,176.25,664.70,188.90,55.12,1,1,1.000000
1724169392269297800,161,304.14,330.80,227.04,103.86,1,1,1.000000
1724169392345105000,72,0.92,584.85,181.71,111.58,1,1,1.000000
1724169392345105000,93,692.96,560.48,113.20,159.48,1,1,1.000000
1724169392345105000,108,1164.73,91.68,114.85,105.80,1,1,1.000000
1724169392345105000,114,785.59,220.71,414.04,220.70,1,1,1.000000
1724169392345105000,124,478.67,354.10,438.25,174.81,1,1,1.000000
1724169392345105000,128,1006.84,629.38,232.77,90.25,1,1,1.000000
1724169392345105000,129,363.38,0.24,314.20,158.66,1,1,1.000000
1724169392345105000,136,314.48,212.77,294.64,106.47,1,1,1.000000
1724169392345105000,147,113.82,518.32,307.56,114.25,1,1,1.000000
1724169392345105000,151,331.15,251.41,378.06,159.88,1,1,1.000000
1724169392345105000,153,0.00,1.61,84.57,74.23,1,1,1.000000
1724169392345105000,154,2.83,419.00,254.54,103.53,1,1,1.000000
1724169392345105000,159,218.43,132.21,328.01,126.17,1,1,1.000000
1724169392345105000,160,160.17,637.50,223.96,82.38,1,1,1.000000
1724169392345105000,161,337.99,357.77,222.11,73.34,1,1,1.000000
1724169392345105000,163,0.00,396.07,74.22,69.21,1,1,1.000000
1724169392390221400,72,2.50,569.79,183.05,81.73,1,1,1.000000
1724169392390221400,93,700.22,556.52,97.37,162.70,1,1,1.000000
1724169392390221400,114,844.41,210.20,414.51,264.42,1,1,1.000000
1724169392390221400,124,508.96,367.24,463.80,173.38,1,1,1.000000
1724169392390221400,128,1063.43,629.93,160.47,89.73,1,1,1.000000
1724169392390221400,129,385.38,0.35,316.97,138.84,1,1,1.000000
1724169392390221400,136,323.11,209.99,303.50,103.79,1,1,1.000000
1724169392390221400,147,127.88,495.05,317.94,143.22,1,1,1.000000
1724169392390221400,151,370.75,247.98,376.86,142.70,1,1,1.000000
1724169392390221400,153,0.00,1.53,100.34,77.93,1,1,1.000000
1724169392390221400,154,2.20,425.09,261.89,95.76,1,1,1.000000
1724169392390221400,159,233.40,124.48,331.44,130.39,1,1,1.000000
1724169392390221400,160,145.12,648.22,242.22,71.52,1,1,1.000000
1724169392390221400,161,385.73,365.10,166.26,71.98,1,1,1.000000
1724169392390221400,163,0.23,390.15,85.46,71.90,1,1,1.000000
1724169392465220100,72,1.00,563.81,185.93,87.50,1,1,1.000000
1724169392465220100,93,689.21,587.00,115.84,132.68,1,1,1.000000
1724169392465220100,114,894.91,210.71,385.54,298.73,1,1,1.000000
1724169392465220100,124,512.36,365.01,504.91,191.54,1,1,1.000000
1724169392465220100,128,1111.72,654.90,74.79,65.04,1,1,1.000000
1724169392465220100,129,430.64,0.27,286.17,116.81,1,1,1.000000
1724169392465220100,136,324.88,203.96,326.67,116.78,1,1,1.000000
1724169392465220100,147,152.49,485.01,318.27,156.55,1,1,1.000000
1724169392465220100,151,402.60,262.38,369.36,107.98,1,1,1.000000
1724169392465220100,153,0.00,1.46,96.19,79.26,1,1,1.000000
1724169392465220100,154,2.07,419.21,278.41,94.92,1,1,1.000000
1724169392465220100,159,249.44,118.48,327.81,134.36,1,1,1.000000
1724169392465220100,160,154.51,639.15,255.71,80.53,1,1,1.000000
1724169392465220100,161,372.58,363.14,275.80,187.24,1,1,1.000000
1724169392465220100,163,0.28,382.66,98.56,77.72,1,1,1.000000
1724169392511041500,72,1.31,529.09,189.67,124.85,1,1,1.000000
1724169392511041500,93,680.33,608.06,122.42,111.20,1,1,1.000000
1724169392511041500,114,945.16,256.10,335.23,279.64,1,1,1.000000
1724169392511041500,124,575.91,354.55,486.98,225.09,1,1,1.000000
1724169392511041500,129,469.30,0.05,271.28,99.93,1,1,1.000000
1724169392511041500,136,334.72,201.50,336.83,128.55,1,1,1.000000
1724169392511041500,147,164.44,522.34,322.16,117.18,1,1,1.000000
1724169392511041500,151,437.65,258.22,366.90,101.75,1,1,1.000000
1724169392511041500,154,1.36,410.83,285.13,96.03,1,1,1.000000
1724169392511041500,159,266.34,114.52,326.82,131.95,1,1,1.000000
1724169392511041500,160,162.67,634.53,253.73,85.25,1,1,1.000000
1724169392511041500,161,384.61,363.81,261.56,212.31,1,1,1.000000
1724169392511041500,163,0.35,375.88,112.82,81.34,1,1,1.000000
1724169392589061800,72,2.65,534.61,188.55,119.94,1,1,1.000000
1724169392589061800,93,672.38,629.55,124.85,89.95,1,1,1.000000
1724169392589061800,114,962.72,266.15,316.43,283.30,1,1,1.000000
1724169392589061800,124,636.04,345.94,462.43,262.09,1,1,1.000000
1724169392589061800,129,505.49,0.17,246.93,90.24,1,1,1.000000
1724169392589061800,136,354.30,195.90,343.30,132.01,1,1,1.000000
1724169392589061800,147,160.38,519.09,341.44,128.68,1,1,1.000000
1724169392589061800,151,468.66,259.54,369.69,97.94,1,1,1.000000
1724169392589061800,154,2.40,403.40,298.08,99.85,1,1,1.000000
1724169392589061800,159,288.68,110.46,323.15,129.62,1,1,1.000000
1724169392589061800,160,158.70,623.16,261.36,96.59,1,1,1.000000
1724169392589061800,161,413.57,365.68,230.96,233.21,1,1,1.000000
1724169392589061800,163,0.62,370.19,118.32,83.97,1,1,1.000000
1724169392669279800,72,111.73,521.13,83.26,144.02,1,1,1.000000
1724169392669279800,114,983.91,292.15,295.76,261.91,1,1,1.000000
1724169392669279800,124,641.17,357.75,510.70,304.00,1,1,1.000000
1724169392669279800,129,561.37,0.00,213.58,79.49,1,1,1.000000
1724169392669279800,136,387.87,189.34,337.24,128.29,1,1,1.000000
1724169392669279800,147,145.16,519.08,362.02,149.00,1,1,1.000000
1724169392669279800,151,497.14,262.22,374.22,99.49,1,1,1.000000
1724169392669279800,154,2.47,393.38,310.36,105.63,1,1,1.000000
1724169392669279800,159,304.42,108.33,322.53,122.19,1,1,1.000000
1724169392669279800,160,155.34,621.72,274.89,98.06,1,1,1.000000
1724169392669279800,161,450.72,367.27,200.62,257.30,1,1,1.000000
1724169392669279800,163,0.53,363.03,131.20,87.40,1,1,1.000000
1724169392710041800,72,114.83,545.55,88.98,129.96,1,1,1.000000
1724169392710041800,114,1065.35,352.28,215.67,214.85,1,1,1.000000
1724169392710041800,124,668.33,387.79,532.38,323.96,1,1,1.000000
1724169392710041800,136,422.11,187.47,331.77,111.87,1,1,1.000000
1724169392710041800,147,181.50,537.12,326.11,164.61,1,1,1.000000
1724169392710041800,151,500.80,263.35,412.75,105.18,1,1,1.000000
1724169392710041800,154,3.72,384.22,325.59,118.42,1,1,1.000000
1724169392710041800,159,319.89,106.37,323.78,119.20,1,1,1.000000
1724169392710041800,160,152.37,619.26,293.09,99.97,1,1,1.000000
1724169392710041800,161,498.56,365.78,154.06,287.07,1,1,1.000000
1724169392710041800,163,0.69,352.45,134.02,100.68,1,1,1.000000
1724169392786606600,72,88.12,523.33,109.68,161.89,1,1,1.000000
1724169392786606600,114,1092.90,355.38,187.04,223.27,1,1,1.000000
1724169392786606600,124,696.26,409.05,564.08,311.40,1,1,1.000000
1724169392786606600,136,455.13,177.69,327.13,112.26,1,1,1.000000
1724169392786606600,147,195.00,526.92,312.84,186.92,1,1,1.000000
1724169392786606600,151,517.86,266.33,426.36,110.98,1,1,1.000000
1724169392786606600,154,4.20,386.20,335.08,116.49,1,1,1.000000
1724169392786606600,159,344.06,100.28,324.33,115.93,1,1,1.000000
1724169392786606600,160,157.96,616.95,274.06,102.12,1,1,1.000000
1724169392786606600,161,533.41,351.30,128.72,336.97,1,1,1.000000
1724169392786606600,163,0.54,337.81,142.07,104.34,1,1,1.000000
1724169392834128300,72,62.38,525.59,131.23,167.20,1,1,1.000000
1724169392834128300,114,1150.07,374.21,130.06,188.42,1,1,1.000000
1724169392834128300,124,741.26,420.56,536.12,299.59,1,1,1.000000
1724169392834128300,136,483.77,173.19,323.10,104.44,1,1,1.000000
1724169392834128300,147,154.78,510.67,342.68,207.50,1,1,1.000000
1724169392834128300,151,552.70,263.84,426.26,118.35,1,1,1.000000
1724169392834128300,154,16.23,382.79,336.20,119.57,1,1,1.000000
1724169392834128300,159,364.10,100.33,324.67,107.49,1,1,1.000000
1724169392834128300,160,170.08,616.76,271.37,102.61,1,1,1.000000
1724169392834128300,161,547.92,356.97,122.83,361.45,1,1,1.000000
1724169392834128300,163,0.61,327.16,146.08,116.35,1,1,1.000000
1724169392910736000,72,52.60,540.19,139.45,161.73,1,1,1.000000
1724169392910736000,114,1184.13,403.06,95.86,159.33,1,1,1.000000
1724169392910736000,124,792.69,412.41,484.83,307.50,1,1,1.000000
1724169392910736000,136,504.75,168.79,334.94,103.07,1,1,1.000000
1724169392910736000,147,173.37,511.85,322.06,204.30,1,1,1.000000
1724169392910736000,151,584.58,270.79,425.33,117.44,1,1,1.000000
1724169392910736000,154,33.36,382.92,326.53,116.21,1,1,1.000000
1724169392910736000,159,382.69,100.13,324.09,100.07,1,1,1.000000
1724169392910736000,160,175.62,614.71,242.52,103.68,1,1,1.000000
1724169392910736000,161,583.46,372.14,98.05,341.32,1,1,1.000000
1724169392910736000,163,0.90,291.95,148.06,106.99,1,1,1.000000
1724169392910736000,170,3.29,506.61,152.13,90.38,1,1,1.000000
1724169392956384900,72,44.23,543.16,153.54,171.46,1,1,1.000000
1724169392956384900,114,1218.64,455.72,61.50,79.99,1,1,1.000000
1724169392956384900,122,178.47,513.87,215.38,99.80,1,1,1.000000
1724169392956384900,124,831.41,413.92,447.08,305.47,1,1,1.000000
1724169392956384900,136,509.35,165.16,360.51,108.78,1,1,1.000000
1724169392956384900,147,349.40,524.22,156.29,194.45,1,1,1.000000
1724169392956384900,151,625.53,279.09,423.40,113.69,1,1,1.000000
1724169392956384900,154,32.10,379.42,337.32,109.63,1,1,1.000000
1724169392956384900,159,405.17,96.91,320.56,102.33,1,1,1.000000
1724169392956384900,160,156.14,600.44,258.37,118.06,1,1,1.000000
1724169392956384900,161,540.40,412.49,149.93,305.23,1,1,1.000000
1724169392956384900,163,0.61,280.91,158.66,86.34,1,1,1.000000
1724169392956384900,170,10.10,506.57,167.52,77.87,1,1,1.000000
1724169393032786800,72,34.21,526.57,168.41,191.65,1,1,1.000000
1724169393032786800,122,65.22,496.38,347.01,117.96,1,1,1.000000
1724169393032786800,124,886.43,419.09,393.20,300.05,1,1,1.000000
1724169393032786800,136,520.34,159.54,385.86,121.10,1,1,1.000000
1724169393032786800,147,398.01,509.11,108.17,209.24,1,1,1.000000
1724169393032786800,151,654.94,283.62,448.34,115.42,1,1,1.000000
1724169393032786800,154,3.95,376.90,379.97,97.21,1,1,1.000000
1724169393032786800,159,424.04,94.59,325.87,104.46,1,1,1.000000
1724169393032786800,160,240.48,588.37,166.94,127.73,1,1,1.000000
1724169393032786800,161,481.94,433.74,241.70,284.58,1,1,1.000000
1724169393032786800,163,0.86,275.56,174.80,111.09,1,1,1.000000
1724169393032786800,170,62.96,495.17,114.76,66.93,1,1,1.000000
1724169393110718000,72,30.12,534.05,180.26,184.93,1,1,1.000000
1724169393110718000,122,80.90,481.68,358.37,234.42,1,1,1.000000
1724169393110718000,124,930.31,446.23,349.22,272.74,1,1,1.000000
1724169393110718000,136,545.69,152.86,386.53,130.66,1,1,1.000000
1724169393110718000,147,397.38,492.58,111.55,226.27,1,1,1.000000
1724169393110718000,151,684.90,278.10,465.11,135.43,1,1,1.000000
1724169393110718000,154,2.40,374.65,387.34,103.53,1,1,1.000000
1724169393110718000,159,439.71,94.77,325.47,105.62,1,1,1.000000
1724169393110718000,160,249.02,585.20,185.68,133.25,1,1,1.000000
1724169393110718000,161,468.10,451.01,260.36,267.70,1,1,1.000000
1724169393110718000,163,0.95,267.41,144.64,82.01,1,1,1.000000
1724169393110718000,174,5.04,301.73,180.62,61.58,1,1,1.000000
1724169393155374500,72,27.00,491.92,174.64,227.35,1,1,1.000000
1724169393155374500,124,938.76,454.39,340.16,265.25,1,1,1.000000
1724169393155374500,136,576.71,150.41,391.45,130.90,1,1,1.000000
1724169393155374500,147,397.17,509.46,109.48,209.75,1,1,1.000000
1724169393155374500,151,716.80,290.59,482.08,132.55,1,1,1.000000
1724169393155374500,154,4.42,367.46,403.21,125.56,1,1,1.000000
1724169393155374500,159,449.30,94.05,334.04,107.99,1,1,1.000000
1724169393155374500,160,202.57,523.94,227.70,193.54,1,1,1.000000
1724169393155374500,161,436.54,457.79,309.74,260.49,1,1,1.000000
1724169393155374500,163,0.87,260.17,161.30,89.04,1,1,1.000000
1724169393155374500,174,2.71,308.45,198.35,69.78,1,1,1.000000
1724169393231460400,72,26.91,464.94,176.51,254.26,1,1,1.000000
1724169393231460400,124,969.85,502.83,309.39,216.88,1,1,1.000000
1724169393231460400,136,611.23,150.65,394.26,120.48,1,1,1.000000
1724169393231460400,147,392.01,554.70,126.59,164.47,1,1,1.000000
1724169393231460400,151,740.80,292.59,515.71,151.70,1,1,1.000000
1724169393231460400,154,6.83,364.39,411.48,126.15,1,1,1.000000
1724169393231460400,159,462.67,95.18,344.24,106.65,1,1,1.000000
1724169393231460400,160,204.12,531.02,219.37,186.98,1,1,1.000000
1724169393231460400,161,425.59,481.96,341.15,236.94,1,1,1.000000
1724169393231460400,163,0.82,253.36,174.45,93.64,1,1,1.000000
1724169393231460400,174,2.01,316.50,211.59,74.26,1,1,1.000000