1724169343271974900,1,529.99,620.81,158.19,33.67,1,2,1.000000
1724169343332846500,1,523.27,620.24,165.17,34.43,1,2,1.000000
1724169343395039800,1,526.68,620.24,161.85,34.71,1,2,1.000000
1724169343464832600,1,524.17,620.48,163.95,34.45,1,2,1.000000
1724169343526371800,1,515.81,619.58,167.07,35.73,1,2,1.000000
1724169343599860400,1,514.58,617.69,165.68,36.56,1,2,1.000000
1724169343656286900,1,514.80,616.89,167.19,37.27,1,2,1.000000
1724169343722479800,1,512.53,616.60,165.90,37.10,1,2,1.000000
1724169343786273500,1,512.51,616.85,166.88,37.61,1,2,1.000000
1724169343850660700,1,512.39,617.03,165.22,35.38,1,2,1.000000
1724169343914184800,1,511.79,615.48,166.07,36.44,1,2,1.000000
1724169343982955700,1,510.56,613.38,169.16,37.67,1,2,1.000000
1724169344038082800,1,509.89,611.95,172.75,38.77,1,2,1.000000
1724169344113812200,1,508.83,610.92,174.44,39.45,1,2,1.000000
1724169344167830200,1,504.93,610.38,178.01,39.18,1,2,1.000000
1724169344230242600,1,502.28,607.54,183.13,42.92,1,2,1.000000
1724169344296484200,1,501.84,606.88,183.93,41.93,1,2,1.000000
1724169344360897900,1,501.26,605.28,185.74,42.43,1,2,1.000000
1724169344360897900,3,520.58,628.30,31.68,21.17,1,1,1.000000
1724169344420044100,1,502.86,603.84,186.09,42.15,1,2,1.000000
1724169344420044100,3,517.60,627.13,37.81,21.78,1,1,1.000000
1724169344483186900,1,502.40,602.56,187.31,42.94,1,2,1.000000
1724169344483186900,3,517.39,623.44,41.48,26.11,1,1,1.000000
1724169344550776100,1,498.50,602.00,192.05,42.37,1,2,1.000000
1724169344550776100,3,516.07,623.87,45.73,24.15,1,1,1.000000
1724169344612846300,1,495.30,600.83,198.58,42.31,1,2,1.000000
1724169344612846300,3,514.55,622.10,52.97,24.09,1,1,1.000000
1724169344680643100,1,494.72,599.02,198.48,41.76,1,2,1.000000
1724169344680643100,3,514.32,621.98,57.75,24.77,1,1,1.000000
1724169344748907600,1,491.02,596.66,202.44,42.47,1,2,1.000000
1724169344748907600,3,514.06,618.52,63.11,28.42,1,1,1.000000
1724169344815812700,1,494.41,595.65,200.57,42.56,1,2,1.000000
1724169344815812700,3,517.68,618.54,68.07,27.28,1,1,1.000000
1724169344877874400,1,490.02,594.10,207.34,42.79,1,2,1.000000
1724169344877874400,3,512.87,617.65,77.41,26.87,1,1,1.000000
1724169344946680300,1,490.81,592.22,209.40,43.84,1,2,1.000000
1724169344946680300,3,512.15,615.73,79.97,28.28,1,1,1.000000
1724169345003547900,1,489.69,590.70,211.50,45.40,1,2,1.000000
1724169345003547900,3,514.55,614.42,80.51,30.34,1,1,1.000000
1724169345061505100,1,490.75,591.75,215.52,43.89,1,2,1.000000
1724169345061505100,3,515.93,614.03,83.83,30.60,1,1,1.000000
1724169345130238500,1,491.64,588.89,217.19,44.96,1,2,1.000000
1724169345130238500,3,514.02,613.16,84.96,30.18,1,1,1.000000
1724169345190899900,1,488.22,588.19,221.90,44.60,1,2,1.000000
1724169345190899900,3,514.49,612.31,89.80,29.61,1,1,1.000000
1724169345257112000,1,481.74,586.92,229.38,45.83,1,2,1.000000
1724169345257112000,3,514.94,611.92,97.06,28.18,1,1,1.000000
1724169345257112000,5,514.02,615.34,62.08,24.24,1,1,1.000000
1724169345317502100,1,483.15,587.77,230.99,45.93,1,2,1.000000
1724169345317502100,5,511.36,613.45,62.53,27.17,1,1,1.000000
1724169345382852200,1,487.21,587.86,228.44,45.26,1,2,1.000000
1724169345382852200,5,511.09,612.65,69.24,27.43,1,1,1.000000
1724169345449917900,1,490.22,588.29,223.89,45.41,1,2,1.000000
1724169345520375300,1,491.84,586.84,225.43,43.82,1,2,1.000000
1724169345520375300,5,512.91,611.77,107.95,28.92,1,1,1.000000
1724169345575463500,1,495.79,588.41,222.40,44.24,1,2,1.000000
1724169345575463500,5,509.24,611.97,81.61,27.65,1,1,1.000000
1724169345640080100,1,492.15,586.33,228.71,43.30,1,2,1.000000
1724169345640080100,5,521.43,611.50,65.40,25.21,1,1,1.000000
1724169345640080100,6,525.77,632.60,17.87,13.87,1,1,1.000000
1724169345701894300,1,492.40,586.84,227.91,44.61,1,2,1.000000
1724169345701894300,5,511.84,611.92,79.52,25.59,1,1,1.000000
1724169345701894300,6,526.40,631.42,29.44,18.22,1,1,1.000000
1724169345768189600,1,486.80,586.64,231.63,42.19,1,2,1.000000
1724169345768189600,5,524.01,609.70,118.43,28.53,1,1,1.000000
1724169345768189600,6,528.49,631.41,32.79,18.27,1,1,1.000000
1724169345827909200,1,493.09,586.74,221.96,44.99,1,2,1.000000
1724169345827909200,5,518.11,610.08,85.77,28.53,1,1,1.000000
1724169345827909200,6,524.06,630.12,42.12,23.56,1,1,1.000000
1724169345893094400,1,488.60,585.19,227.98,44.94,1,2,1.000000
1724169345893094400,3,531.21,609.87,71.64,26.60,1,1,1.000000
1724169345893094400,5,534.01,609.27,68.62,27.91,1,1,1.000000
1724169345893094400,6,529.29,629.43,45.97,23.43,1,1,1.000000
1724169345961097200,1,488.04,585.88,230.17,44.08,1,2,1.000000
1724169345961097200,5,528.45,608.96,75.52,27.12,1,1,1.000000
1724169345961097200,6,527.65,628.19,61.82,25.04,1,1,1.000000
1724169346020389800,1,490.78,585.09,231.71,46.73,1,2,1.000000
1724169346020389800,5,533.00,608.82,76.37,27.15,1,1,1.000000
1724169346020389800,6,523.88,625.99,71.22,28.90,1,1,1.000000
1724169346087476000,1,488.69,586.28,225.90,45.23,1,2,1.000000
1724169346087476000,5,525.76,606.71,87.30,31.14,1,1,1.000000
1724169346087476000,6,526.08,626.18,70.09,30.34,1,1,1.000000
1724169346148322300,1,484.35,586.06,230.55,45.03,1,2,1.000000
1724169346148322300,5,519.92,607.19,105.05,32.99,1,1,1.000000
1724169346148322300,6,528.92,622.04,75.87,33.70,1,1,1.000000
1724169346148322300,12,505.54,611.21,65.04,20.94,1,1,1.000000
1724169346213068800,1,484.73,585.71,230.55,47.15,1,2,1.000000
1724169346213068800,6,534.10,623.11,72.21,30.47,1,1,1.000000
1724169346213068800,12,503.83,611.97,64.98,19.32,1,1,1.000000
1724169346278687500,1,485.75,585.73,229.72,49.27,1,2,1.000000
1724169346278687500,6,535.86,623.64,71.92,28.09,1,1,1.000000
1724169346278687500,12,506.53,613.89,37.59,17.92,1,1,1.000000
1724169346343190400,1,482.61,584.97,229.61,51.26,1,2,1.000000
1724169346343190400,6,541.18,625.21,78.33,27.60,1,1,1.000000
1724169346343190400,12,498.09,609.58,40.04,19.16,1,1,1.000000
1724169346405093900,1,489.24,585.04,220.35,49.02,1,2,1.000000
1724169346405093900,6,553.79,619.94,86.39,33.87,1,1,1.000000
1724169346470763300,1,477.42,583.76,231.81,49.77,1,2,1.000000
1724169346470763300,6,565.11,619.52,76.52,34.81,1,1,1.000000
1724169346470763300,13,520.10,626.58,34.89,25.02,1,1,1.000000
1724169346534240000,1,468.88,580.76,237.82,51.73,1,2,1.000000
1724169346534240000,6,573.31,624.27,68.08,31.32,1,1,1.000000
1724169346534240000,13,518.69,620.69,41.58,31.81,1,1,1.000000
1724169346600949000,1,469.94,579.95,237.76,53.65,1,2,1.000000
1724169346600949000,6,584.06,623.56,58.81,31.38,1,1,1.000000
1724169346600949000,13,520.23,618.47,49.17,34.84,1,1,1.000000
1724169346671440200,1,467.68,578.56,239.85,55.47,1,2,1.000000
1724169346671440200,6,585.12,623.50,68.21,32.10,1,1,1.000000
1724169346735995200,1,457.81,573.57,250.64,61.13,1,2,1.000000
1724169346735995200,6,590.33,627.75,69.70,29.59,1,1,1.000000
1724169346735995200,13,519.20,614.71,66.97,34.45,1,1,1.000000
1724169346798350900,1,458.46,574.17,248.36,62.17,1,2,1.000000
1724169346798350900,6,598.52,627.52,61.46,29.16,1,1,1.000000
1724169346798350900,13,531.03,619.20,53.97,34.83,1,1,1.000000
1724169346870406400,1,456.41,571.65,250.76,63.88,1,2,1.000000
1724169346870406400,6,602.72,628.47,65.19,28.76,1,1,1.000000
1724169346870406400,13,531.16,617.09,61.15,35.64,1,1,1.000000
1724169346870406400,16,485.33,597.30,33.59,27.18,1,1,1.000000
1724169346929222700,1,456.10,571.00,250.92,64.02,1,2,1.000000
1724169346929222700,6,613.76,628.28,56.35,27.66,1,1,1.000000
1724169346929222700,13,529.81,618.03,65.51,34.08,1,1,1.000000
1724169346929222700,16,492.75,598.98,29.51,27.73,1,1,1.000000
1724169346981011800,1,462.03,573.76,246.19,59.86,1,2,1.000000
1724169346981011800,6,626.66,632.29,45.86,21.22,1,1,1.000000
1724169346981011800,13,527.41,614.57,75.79,36.39,1,1,1.000000
1724169346981011800,16,483.02,595.91,45.88,26.97,1,1,1.000000
1724169347048047700,1,462.51,574.44,244.23,59.12,1,2,1.000000
1724169347048047700,6,623.27,628.99,51.36,23.56,1,1,1.000000
1724169347048047700,13,534.70,617.02,71.37,34.60,1,1,1.000000
1724169347048047700,16,480.10,595.80,40.50,17.40,1,1,1.000000
1724169347048047700,17,501.77,613.87,26.90,18.14,1,1,1.000000
1724169347106351500,1,462.90,573.79,244.48,57.37,1,2,1.000000
1724169347106351500,6,624.64,629.59,50.00,22.91,1,1,1.000000
1724169347106351500,13,533.39,615.03,75.39,37.13,1,1,1.000000
1724169347106351500,17,505.41,614.49,29.94,19.95,1,1,1.000000
1724169347178863100,1,467.46,574.88,234.68,56.97,1,2,1.000000
1724169347178863100,6,623.86,629.31,52.40,21.29,1,1,1.000000
1724169347178863100,13,542.83,614.87,65.44,37.10,1,1,1.000000
1724169347178863100,17,504.01,613.64,39.91,22.84,1,1,1.000000
1724169347236074400,1,484.53,574.58,228.36,54.90,1,2,1.000000
1724169347236074400,6,638.73,631.63,40.47,16.89,1,1,1.000000
1724169347236074400,13,549.40,618.34,66.49,30.55,1,1,1.000000
1724169347236074400,17,511.36,615.73,37.37,23.71,1,1,1.000000
1724169347300237100,1,462.23,572.96,247.71,55.87,1,2,1.000000
1724169347300237100,6,643.58,628.58,35.98,18.15,1,1,1.000000
1724169347300237100,13,551.86,613.97,74.90,35.52,1,1,1.000000
1724169347300237100,17,511.80,614.91,40.05,24.61,1,1,1.000000
1724169347363349900,1,460.11,570.55,253.09,58.63,1,2,1.000000
1724169347363349900,6,649.67,627.87,30.65,17.34,1,1,1.000000
1724169347363349900,13,553.51,612.23,75.28,37.00,1,1,1.000000
1724169347363349900,17,513.05,616.57,33.40,22.65,1,1,1.000000
1724169347363349900,19,490.73,598.54,49.39,18.78,1,1,1.000000
1724169347426479300,1,464.00,570.63,254.38,55.47,1,2,1.000000
1724169347426479300,6,648.75,626.08,29.19,18.34,1,1,1.000000
1724169347426479300,13,557.74,613.00,68.75,35.22,1,1,1.000000
1724169347426479300,17,511.73,614.19,41.53,24.89,1,1,1.000000
1724169347495688000,1,468.17,570.26,250.65,54.35,1,2,1.000000
1724169347495688000,6,655.38,626.97,25.14,17.47,1,1,1.000000
1724169347495688000,13,557.33,613.82,72.09,34.44,1,1,1.000000
1724169347495688000,17,506.91,611.68,48.69,29.54,1,1,1.000000
1724169347495688000,19,492.42,600.79,30.01,17.96,1,1,1.000000
1724169347561743300,1,466.57,570.55,249.56,54.75,1,2,1.000000
1724169347561743300,6,651.85,625.40,29.72,19.42,1,1,1.000000
1724169347561743300,13,558.94,613.17,79.37,35.97,1,1,1.000000
1724169347561743300,17,503.24,606.53,55.71,32.46,1,1,1.000000
1724169347622385300,1,469.73,571.39,247.74,53.76,1,2,1.000000
1724169347622385300,13,563.47,613.18,85.36,34.32,1,1,1.000000
1724169347622385300,17,510.68,611.07,56.47,29.03,1,1,1.000000
1724169347688490500,1,465.88,570.09,246.99,53.57,1,2,1.000000
1724169347688490500,13,567.05,612.00,79.87,33.37,1,1,1.000000
1724169347688490500,17,510.06,610.15,59.67,29.43,1,1,1.000000
1724169347753192800,1,459.15,568.81,257.03,53.14,1,2,1.000000
1724169347753192800,17,514.94,608.16,58.09,30.59,1,1,1.000000
1724169347812052400,1,460.57,568.60,259.20,53.62,1,2,1.000000
1724169347812052400,17,512.01,604.94,75.35,36.36,1,1,1.000000
1724169347933559300,1,461.54,568.37,259.39,54.72,1,2,1.000000
1724169347933559300,13,586.17,614.67,91.05,32.73,1,1,1.000000
1724169347952955800,1,458.42,568.50,259.64,51.82,1,2,1.000000
1724169347952955800,13,591.85,615.41,87.38,32.98,1,1,1.000000
1724169347952955800,17,512.83,608.32,69.74,30.89,1,1,1.000000
1724169348016042500,1,455.65,567.31,260.12,54.84,1,2,1.000000
1724169348016042500,13,588.72,616.00,88.81,31.53,1,1,1.000000
1724169348016042500,17,512.37,607.30,76.62,31.46,1,1,1.000000
1724169348068693600,1,456.35,567.90,259.19,52.79,1,2,1.000000
1724169348068693600,13,589.61,613.91,93.30,34.06,1,1,1.000000
1724169348068693600,17,515.66,606.24,78.76,32.42,1,1,1.000000
1724169348131756300,1,455.68,567.38,264.52,51.89,1,2,1.000000
1724169348131756300,13,594.06,611.32,88.86,38.20,1,1,1.000000
1724169348131756300,17,526.87,606.60,70.76,32.03,1,1,1.000000
1724169348131756300,29,665.04,609.78,34.17,15.92,1,1,1.000000
1724169348196130200,1,457.62,568.30,264.61,50.16,1,2,1.000000
1724169348196130200,13,599.98,613.50,86.98,31.14,1,1,1.000000
1724169348196130200,17,532.28,606.84,71.16,32.02,1,1,1.000000
1724169348267740200,1,457.74,568.04,260.47,49.76,1,2,1.000000
1724169348267740200,13,606.79,610.92,83.26,32.13,1,1,1.000000
1724169348267740200,17,532.05,606.47,71.86,30.65,1,1,1.000000
1724169348326180400,1,452.96,567.70,266.72,50.16,1,2,1.000000
1724169348326180400,13,616.36,609.86,75.61,33.52,1,1,1.000000
1724169348326180400,17,534.07,606.17,70.79,33.50,1,1,1.000000
1724169348388484900,1,454.34,567.34,265.33,49.37,1,2,1.000000
1724169348388484900,13,621.32,610.97,66.94,29.39,1,1,1.000000
1724169348388484900,17,540.52,606.17,68.44,33.62,1,1,1.000000
1724169348453563400,1,463.04,568.96,255.14,49.54,1,2,1.000000
1724169348453563400,13,625.49,608.70,68.91,30.67,1,1,1.000000
1724169348453563400,17,531.10,604.69,84.03,37.02,1,1,1.000000
1724169348517100300,1,464.41,568.59,261.12,49.00,1,2,1.000000
1724169348517100300,13,627.74,610.13,67.17,30.02,1,1,1.000000
1724169348517100300,17,543.35,606.83,74.63,32.72,1,1,1.000000
1724169348517100300,31,503.29,611.65,30.17,16.24,1,1,1.000000
1724169348581400400,1,460.13,570.02,266.62,50.27,1,2,1.000000
1724169348581400400,13,624.90,609.01,67.22,29.98,1,1,1.000000
1724169348581400400,17,543.75,606.60,82.06,33.17,1,1,1.000000
1724169348650420300,1,465.32,570.43,258.58,48.66,1,2,1.000000
1724169348650420300,13,634.97,609.64,63.60,27.75,1,1,1.000000
1724169348650420300,17,546.86,605.99,78.79,33.25,1,1,1.000000
1724169348650420300,31,508.29,608.83,30.48,20.14,1,1,1.000000
1724169348740199700,1,466.92,570.28,259.56,47.76,1,2,1.000000
1724169348740199700,13,639.19,609.47,59.94,28.89,1,1,1.000000
1724169348740199700,17,553.02,606.44,74.62,33.97,1,1,1.000000
1724169348740199700,31,507.48,614.98,21.87,13.16,1,1,1.000000
1724169348778122500,1,472.20,571.56,254.56,48.59,1,2,1.000000
1724169348778122500,13,647.87,608.66,55.75,27.63,1,1,1.000000
1724169348778122500,17,554.60,605.15,86.48,35.65,1,1,1.000000
1724169348778122500,31,506.87,613.42,28.82,15.09,1,1,1.000000
1724169348839137300,1,472.38,570.87,257.47,47.48,1,2,1.000000
1724169348839137300,13,647.83,608.45,53.82,21.56,1,1,1.000000
1724169348839137300,17,555.14,604.73,84.40,37.33,1,1,1.000000
1724169348900940800,1,475.87,572.06,255.86,46.79,1,2,1.000000
1724169348900940800,13,656.89,605.91,44.52,22.92,1,1,1.000000
1724169348900940800,17,557.12,603.74,92.58,37.72,1,1,1.000000
1724169348900940800,31,512.81,615.07,28.48,16.76,1,1,1.000000
1724169348966299700,1,476.41,571.69,253.97,47.14,1,2,1.000000
1724169348966299700,13,659.91,606.91,43.54,22.46,1,1,1.000000
1724169348966299700,17,561.43,604.86,87.27,35.44,1,1,1.000000
1724169348966299700,31,509.53,614.89,37.04,19.18,1,1,1.000000
1724169349034795500,1,482.16,572.64,247.67,46.51,1,2,1.000000
1724169349034795500,13,662.18,606.65,39.83,22.40,1,1,1.000000
1724169349034795500,17,571.16,604.05,80.39,31.56,1,1,1.000000
1724169349034795500,31,510.32,614.08,38.98,19.52,1,1,1.000000
1724169349094841200,1,476.15,572.20,253.35,48.17,1,2,1.000000
1724169349094841200,13,662.60,607.75,39.95,21.26,1,1,1.000000
1724169349094841200,17,581.34,604.27,74.61,32.29,1,1,1.000000
1724169349094841200,31,513.52,615.36,43.96,19.21,1,1,1.000000
1724169349158714100,1,477.88,571.47,253.18,48.23,1,2,1.000000
1724169349158714100,17,583.41,603.24,73.76,34.04,1,1,1.000000
1724169349158714100,29,667.49,610.71,32.79,17.94,1,1,1.000000
1724169349158714100,31,511.52,616.39,46.45,23.77,1,1,1.000000
1724169349219716900,1,481.09,573.01,257.76,44.81,1,2,1.000000
1724169349219716900,17,593.13,605.70,69.14,31.00,1,1,1.000000
1724169349219716900,31,521.85,617.31,35.63,19.87,1,1,1.000000
1724169349288401900,1,480.62,574.05,255.34,43.86,1,2,1.000000
1724169349288401900,17,595.23,605.86,72.63,30.65,1,1,1.000000
1724169349288401900,31,527.21,615.83,39.16,20.48,1,1,1.000000
1724169349350026000,1,483.86,574.96,249.90,43.93,1,2,1.000000
1724169349350026000,17,597.06,606.32,78.66,29.19,1,1,1.000000
1724169349350026000,31,527.03,615.39,42.33,23.79,1,1,1.000000
1724169349411640600,1,482.35,574.70,250.04,44.58,1,2,1.000000
1724169349411640600,17,598.91,607.44,77.62,30.53,1,1,1.000000
1724169349411640600,31,527.28,616.79,50.51,24.05,1,1,1.000000
1724169349477118400,1,482.81,572.82,262.35,46.27,1,2,1.000000
1724169349477118400,17,613.91,609.84,66.55,26.87,1,1,1.000000
1724169349477118400,31,525.64,615.23,58.56,26.17,1,1,1.000000
1724169349545063500,1,488.60,575.19,251.29,45.69,1,2,1.000000
1724169349545063500,17,615.58,611.94,67.35,27.02,1,1,1.000000
1724169349545063500,31,520.83,615.15,72.80,27.74,1,1,1.000000
1724169349604414500,1,490.58,576.92,248.31,45.01,1,2,1.000000
1724169349604414500,17,615.61,612.75,73.60,27.02,1,1,1.000000
1724169349604414500,31,521.75,616.24,71.21,28.81,1,1,1.000000
1724169349668775900,1,494.14,577.34,244.74,44.49,1,2,1.000000
1724169349668775900,17,635.35,614.83,57.64,22.94,1,1,1.000000
1724169349668775900,31,519.64,616.12,81.31,29.22,1,1,1.000000
1724169349734888100,1,495.05,579.99,241.56,43.47,1,2,1.000000
1724169349734888100,17,638.58,614.17,55.75,22.93,1,1,1.000000
1724169349734888100,31,520.93,615.72,88.64,31.20,1,1,1.000000
1724169349734888100,32,540.27,646.31,14.12,11.67,1,1,1.000000
1724169349798682700,1,497.55,581.81,234.34,43.90,1,2,1.000000
1724169349798682700,17,644.17,614.98,50.89,21.77,1,1,1.000000
1724169349798682700,31,521.44,615.96,95.32,32.98,1,1,1.000000
1724169349798682700,32,542.89,645.80,13.69,13.31,1,1,1.000000
1724169349861624600,1,498.17,582.97,229.76,43.32,1,2,1.000000
1724169349861624600,17,645.24,614.92,50.29,21.37,1,1,1.000000
1724169349861624600,31,522.83,614.86,95.52,34.32,1,1,1.000000
1724169349861624600,32,542.52,643.73,21.52,16.88,1,1,1.000000
1724169349923572800,1,499.75,582.85,234.87,46.19,1,2,1.000000
1724169349923572800,17,651.78,615.98,37.41,20.80,1,1,1.000000
1724169349923572800,31,549.58,616.59,77.58,30.37,1,1,1.000000
1724169349923572800,32,543.74,644.51,23.35,18.19,1,1,1.000000
1724169349923572800,33,520.78,625.04,24.34,17.34,1,1,1.000000
1724169349988825300,1,498.28,584.61,234.30,43.19,1,2,1.000000
1724169349988825300,17,654.35,616.81,34.98,19.92,1,1,1.000000
1724169349988825300,31,551.31,616.43,79.51,30.65,1,1,1.000000
1724169349988825300,32,544.71,642.45,30.52,21.19,1,1,1.000000
1724169349988825300,33,521.37,624.95,28.58,18.11,1,1,1.000000
1724169350052093800,1,500.23,583.97,231.96,45.66,1,2,1.000000
1724169350052093800,17,655.90,619.96,30.57,18.99,1,1,1.000000
1724169350052093800,31,565.55,617.07,67.85,27.94,1,1,1.000000
1724169350052093800,32,544.41,642.44,37.00,23.84,1,1,1.000000
1724169350052093800,33,516.40,623.35,42.38,20.80,1,1,1.000000
1724169350125127200,1,501.88,586.33,229.22,43.56,1,2,1.000000
1724169350125127200,31,562.98,618.35,79.66,27.12,1,1,1.000000
1724169350125127200,32,548.07,641.31,34.29,26.71,1,1,1.000000
1724169350125127200,33,516.00,622.65,50.86,24.07,1,1,1.000000
1724169350194174700,1,504.22,587.59,224.35,44.28,1,2,1.000000
1724169350194174700,31,583.91,618.06,68.06,28.48,1,1,1.000000
1724169350194174700,32,549.37,641.82,39.36,26.62,1,1,1.000000
1724169350194174700,33,523.28,622.91,47.13,23.34,1,1,1.000000
1724169350254957300,1,504.81,588.94,220.13,43.84,1,2,1.000000
1724169350254957300,31,584.92,616.39,71.30,27.69,1,1,1.000000
1724169350254957300,32,554.11,638.84,46.73,29.35,1,1,1.000000
1724169350254957300,33,521.11,624.14,44.29,20.68,1,1,1.000000
1724169350317594400,1,502.79,589.36,223.89,45.10,1,2,1.000000
1724169350317594400,31,596.19,618.23,68.44,27.93,1,1,1.000000
1724169350317594400,32,554.54,638.85,45.24,31.96,1,1,1.000000
1724169350317594400,33,517.29,623.31,50.10,19.86,1,1,1.000000
1724169350377379400,1,502.04,591.75,217.92,42.33,1,2,1.000000
1724169350377379400,31,600.83,618.42,69.31,27.19,1,1,1.000000
1724169350377379400,32,558.08,636.84,52.63,30.98,1,1,1.000000
1724169350447211700,1,498.97,593.70,218.19,42.78,1,2,1.000000
1724169350447211700,31,612.20,621.81,65.55,24.07,1,1,1.000000
1724169350447211700,32,553.96,635.99,63.42,30.73,1,1,1.000000
1724169350499799100,1,497.82,593.90,212.53,42.33,1,2,1.000000
1724169350499799100,31,614.40,625.43,69.01,22.68,1,1,1.000000
1724169350499799100,32,559.61,634.37,71.94,32.33,1,1,1.000000
1724169350499799100,37,511.45,624.81,15.99,10.27,1,1,1.000000
1724169350566993100,1,496.01,592.96,210.24,42.76,1,2,1.000000
1724169350566993100,31,636.25,625.46,48.43,20.14,1,1,1.000000
1724169350566993100,32,570.72,631.90,73.52,34.21,1,1,1.000000
1724169350634699700,1,489.98,592.32,207.95,43.54,1,2,1.000000
1724169350634699700,32,576.47,629.51,93.35,36.79,1,1,1.000000
1724169350692785800,1,497.05,594.92,200.48,40.97,1,2,1.000000
1724169350692785800,32,598.21,632.18,66.51,27.03,1,1,1.000000
1724169350755479900,1,485.38,592.75,211.41,43.28,1,2,1.000000
1724169350755479900,32,602.20,629.01,68.75,30.36,1,1,1.000000
1724169350755479900,39,500.58,613.49,28.92,17.59,1,1,1.000000
1724169350824145800,1,486.23,592.68,209.64,44.76,1,2,1.000000
1724169350824145800,32,612.10,632.46,50.59,25.84,1,1,1.000000
1724169350824145800,39,500.62,612.01,34.25,19.27,1,1,1.000000
1724169350886523900,1,479.64,590.27,213.84,45.75,1,2,1.000000
1724169350886523900,32,632.07,639.25,27.66,18.41,1,1,1.000000
1724169350886523900,39,500.75,606.92,40.96,24.72,1,1,1.000000
1724169350949964500,1,473.52,585.76,218.13,49.91,1,2,1.000000
1724169350949964500,32,635.31,642.26,24.03,16.50,1,1,1.000000
1724169350949964500,39,499.27,605.48,53.29,27.57,1,1,1.000000
1724169351013438500,1,459.59,580.35,231.26,57.59,1,2,1.000000
1724169351013438500,39,491.18,600.84,64.60,30.76,1,1,1.000000
1724169351076503000,1,449.91,573.53,239.29,65.48,1,2,1.000000
1724169351148413100,1,453.43,575.70,234.75,63.43,1,2,1.000000
1724169351148413100,39,499.05,599.93,68.87,28.19,1,1,1.000000
1724169351203983300,1,462.47,578.01,225.29,60.97,1,2,1.000000
1724169351203983300,39,488.33,597.83,83.84,31.61,1,1,1.000000
1724169351272332200,1,446.30,570.92,241.56,68.96,1,2,1.000000
1724169351333080000,1,448.71,570.67,238.55,70.02,1,2,1.000000
1724169351395873500,1,451.09,574.25,236.78,65.78,1,2,1.000000
1724169351466920400,1,453.67,575.37,234.38,63.87,1,2,1.000000
1724169351534145700,1,453.82,573.16,232.92,66.13,1,2,1.000000
1724169351593880000,1,453.95,575.34,233.99,65.34,1,2,1.000000
1724169351655605800,1,452.00,572.96,236.21,67.88,1,2,1.000000
1724169351717148700,1,451.34,574.08,237.45,65.59,1,2,1.000000
1724169351788348700,1,452.55,574.87,234.64,65.09,1,2,1.000000
1724169351850873300,1,451.96,575.55,235.78,65.07,1,2,1.000000
1724169351910915700,1,450.35,572.02,238.56,68.28,1,2,1.000000
1724169351973070600,1,451.12,572.73,237.57,67.74,1,2,1.000000
1724169352045399900,1,449.02,572.35,238.80,68.80,1,2,1.000000
1724169352106087500,1,454.73,574.57,233.76,65.72,1,2,1.000000
1724169352171516800,1,450.21,572.26,238.54,67.91,1,2,1.000000
1724169352231431000,1,447.51,571.84,239.25,68.78,1,2,1.000000
1724169352295970800,1,456.42,578.61,231.50,62.38,1,2,1.000000
1724169352359773000,1,459.65,579.84,227.54,61.56,1,2,1.000000
1724169352430241700,1,466.06,584.62,221.98,57.00,1,2,1.000000
1724169352491312900,1,469.45,587.70,216.95,53.26,1,2,1.000000
1724169352549883800,1,470.46,588.44,215.10,53.20,1,2,1.000000
1724169352620483000,1,475.02,591.48,211.63,49.62,1,2,1.000000
1724169352685108500,1,482.98,594.27,203.51,48.31,1,2,1.000000
1724169352745598400,1,485.28,597.07,200.37,43.97,1,2,1.000000
1724169352805199300,1,486.10,597.80,200.86,42.70,1,2,1.000000
1724169352870992900,1,488.19,598.62,202.26,41.66,1,2,1.000000
1724169352934108500,1,490.13,599.25,196.30,42.06,1,2,1.000000
1724169352996013400,1,493.44,600.21,192.47,39.75,1,2,1.000000
1724169353061359100,1,492.25,599.60,196.71,39.72,1,2,1.000000
1724169353124415700,1,490.40,600.05,196.85,40.02,1,2,1.000000
1724169353186586200,1,489.31,599.33,201.22,40.13,1,2,1.000000
1724169353251663900,1,488.63,599.00,201.43,40.57,1,2,1.000000
1724169353316573300,1,487.31,599.70,202.65,39.47,1,2,1.000000
1724169353393422500,1,490.32,599.52,200.50,39.90,1,2,1.000000
1724169353445242900,1,491.72,599.61,200.68,39.80,1,2,1.000000
1724169353512084600,1,489.71,599.49,203.04,40.51,1,2,1.000000
1724169353640610200,1,489.75,599.81,201.06,39.56,1,2,1.000000
1724169353684984700,1,488.25,600.10,202.88,39.53,1,2,1.000000
1724169353738210600,1,490.09,600.19,198.92,38.87,1,2,1.000000
1724169353794208400,1,489.50,599.13,202.73,40.77,1,2,1.000000
1724169353842046800,1,492.30,599.93,198.57,39.93,1,2,1.000000
1724169353899167800,1,495.81,600.56,195.16,39.04,1,2,1.000000
1724169353961003600,1,494.61,599.78,196.63,40.63,1,2,1.000000
1724169354026652800,1,492.57,599.64,198.94,40.43,1,2,1.000000
1724169354094680400,1,498.25,600.47,193.10,41.83,1,2,1.000000
1724169354167038600,1,492.10,599.56,196.25,40.45,1,2,1.000000
1724169354220828000,1,492.91,599.96,198.95,40.03,1,2,1.000000
1724169354287114800,1,494.57,600.58,197.75,39.45,1,2,1.000000
1724169354353160400,1,494.36,600.15,199.20,40.13,1,2,1.000000
1724169354413166000,1,490.57,599.59,204.26,41.16,1,2,1.000000
1724169354468127800,1,493.55,599.91,199.66,39.67,1,2,1.000000
1724169354534294700,1,493.96,599.51,200.42,40.99,1,2,1.000000
1724169354606992400,1,493.23,599.83,199.34,40.18,1,2,1.000000
1724169354658947100,1,498.44,600.49,194.58,39.75,1,2,1.000000
1724169354728876800,1,489.93,599.55,203.65,39.88,1,2,1.000000
1724169354789788400,1,494.13,597.29,199.62,42.31,1,2,1.000000
1724169354856938800,1,496.09,598.82,198.55,41.01,1,2,1.000000
1724169354923241500,1,496.63,598.44,199.01,41.10,1,2,1.000000
1724169354980628600,1,490.34,598.12,203.95,41.63,1,2,1.000000
1724169355054127200,1,492.93,598.62,201.77,41.15,1,2,1.000000
1724169355107710400,1,490.18,597.69,203.49,41.11,1,2,1.000000
1724169355178841700,1,489.83,599.07,203.79,40.27,1,2,1.000000
1724169355244623400,1,493.65,599.83,201.12,39.85,1,2,1.000000
1724169355299463600,1,494.84,599.27,198.18,40.44,1,2,1.000000
1724169355363606400,1,493.79,598.85,199.68,41.37,1,2,1.000000
1724169355429255600,1,493.97,599.53,200.09,39.91,1,2,1.000000
1724169355493162100,1,491.78,598.64,203.64,40.79,1,2,1.000000
1724169355565982900,1,497.54,598.55,198.18,40.03,1,2,1.000000
1724169355761652300,1,490.85,598.75,204.36,40.29,1,2,1.000000
1724169355781398600,1,496.28,599.39,199.88,39.72,1,2,1.000000
1724169355840117000,1,499.67,600.40,197.59,38.83,1,2,1.000000
1724169355897135200,1,496.68,599.64,199.15,39.24,1,2,1.000000
1724169355938106200,1,497.17,599.05,199.02,40.39,1,2,1.000000
1724169355989723300,1,498.02,598.17,201.68,41.22,1,2,1.000000
1724169356029839200,1,500.58,599.33,198.34,39.09,1,2,1.000000
1724169356096612700,1,497.99,598.38,199.45,40.72,1,2,1.000000
1724169356144949300,1,497.79,599.07,198.34,40.31,1,2,1.000000
1724169356206035300,1,495.03,599.21,202.20,39.93,1,2,1.000000
1724169356266670700,1,494.86,598.67,204.00,40.79,1,2,1.000000
1724169356328131700,1,498.61,598.97,202.23,40.79,1,2,1.000000
1724169356390486000,1,494.67,598.96,206.47,40.57,1,2,1.000000
1724169356453105500,1,497.99,599.19,203.40,39.75,1,2,1.000000
1724169356515554100,1,498.49,598.96,206.18,40.40,1,2,1.000000
1724169356580273200,1,499.65,597.31,206.69,42.74,1,2,1.000000
1724169356645467200,1,498.48,599.08,206.89,41.31,1,2,1.000000
1724169356706459200,1,494.99,599.98,208.63,40.39,1,2,1.000000
1724169356772906300,1,501.51,599.19,205.80,40.41,1,2,1.000000
1724169356841869900,1,494.99,600.94,202.85,40.80,1,2,1.000000
1724169356898307000,1,496.29,599.35,206.33,41.02,1,2,1.000000
1724169356964094500,1,491.38,600.10,204.45,39.81,1,2,1.000000
1724169357029814500,1,489.33,599.05,206.57,40.14,1,2,1.000000
1724169357093109800,1,486.55,597.22,207.06,41.85,1,2,1.000000
1724169357159105700,1,483.42,596.18,206.90,43.55,1,2,1.000000
1724169357222089500,1,483.43,595.25,207.11,44.26,1,2,1.000000
1724169357287915300,1,481.86,593.18,205.93,47.00,1,2,1.000000
1724169357352880100,1,475.34,591.48,213.00,48.20,1,2,1.000000
1724169357412930100,1,471.75,589.46,217.48,51.08,1,2,1.000000
1724169357484779800,1,474.15,589.70,214.72,50.90,1,2,1.000000
1724169357546384400,1,476.44,591.02,211.87,49.39,1,2,1.000000
1724169357605851800,1,481.12,591.88,206.42,48.89,1,2,1.000000
1724169357679942500,1,473.75,591.77,214.56,48.58,1,2,1.000000
1724169357780321400,1,479.32,593.69,210.98,46.97,1,2,1.000000
1724169357801904100,1,483.04,595.84,204.82,45.03,1,2,1.000000
1724169357873852400,1,485.30,597.03,205.78,42.17,1,2,1.000000
1724169357928701900,1,482.77,595.82,208.74,44.15,1,2,1.000000
1724169357993052800,1,486.11,597.60,206.46,41.49,1,2,1.000000
1724169358055438800,1,486.67,597.08,206.38,41.82,1,2,1.000000
1724169358115679600,1,485.91,597.86,206.35,40.54,1,2,1.000000
1724169358182118700,1,485.45,597.72,209.15,41.12,1,2,1.000000
1724169358246434000,1,487.27,598.56,205.56,39.69,1,2,1.000000
1724169358322501800,1,493.81,599.83,201.78,38.64,1,2,1.000000
1724169358373670700,1,490.30,598.84,207.33,38.94,1,2,1.000000
1724169358444855600,1,494.64,599.16,201.90,38.26,1,2,1.000000
1724169358512009100,1,492.85,599.47,203.29,38.13,1,2,1.000000
1724169358563413100,1,493.87,599.08,200.64,38.51,1,2,1.000000
1724169358631374000,1,495.00,599.47,199.04,38.12,1,2,1.000000
1724169358693121700,1,496.09,599.01,198.53,38.03,1,2,1.000000
1724169358756244300,1,493.10,598.74,203.33,37.55,1,2,1.000000
1724169358821806100,1,493.04,598.29,209.90,38.56,1,2,1.000000
1724169358884684100,1,495.84,598.57,207.08,37.63,1,2,1.000000
1724169358962240900,1,495.05,597.40,208.03,39.56,1,2,1.000000
1724169359013922800,1,489.61,596.82,212.87,38.77,1,2,1.000000
1724169359078421700,1,491.29,597.11,210.95,37.68,1,2,1.000000
1724169359139754900,1,495.67,596.80,210.82,38.71,1,2,1.000000
1724169359219325200,1,490.92,596.18,214.88,39.01,1,2,1.000000
1724169359274104100,1,494.21,596.05,209.34,39.88,1,2,1.000000
1724169359378083800,1,494.05,596.08,209.52,38.97,1,2,1.000000
1724169359438689200,1,497.53,596.00,205.60,39.66,1,2,1.000000
1724169359487572000,1,496.15,595.96,210.56,38.52,1,2,1.000000
1724169359542819900,1,496.23,595.67,210.69,38.81,1,2,1.000000
1724169359606464100,1,495.78,595.95,209.21,39.50,1,2,1.000000
1724169359661147300,1,492.32,596.25,212.49,38.03,1,2,1.000000
1724169359722943300,1,492.71,595.87,215.17,39.95,1,2,1.000000
1724169359790144900,1,490.81,595.37,215.93,39.82,1,2,1.000000
1724169359859312500,1,491.60,595.62,215.23,39.41,1,2,1.000000
1724169359921121500,1,492.73,595.89,215.64,40.74,1,2,1.000000
1724169359976537000,1,495.02,597.14,213.14,38.48,1,2,1.000000
1724169360046452400,1,498.82,597.32,210.15,38.35,1,2,1.000000
1724169360107275400,1,498.79,597.37,208.28,39.24,1,2,1.000000
1724169360170906600,1,497.57,597.48,209.81,39.73,1,2,1.000000
1724169360227592300,1,497.66,597.23,210.10,40.48,1,2,1.000000
1724169360303720900,1,498.47,597.61,207.11,39.94,1,2,1.000000
1724169360361308000,1,498.13,597.60,205.03,39.15,1,2,1.000000
1724169360422110800,1,498.06,598.80,204.27,38.62,1,2,1.000000
1724169360514983500,1,500.37,599.42,200.72,37.32,1,2,1.000000
1724169360566415400,1,498.06,598.54,204.87,39.45,1,2,1.000000
1724169360624436500,1,499.38,599.15,201.56,38.65,1,2,1.000000
1724169360687432100,1,498.70,599.09,203.76,39.21,1,2,1.000000
1724169360741891700,1,499.35,599.38,203.62,38.86,1,2,1.000000
1724169360806674900,1,500.23,599.25,201.48,40.12,1,2,1.000000
1724169360882557800,1,496.34,599.07,203.62,39.32,1,2,1.000000
1724169360933878700,1,498.13,599.19,201.45,39.40,1,2,1.000000
1724169360998085000,1,493.35,598.97,207.46,38.74,1,2,1.000000
1724169361067406200,1,495.70,598.51,206.64,39.73,1,2,1.000000
1724169361124005700,1,495.04,598.55,205.69,39.75,1,2,1.000000
1724169361188085900,1,501.87,599.10,198.41,38.69,1,2,1.000000
1724169361254861400,1,497.39,598.74,206.10,39.49,1,2,1.000000
1724169361326409300,1,498.77,598.41,205.21,40.26,1,2,1.000000
1724169361388320100,1,498.42,599.10,201.96,38.56,1,2,1.000000
1724169361458885800,1,494.05,598.70,206.92,38.84,1,2,1.000000
1724169361519451000,1,493.66,598.41,208.26,38.99,1,2,1.000000
1724169361579953300,1,498.11,598.56,204.46,39.63,1,2,1.000000
1724169361647114200,1,497.06,598.62,207.75,39.08,1,2,1.000000
1724169361709055400,1,496.50,598.18,206.62,39.91,1,2,1.000000
1724169361770456300,1,495.13,597.87,207.05,39.89,1,2,1.000000
1724169361835542800,1,497.73,598.42,204.22,38.81,1,2,1.000000
1724169361903624300,1,496.63,598.53,204.97,38.78,1,2,1.000000
1724169361961038900,1,493.99,597.80,209.40,39.85,1,2,1.000000
1724169362021894200,1,494.45,598.05,205.84,39.71,1,2,1.000000
1724169362085715800,1,497.36,597.99,204.03,39.33,1,2,1.000000
1724169362148867500,1,497.33,597.85,205.14,38.83,1,2,1.000000
1724169362213862900,1,494.28,597.94,208.01,39.55,1,2,1.000000
1724169362276211000,1,496.55,598.23,204.99,39.21,1,2,1.000000
1724169362341233200,1,496.52,598.26,205.61,38.71,1,2,1.000000
1724169362403714900,1,498.50,598.04,204.09,38.18,1,2,1.000000
1724169362468521700,1,496.26,597.18,207.51,39.66,1,2,1.000000
1724169362535783500,1,498.91,597.83,204.74,38.74,1,2,1.000000
1724169362604555500,1,497.23,597.97,205.50,38.74,1,2,1.000000
1724169362661276100,1,497.10,597.76,207.60,39.36,1,2,1.000000
1724169362726605000,1,498.61,597.60,204.01,39.47,1,2,1.000000
1724169362792725700,1,495.19,598.27,207.39,38.76,1,2,1.000000
1724169362855873300,1,497.56,598.43,205.41,39.06,1,2,1.000000
1724169362928788800,1,495.96,598.07,207.67,40.67,1,2,1.000000
1724169362991726000,1,499.43,598.37,203.34,39.72,1,2,1.000000
1724169363053732400,1,498.54,598.46,204.26,39.31,1,2,1.000000
1724169363107899100,1,496.20,598.85,205.01,38.58,1,2,1.000000
1724169363179610700,1,494.11,598.27,206.40,39.68,1,2,1.000000
1724169363239678800,1,499.15,598.35,203.51,38.61,1,2,1.000000
1724169363307555700,1,495.44,598.65,201.20,39.12,1,2,1.000000
1724169363515319900,1,494.71,598.40,207.39,39.19,1,2,1.000000
1724169363545686200,1,493.03,597.75,209.30,39.23,1,2,1.000000
1724169363590599900,1,492.18,598.17,210.44,39.99,1,2,1.000000
1724169363638954800,1,499.29,598.72,200.34,39.16,1,2,1.000000
1724169363695833100,1,497.84,597.67,205.25,39.75,1,2,1.000000
1724169363742160300,1,495.01,598.01,207.49,39.54,1,2,1.000000
1724169363788633600,1,491.78,598.10,211.18,38.73,1,2,1.000000
1724169363837719000,1,494.95,597.60,208.53,39.36,1,2,1.000000
1724169363896732100,1,495.43,597.71,208.39,39.91,1,2,1.000000
1724169363943731200,1,496.79,597.82,206.53,39.60,1,2,1.000000
1724169364006062300,1,499.29,598.05,205.61,39.01,1,2,1.000000
1724169364078401400,1,495.72,597.97,207.38,38.89,1,2,1.000000
1724169364137524800,1,496.79,598.25,208.31,38.60,1,2,1.000000
1724169364201059700,1,494.89,597.67,210.73,40.00,1,2,1.000000
1724169364269300400,1,499.91,598.36,205.25,38.56,1,2,1.000000
1724169364329951200,1,500.53,598.19,202.44,38.93,1,2,1.000000
1724169364389902500,1,497.50,598.08,205.69,38.53,1,2,1.000000
1724169364459410800,1,499.03,598.27,206.28,38.79,1,2,1.000000
1724169364518486200,1,502.10,598.17,203.56,38.72,1,2,1.000000
1724169364580596600,1,500.14,598.51,206.03,39.22,1,2,1.000000
1724169364656033700,1,501.39,598.25,204.21,39.03,1,2,1.000000
1724169364707626500,1,499.82,598.88,204.33,37.93,1,2,1.000000
1724169364782235700,1,497.20,598.50,206.07,39.07,1,2,1.000000
1724169364837661900,1,497.17,598.76,206.17,38.06,1,2,1.000000
1724169364902993300,1,500.27,598.77,203.60,38.69,1,2,1.000000
1724169364966575100,1,497.74,597.62,208.13,40.11,1,2,1.000000
1724169365035476700,1,498.56,598.54,207.65,39.38,1,2,1.000000
1724169365096754200,1,498.81,599.14,205.01,37.95,1,2,1.000000
1724169365163551800,1,500.02,598.93,204.01,38.46,1,2,1.000000
1724169365225188900,1,495.82,598.36,206.26,39.87,1,2,1.000000
1724169365284406600,1,500.74,599.35,201.89,38.01,1,2,1.000000
1724169365353196100,1,500.02,599.05,203.03,40.15,1,2,1.000000
1724169365418684700,1,500.64,599.28,202.27,38.86,1,2,1.000000
1724169365486652700,1,499.75,599.11,205.73,38.97,1,2,1.000000
1724169365554693000,1,499.74,599.27,205.62,38.95,1,2,1.000000
1724169365605565200,1,499.99,599.01,202.85,38.90,1,2,1.000000
1724169365672479400,1,501.59,599.02,199.59,38.05,1,2,1.000000
1724169365743044100,1,498.34,599.01,202.76,38.78,1,2,1.000000
1724169365805558700,1,497.87,598.76,207.72,38.66,1,2,1.000000
1724169365869586400,1,498.01,598.44,206.62,38.70,1,2,1.000000
1724169365984329700,1,495.20,597.61,208.98,38.14,1,2,1.000000
1724169366043272100,1,493.23,596.92,210.24,37.93,1,2,1.000000
1724169366087656100,1,488.64,594.93,217.57,39.56,1,2,1.000000
1724169366144183400,1,489.39,595.13,213.36,38.46,1,2,1.000000
1724169366204615400,1,490.73,594.33,216.46,38.67,1,2,1.000000
1724169366252648100,1,486.18,592.59,222.04,39.69,1,2,1.000000
1724169366308791400,1,488.59,591.81,220.73,41.44,1,2,1.000000
1724169366375796300,1,489.00,591.37,223.03,41.17,1,2,1.000000
1724169366435910400,1,487.13,590.89,223.62,39.93,1,2,1.000000
1724169366507338200,1,486.94,589.76,224.95,40.71,1,2,1.000000
1724169366567574900,1,486.00,588.94,227.32,41.77,1,2,1.000000
1724169366628459300,1,485.57,589.01,228.42,40.92,1,2,1.000000
1724169366693615700,1,486.57,587.83,227.63,41.10,1,2,1.000000
1724169366761137100,1,489.13,587.66,226.36,41.18,1,2,1.000000
1724169366823085100,1,486.11,586.29,233.06,41.50,1,2,1.000000
1724169366895894200,1,487.37,586.26,226.87,41.19,1,2,1.000000
1724169366950934100,1,485.12,586.40,230.27,40.09,1,2,1.000000
1724169367016724900,1,484.28,584.46,232.91,41.19,1,2,1.000000
1724169367083105100,1,485.36,583.72,231.54,42.29,1,2,1.000000
1724169367156636900,1,479.28,583.18,239.21,41.69,1,2,1.000000
1724169367209084100,1,484.66,583.09,236.92,40.24,1,2,1.000000
1724169367270041900,1,482.88,582.63,236.65,40.90,1,2,1.000000
1724169367339239100,1,480.52,581.26,240.23,41.34,1,2,1.000000
1724169367396991700,1,480.44,580.59,238.38,40.52,1,2,1.000000
1724169367478763000,1,480.68,580.25,240.63,40.28,1,2,1.000000
1724169367540548300,1,479.20,578.96,243.24,40.73,1,2,1.000000
1724169367597101900,1,473.35,578.02,250.36,41.83,1,2,1.000000
1724169367785119000,1,476.30,576.17,248.22,42.35,1,2,1.000000
1724169367804482500,1,470.76,576.38,251.97,41.89,1,2,1.000000
1724169367865877600,1,474.74,575.24,251.52,41.77,1,2,1.000000
1724169367910473000,1,471.93,573.82,255.18,42.63,1,2,1.000000
1724169367958487800,1,470.67,571.71,260.17,43.90,1,2,1.000000
1724169368017516500,1,468.89,569.83,265.97,44.70,1,2,1.000000
1724169368063876900,1,466.99,569.40,270.20,44.38,1,2,1.000000
1724169368108813100,1,470.71,567.92,268.86,42.90,1,2,1.000000
1724169368167242200,1,466.89,567.87,274.41,42.35,1,2,1.000000
1724169368233836200,1,463.36,567.20,276.92,42.96,1,2,1.000000
1724169368303964900,1,466.90,566.50,272.94,42.44,1,2,1.000000
1724169368357827000,1,467.32,565.72,273.44,40.64,1,2,1.000000
1724169368419783900,1,468.27,565.22,267.89,40.39,1,2,1.000000
1724169368485730000,1,461.52,564.31,279.73,40.83,1,2,1.000000
1724169368551890300,1,461.81,563.65,284.13,40.53,1,2,1.000000
1724169368614139800,1,462.19,562.84,284.78,40.52,1,2,1.000000
1724169368675075400,1,463.05,561.91,284.43,40.91,1,2,1.000000
1724169368741102700,1,458.66,561.05,286.52,41.40,1,2,1.000000
1724169368805731800,1,460.08,559.89,289.93,41.46,1,2,1.000000
1724169368883359600,1,459.95,559.95,290.78,42.03,1,2,1.000000
1724169368935765500,1,457.02,558.99,295.72,41.15,1,2,1.000000
1724169368998629100,1,461.64,559.02,289.94,39.88,1,2,1.000000
1724169369068474100,1,457.92,558.39,294.14,40.84,1,2,1.000000
1724169369123982500,1,457.76,557.23,297.64,41.37,1,2,1.000000
1724169369187226700,1,457.73,556.34,299.83,41.53,1,2,1.000000
1724169369252868500,1,458.48,555.81,299.92,41.28,1,2,1.000000
1724169369315959900,1,457.52,555.57,299.08,41.29,1,2,1.000000
1724169369381112100,1,457.99,555.66,298.71,41.86,1,2,1.000000
1724169369446331700,1,458.77,555.75,295.71,40.83,1,2,1.000000
1724169369516465900,1,454.37,554.72,304.04,41.50,1,2,1.000000
1724169369581901000,1,456.93,554.91,300.15,41.95,1,2,1.000000
1724169369637971500,1,461.99,554.60,292.80,41.00,1,2,1.000000
1724169369702380700,1,455.56,554.66,300.47,42.37,1,2,1.000000
1724169369772040900,1,457.63,553.70,297.70,42.24,1,2,1.000000
1724169369830514400,1,455.26,554.00,299.99,41.26,1,2,1.000000
1724169369893772800,1,453.28,553.51,305.15,41.89,1,2,1.000000
1724169369960963800,1,455.40,553.59,300.74,42.36,1,2,1.000000
1724169370023205200,1,452.16,552.64,307.78,42.50,1,2,1.000000
1724169370083497900,1,454.08,552.84,304.86,42.04,1,2,1.000000
1724169370149509400,1,449.84,552.33,306.93,42.06,1,2,1.000000
1724169370215951900,1,448.95,551.79,308.15,42.04,1,2,1.000000
1724169370277769000,1,448.88,551.48,308.55,42.63,1,2,1.000000
1724169370342082300,1,448.28,551.18,309.89,41.86,1,2,1.000000
1724169370407161600,1,449.40,551.01,303.95,42.88,1,2,1.000000
1724169370466777700,1,449.50,550.93,294.85,42.82,1,2,1.000000
1724169370532487700,1,448.08,550.70,303.22,42.83,1,2,1.000000
1724169370600922100,1,446.19,549.87,313.43,43.08,1,2,1.000000
1724169370664238100,1,448.39,549.25,313.51,43.23,1,2,1.000000
1724169370731954600,1,448.58,550.12,310.10,42.06,1,2,1.000000
1724169370803580400,1,447.87,549.56,310.60,42.73,1,2,1.000000
1724169370865574900,1,449.05,548.65,311.03,43.33,1,2,1.000000
1724169370923689900,1,448.73,548.41,315.09,43.50,1,2,1.000000
1724169370989071900,1,447.67,548.36,316.27,42.77,1,2,1.000000
1724169371055426000,1,450.99,549.06,312.29,42.80,1,2,1.000000
1724169371112050500,1,449.26,548.45,312.81,43.61,1,2,1.000000
1724169371180698900,1,448.20,548.25,314.37,43.70,1,2,1.000000
1724169371239645200,1,448.32,548.09,311.33,43.23,1,2,1.000000
1724169371304742600,1,450.06,548.26,316.83,43.03,1,2,1.000000
1724169371415662400,1,451.18,548.20,313.87,42.64,1,2,1.000000
1724169371485225000,1,448.56,548.21,313.70,43.97,1,2,1.000000
1724169371553491000,1,454.61,547.97,309.35,43.50,1,2,1.000000
1724169371599912500,1,452.20,549.23,309.20,42.28,1,2,1.000000
1724169371659452800,1,453.60,549.44,308.22,42.67,1,2,1.000000
1724169371723619900,1,450.02,550.20,311.06,43.02,1,2,1.000000
1724169371794170500,1,453.94,550.33,299.09,42.43,1,2,1.000000
1724169371855157500,1,452.57,550.31,305.93,42.50,1,2,1.000000
1724169371905660800,1,452.68,549.99,306.56,42.99,1,2,1.000000
1724169371969183500,1,452.97,550.24,307.41,42.43,1,2,1.000000
1724169372028689700,1,452.96,550.77,313.21,42.00,1,2,1.000000
1724169372083278400,1,453.15,550.85,313.55,41.80,1,2,1.000000
1724169372133579400,1,453.70,551.65,302.62,41.23,1,2,1.000000
1724169372197299500,1,453.84,551.21,309.38,41.65,1,2,1.000000
1724169372264064700,1,453.30,551.59,308.26,41.83,1,2,1.000000
1724169372335069100,1,455.42,551.57,306.74,42.12,1,2,1.000000
1724169372387675800,1,454.23,551.49,306.58,42.69,1,2,1.000000
1724169372454763800,1,456.19,552.26,303.78,41.79,1,2,1.000000
1724169372521322400,1,456.38,552.60,305.12,42.39,1,2,1.000000
1724169372590224200,1,454.38,552.99,304.47,42.20,1,2,1.000000
1724169372652656500,1,453.40,553.28,306.65,41.58,1,2,1.000000
1724169372714103400,1,453.54,552.55,310.28,42.29,1,2,1.000000
1724169372789770900,1,455.90,552.78,309.79,41.89,1,2,1.000000
1724169372844785900,1,458.84,553.39,303.83,41.75,1,2,1.000000
1724169372907519500,1,453.72,553.66,308.90,41.65,1,2,1.000000
1724169372976012400,1,456.84,553.51,307.02,42.24,1,2,1.000000
1724169373032327900,1,460.74,553.80,299.44,41.67,1,2,1.000000
1724169373093453700,1,459.23,554.50,300.38,41.46,1,2,1.000000
1724169373161862000,1,456.41,554.29,304.05,42.02,1,2,1.000000
1724169373224495600,1,456.61,553.78,303.90,41.24,1,2,1.000000
1724169373285366700,1,454.64,554.00,306.17,41.70,1,2,1.000000
1724169373348481300,1,454.32,554.58,306.64,42.18,1,2,1.000000
1724169373414654200,1,456.64,554.12,306.15,42.61,1,2,1.000000
1724169373478273300,1,453.87,554.26,306.29,41.75,1,2,1.000000
1724169373544628900,1,456.35,554.02,305.95,42.14,1,2,1.000000
1724169373608984700,1,456.69,553.57,304.47,41.95,1,2,1.000000
1724169373670599800,1,457.41,554.55,300.27,42.01,1,2,1.000000
1724169373670599800,56,517.42,624.53,22.22,17.80,1,1,1.000000
1724169373737687400,1,456.43,554.32,302.47,42.62,1,2,1.000000
1724169373737687400,56,517.36,623.38,33.17,20.17,1,1,1.000000
1724169373800427900,1,456.61,554.64,297.13,42.45,1,2,1.000000
1724169373800427900,56,518.58,620.13,33.55,24.67,1,1,1.000000
1724169373881533500,1,457.52,554.00,304.08,42.76,1,2,1.000000
1724169373881533500,56,518.01,616.82,32.27,29.44,1,1,1.000000
1724169373928802600,1,456.85,554.54,300.45,42.54,1,2,1.000000
1724169373928802600,56,520.67,618.01,34.55,30.26,1,1,1.000000
1724169373988850600,1,461.29,554.93,295.54,43.32,1,2,1.000000
1724169373988850600,56,518.98,614.90,35.92,33.17,1,1,1.000000
1724169374053250000,1,463.28,554.84,292.68,42.04,1,2,1.000000
1724169374053250000,56,520.97,615.80,34.53,33.34,1,1,1.000000
1724169374115838900,1,460.70,555.47,295.86,41.62,1,2,1.000000
1724169374115838900,56,523.66,615.27,32.72,32.22,1,1,1.000000
1724169374184266200,1,458.28,555.12,296.28,42.55,1,2,1.000000
1724169374184266200,56,522.53,613.65,39.13,33.71,1,1,1.000000
1724169374246349300,1,456.22,555.30,299.34,42.85,1,2,1.000000
1724169374246349300,56,522.96,612.57,53.23,34.24,1,1,1.000000
1724169374309651900,1,454.83,555.08,295.02,44.10,1,2,1.000000
1724169374309651900,56,523.43,614.03,51.15,33.19,1,1,1.000000
1724169374382095800,1,455.68,555.78,296.48,42.92,1,2,1.000000
1724169374382095800,56,526.14,612.49,53.64,34.68,1,1,1.000000
1724169374438095900,1,457.33,555.96,295.94,43.16,1,2,1.000000
1724169374438095900,56,523.56,611.14,62.67,36.18,1,1,1.000000
1724169374502666100,1,468.06,556.15,285.19,42.45,1,2,1.000000
1724169374502666100,56,524.27,610.08,71.34,36.55,1,1,1.000000
1724169374566733400,1,466.98,556.82,287.24,41.54,1,2,1.000000
1724169374566733400,56,525.30,609.48,73.08,34.75,1,1,1.000000
1724169374646008400,1,458.56,555.94,287.20,43.43,1,2,1.000000
1724169374646008400,56,522.39,608.15,77.11,36.43,1,1,1.000000
1724169374708302900,1,458.40,555.62,293.67,43.23,1,2,1.000000
1724169374708302900,56,523.26,607.59,77.27,35.46,1,1,1.000000
1724169374770710900,1,457.55,555.30,294.77,44.82,1,2,1.000000
1724169374770710900,56,524.83,606.85,78.55,35.10,1,1,1.000000
1724169374827512700,1,451.27,554.35,298.70,45.61,1,2,1.000000
1724169374827512700,56,528.68,607.25,81.93,34.83,1,1,1.000000
1724169374886218400,1,450.48,554.76,295.88,44.30,1,2,1.000000
1724169374886218400,56,544.93,605.60,70.08,32.27,1,1,1.000000
1724169374953857700,1,448.20,554.27,298.43,44.78,1,2,1.000000
1724169374953857700,56,554.48,605.84,60.63,30.66,1,1,1.000000
1724169375020937100,1,445.05,553.48,300.62,45.32,1,2,1.000000
1724169375020937100,56,548.69,604.59,73.20,32.41,1,1,1.000000
1724169375094686500,1,438.08,552.37,308.58,47.73,1,2,1.000000
1724169375094686500,56,554.89,605.70,71.02,30.79,1,1,1.000000
1724169375148818300,1,437.45,549.80,308.59,48.42,1,2,1.000000
1724169375148818300,56,555.41,603.26,76.33,32.97,1,1,1.000000
1724169375216905300,1,431.39,548.75,307.91,49.02,1,2,1.000000
1724169375216905300,56,549.32,603.75,81.21,34.47,1,1,1.000000
1724169375268033500,56,590.15,607.93,47.23,24.63,1,1,1.000000
1724169375339618900,1,420.91,541.85,320.27,57.32,1,2,1.000000
1724169375339618900,56,595.23,610.41,39.67,21.71,1,1,1.000000
1724169375400542500,1,424.49,538.39,314.23,60.39,1,2,1.000000
1724169375400542500,56,601.35,609.26,38.73,24.36,1,1,1.000000
1724169375462029000,1,409.60,530.09,327.79,69.92,1,2,1.000000
1724169375462029000,56,609.14,610.43,36.82,22.40,1,1,1.000000
1724169375539770400,1,396.45,524.61,341.71,75.84,1,2,1.000000
1724169375539770400,56,612.11,611.06,40.38,24.50,1,1,1.000000
1724169375595859100,1,390.77,520.51,347.53,80.65,1,2,1.000000
1724169375671611200,1,386.96,517.85,350.41,84.93,1,2,1.000000
1724169375733972000,1,393.60,520.55,343.75,80.61,1,2,1.000000
1724169375782423900,1,393.20,520.97,347.87,79.50,1,2,1.000000
1724169375782423900,57,646.17,601.12,26.44,16.72,1,1,1.000000
1724169375844837600,1,397.53,523.59,342.47,74.22,1,2,1.000000
1724169375844837600,57,647.10,599.57,32.54,17.28,1,1,1.000000
1724169375913917100,1,397.33,524.09,343.30,74.27,1,2,1.000000
1724169375913917100,57,651.79,599.66,32.23,16.40,1,1,1.000000
1724169375977905500,1,399.64,525.81,346.12,69.98,1,2,1.000000
1724169375977905500,57,657.01,600.62,20.92,16.31,1,1,1.000000
1724169376044571800,1,411.79,530.90,334.02,64.61,1,2,1.000000
1724169376106209000,1,410.57,532.84,336.16,60.38,1,2,1.000000
1724169376169488100,1,433.84,538.50,313.67,53.74,1,2,1.000000
1724169376229601900,1,429.06,539.10,318.35,52.82,1,2,1.000000
1724169376295294400,1,426.54,541.33,320.73,49.11,1,2,1.000000
1724169376372477500,1,432.92,543.48,313.91,46.66,1,2,1.000000
1724169376421715900,1,435.19,543.57,313.08,47.37,1,2,1.000000
1724169376489972100,1,434.51,543.69,316.44,47.43,1,2,1.000000
1724169376563952200,1,436.42,543.64,316.90,47.37,1,2,1.000000
1724169376617518700,1,436.25,545.77,319.58,45.16,1,2,1.000000
1724169376687273400,1,436.04,545.75,319.26,45.41,1,2,1.000000
1724169376744177300,1,436.13,546.00,319.81,46.00,1,2,1.000000
1724169376806012900,1,436.53,546.69,319.13,44.67,1,2,1.000000
1724169376867311900,1,438.04,547.00,315.24,45.35,1,2,1.000000
1724169376934786100,1,434.89,547.32,315.09,45.21,1,2,1.000000
1724169376997571200,1,437.01,548.46,300.60,44.38,1,2,1.000000
1724169377068549700,1,439.57,548.05,318.00,45.36,1,2,1.000000
1724169377126372000,1,441.57,548.99,309.67,45.03,1,2,1.000000
1724169377191651100,1,440.83,549.26,314.71,44.59,1,2,1.000000
1724169377255860700,1,442.23,549.55,308.20,44.56,1,2,1.000000
1724169377316059500,1,442.68,549.21,306.88,45.65,1,2,1.000000
1724169377427007200,1,442.63,550.80,309.33,43.35,1,2,1.000000
1724169377502552300,1,443.23,551.16,305.33,42.90,1,2,1.000000
1724169377560677100,1,443.91,551.25,301.54,43.70,1,2,1.000000
1724169377617258100,1,447.34,551.41,299.52,43.91,1,2,1.000000
1724169377655616100,1,443.32,551.21,304.93,44.64,1,2,1.000000
1724169377718203000,1,439.93,551.83,309.09,43.45,1,2,1.000000
1724169377787028500,1,443.34,552.31,309.06,43.45,1,2,1.000000
1724169377830553400,1,441.87,552.25,312.52,44.19,1,2,1.000000
1724169377895834200,1,449.51,553.15,296.84,43.40,1,2,1.000000
1724169377957585300,1,450.51,554.06,298.66,43.08,1,2,1.000000
1724169378020437900,1,447.92,553.96,300.66,43.59,1,2,1.000000
1724169378099644000,1,451.25,553.74,295.76,44.23,1,2,1.000000
1724169378150602700,1,447.40,554.80,299.97,43.10,1,2,1.000000
1724169378217644000,1,450.21,555.74,297.92,42.23,1,2,1.000000
1724169378279978300,1,447.09,554.61,301.85,43.80,1,2,1.000000
1724169378351137200,1,449.26,555.76,299.30,43.60,1,2,1.000000
1724169378409806200,1,450.81,556.29,297.42,44.11,1,2,1.000000
1724169378474444900,1,451.11,555.97,298.35,43.99,1,2,1.000000
1724169378541885600,1,452.84,556.79,293.87,43.24,1,2,1.000000
1724169378606210800,1,452.08,556.98,297.17,44.01,1,2,1.000000
1724169378670913300,1,449.99,556.51,296.28,44.47,1,2,1.000000
1724169378726570600,1,452.92,557.44,294.06,43.22,1,2,1.000000
1724169378790850900,1,453.43,558.11,295.54,43.31,1,2,1.000000
1724169378925078300,1,451.42,558.52,296.35,42.92,1,2,1.000000
1724169378948848200,1,451.85,559.05,292.15,42.52,1,2,1.000000
1724169379009832600,1,449.73,558.33,295.96,43.83,1,2,1.000000
1724169379056618100,1,454.17,559.49,288.40,42.48,1,2,1.000000
1724169379116897900,1,450.58,559.13,291.06,42.99,1,2,1.000000
1724169379174624400,1,454.71,559.61,288.46,43.67,1,2,1.000000
1724169379256114900,1,451.28,559.23,290.52,43.16,1,2,1.000000
1724169379301863100,1,462.14,559.49,282.17,42.88,1,2,1.000000
1724169379364747300,1,451.86,559.52,291.28,44.01,1,2,1.000000
1724169379430352600,1,452.71,559.76,293.87,44.63,1,2,1.000000
1724169379430352600,58,468.80,583.76,30.62,14.81,1,1,1.000000
1724169379495511100,1,453.52,560.32,293.80,43.62,1,2,1.000000
1724169379495511100,58,469.36,584.62,29.79,13.82,1,1,1.000000
1724169379561952100,1,447.97,558.97,293.05,43.10,1,2,1.000000
1724169379624450500,1,452.70,558.87,286.68,43.67,1,2,1.000000
1724169379684153500,1,453.60,559.65,287.83,44.37,1,2,1.000000
1724169379684153500,58,466.87,584.11,31.82,14.59,1,1,1.000000
1724169379758941700,1,455.55,558.82,289.02,46.37,1,2,1.000000
1724169379812473000,1,453.60,558.13,293.04,45.02,1,2,1.000000
1724169379812473000,58,470.12,585.83,25.85,13.78,1,1,1.000000
1724169379878433600,1,450.23,558.67,292.45,44.27,1,2,1.000000
1724169379952306500,1,459.90,559.50,286.53,41.96,1,2,1.000000
1724169380008059600,1,453.27,559.33,289.84,42.19,1,2,1.000000
1724169380074220500,1,462.83,558.20,275.76,42.81,1,2,1.000000
1724169380135362400,1,454.59,559.28,285.38,42.63,1,2,1.000000
1724169380198580500,1,453.33,558.92,288.94,43.53,1,2,1.000000
1724169380262908600,1,452.97,560.21,289.59,41.51,1,2,1.000000
1724169380327287800,1,457.23,560.54,287.39,41.76,1,2,1.000000
1724169380390800700,1,454.42,560.10,291.12,42.57,1,2,1.000000
1724169380455296500,1,455.32,560.22,287.91,42.12,1,2,1.000000
1724169380517639400,1,452.74,559.92,292.00,42.07,1,2,1.000000
1724169380712087900,1,453.07,560.75,291.18,42.95,1,2,1.000000
1724169380729256900,1,456.76,560.49,287.11,43.32,1,2,1.000000
1724169380788579600,1,456.97,560.48,284.35,43.47,1,2,1.000000
1724169380832579000,1,458.68,560.90,283.89,43.60,1,2,1.000000
1724169380832579000,58,478.72,590.41,26.08,12.06,1,1,1.000000
1724169380895040700,1,455.08,560.34,286.60,43.53,1,2,1.000000
1724169380941612000,1,462.47,562.10,279.54,42.14,1,2,1.000000
1724169380989964900,1,457.12,560.96,289.09,44.03,1,2,1.000000
1724169381031767600,1,457.48,561.74,285.38,43.54,1,2,1.000000
1724169381093122400,1,458.02,561.53,280.65,43.72,1,2,1.000000
1724169381162848300,1,461.18,562.21,278.84,43.01,1,2,1.000000
1724169381222642600,1,457.18,562.83,281.95,41.98,1,2,1.000000
1724169381284043000,1,457.89,562.46,282.08,42.56,1,2,1.000000
1724169381349723700,1,457.01,562.04,285.45,43.18,1,2,1.000000
1724169381424555600,1,459.89,562.95,281.48,42.19,1,2,1.000000
1724169381480603900,1,459.07,563.00,276.34,42.82,1,2,1.000000
1724169381555678300,1,459.64,562.14,283.68,43.19,1,2,1.000000
1724169381611062100,1,455.54,563.25,281.44,42.88,1,2,1.000000
1724169381680711100,1,456.69,563.54,282.85,42.55,1,2,1.000000
1724169381734561800,1,458.29,563.05,281.16,43.28,1,2,1.000000
1724169381813014000,1,459.51,562.62,281.32,43.51,1,2,1.000000
1724169381865481600,1,455.98,562.74,276.44,43.75,1,2,1.000000
1724169381933096400,1,455.44,562.57,285.63,42.75,1,2,1.000000
1724169382002486800,1,458.70,562.90,280.89,42.56,1,2,1.000000
1724169382058330500,1,451.48,561.99,288.67,45.14,1,2,1.000000
1724169382117074700,1,451.98,560.70,289.15,45.42,1,2,1.000000
1724169382180422200,1,454.26,561.83,284.32,43.75,1,2,1.000000
1724169382246592500,1,452.40,562.11,284.43,42.69,1,2,1.000000
1724169382346579800,1,452.89,561.52,287.27,43.94,1,2,1.000000
1724169382405847100,1,449.14,560.61,295.55,45.27,1,2,1.000000
1724169382468297900,1,454.48,560.80,290.86,45.22,1,2,1.000000
1724169382531682500,1,450.46,559.99,294.09,46.83,1,2,1.000000
1724169382601683400,1,449.66,560.26,294.63,46.92,1,2,1.000000
1724169382655613800,1,452.14,560.78,291.35,46.37,1,2,1.000000
1724169382706903400,1,451.97,559.82,292.30,47.74,1,2,1.000000
1724169382756557000,1,452.08,559.56,292.78,48.39,1,2,1.000000
1724169382823391600,1,452.77,557.71,291.64,51.84,1,2,1.000000
1724169382884227800,1,453.79,559.01,284.31,51.02,1,2,1.000000
1724169382950715400,1,454.20,559.22,286.69,50.78,1,2,1.000000
1724169383015376200,1,454.30,559.60,288.50,51.03,1,2,1.000000
1724169383077271600,1,455.07,559.23,288.21,51.75,1,2,1.000000
1724169383152227500,1,454.62,558.95,288.85,51.87,1,2,1.000000
1724169383207369700,1,454.77,559.60,289.04,51.17,1,2,1.000000
1724169383268884800,1,456.54,559.31,287.32,51.84,1,2,1.000000
1724169383341089100,1,458.21,559.22,283.71,51.94,1,2,1.000000
1724169383396121100,1,457.36,560.01,285.47,50.91,1,2,1.000000
1724169383466639400,1,457.69,560.15,284.42,51.28,1,2,1.000000
1724169383529029200,1,459.15,559.17,286.46,52.56,1,2,1.000000
1724169383592067800,1,458.61,559.68,283.57,54.77,1,2,1.000000
1724169383662416500,1,458.41,556.95,282.85,56.15,1,2,1.000000
1724169383723967000,1,459.53,556.44,280.64,56.39,1,2,1.000000
1724169383783015200,1,457.54,555.87,283.63,61.49,1,2,1.000000
1724169383849847200,1,459.12,555.99,283.95,60.55,1,2,1.000000
1724169383849847200,61,446.32,448.67,292.12,76.86,1,2,1.000000
1724169383913567500,1,460.67,556.63,283.69,59.88,1,2,1.000000
1724169383978104400,1,461.05,556.53,282.42,60.37,1,2,1.000000
1724169384056225500,1,459.44,556.17,286.57,60.99,1,2,1.000000
1724169384110463300,1,462.42,556.41,282.67,61.15,1,2,1.000000
1724169384110463300,61,402.94,444.91,340.61,96.08,1,2,1.000000
1724169384164881100,1,461.08,555.77,284.83,60.86,1,2,1.000000
1724169384164881100,61,422.00,444.94,320.77,90.48,1,2,1.000000
1724169384235056200,1,463.10,556.15,283.73,61.90,1,2,1.000000
1724169384292654900,1,465.06,558.32,277.33,54.84,1,2,1.000000
1724169384355413100,1,459.06,560.37,287.12,54.94,1,2,1.000000
1724169384423793900,1,459.43,560.80,283.38,54.56,1,2,1.000000
1724169384489929600,1,458.67,558.39,283.76,57.59,1,2,1.000000
1724169384561176200,1,475.37,559.68,267.80,52.79,1,2,1.000000
1724169384614732000,1,461.99,559.23,283.94,53.30,1,2,1.000000
1724169384675425600,1,465.07,560.97,280.66,50.97,1,2,1.000000
1724169384742928000,1,464.43,560.78,278.32,51.82,1,2,1.000000
1724169384815394700,1,464.45,560.35,278.77,51.77,1,2,1.000000
1724169384873976400,1,461.30,560.07,282.23,52.98,1,2,1.000000
1724169384939975200,1,462.17,559.51,281.88,53.31,1,2,1.000000
1724169384996756000,1,457.16,559.58,288.26,51.30,1,2,1.000000
1724169385072729900,1,463.77,559.59,279.94,51.12,1,2,1.000000
1724169385130989900,1,463.93,560.14,276.82,50.22,1,2,1.000000
1724169385207432400,1,465.70,560.36,275.37,50.09,1,2,1.000000
1724169385207432400,65,576.07,593.69,41.57,18.16,1,1,1.000000
1724169385260973500,1,464.48,560.50,279.58,49.34,1,2,1.000000
1724169385260973500,65,574.14,594.09,51.81,21.48,1,1,1.000000
1724169385260973500,67,486.30,599.06,19.41,13.82,1,1,1.000000
1724169385322722400,1,461.29,561.17,282.31,48.72,1,2,1.000000
1724169385322722400,65,575.78,593.94,61.94,24.95,1,1,1.000000
1724169385322722400,67,483.60,598.54,21.99,14.41,1,1,1.000000
1724169385387375500,1,463.66,560.76,278.34,45.59,1,2,1.000000
1724169385387375500,65,579.31,591.70,57.49,29.42,1,1,1.000000
1724169385387375500,67,490.32,600.17,22.27,14.03,1,1,1.000000
1724169385447220200,1,464.26,562.07,278.81,44.59,1,2,1.000000
1724169385447220200,65,573.00,592.54,76.22,31.70,1,1,1.000000
1724169385512145800,1,462.02,561.54,281.82,43.77,1,2,1.000000
1724169385512145800,65,583.73,594.37,64.33,27.87,1,1,1.000000
1724169385586758000,1,465.43,561.58,279.39,44.22,1,2,1.000000
1724169385586758000,65,616.18,600.19,30.13,20.69,1,1,1.000000
1724169385641480100,1,465.65,561.39,279.72,43.84,1,2,1.000000
1724169385641480100,65,617.65,599.29,39.79,22.58,1,1,1.000000
1724169385706404800,1,460.42,560.96,286.47,44.45,1,2,1.000000
1724169385706404800,65,615.34,598.29,47.23,25.09,1,1,1.000000
1724169385776749300,1,459.95,561.12,285.01,43.63,1,2,1.000000
1724169385776749300,65,611.42,599.26,50.45,23.37,1,1,1.000000
1724169385776749300,67,490.17,598.27,34.29,15.71,1,1,1.000000
1724169385858849400,1,461.70,561.04,287.00,43.47,1,2,1.000000
1724169385858849400,65,603.75,599.66,69.92,27.59,1,1,1.000000
1724169385858849400,67,490.03,597.61,28.66,17.61,1,1,1.000000
1724169385924484300,1,465.08,561.45,281.31,42.67,1,2,1.000000
1724169385924484300,65,627.35,601.61,51.53,23.37,1,1,1.000000
1724169385924484300,67,493.21,597.59,26.20,14.68,1,1,1.000000
1724169385962653300,1,463.02,560.61,285.48,44.74,1,2,1.000000
1724169385962653300,65,624.45,602.83,57.91,23.36,1,1,1.000000
1724169385962653300,67,493.76,597.03,20.19,14.25,1,1,1.000000
1724169386027480200,1,460.84,560.93,285.87,45.43,1,2,1.000000
1724169386027480200,65,619.58,602.75,68.21,27.36,1,1,1.000000
1724169386027480200,67,492.00,594.94,27.56,14.99,1,1,1.000000
1724169386085781300,1,463.48,560.76,281.38,45.25,1,2,1.000000
1724169386085781300,65,616.71,601.71,76.35,27.98,1,1,1.000000
1724169386151031400,1,461.95,560.29,281.93,45.75,1,2,1.000000
1724169386151031400,65,629.97,602.20,67.54,25.81,1,1,1.000000
1724169386216839600,1,466.52,560.28,277.04,45.94,1,2,1.000000
1724169386216839600,65,651.43,604.47,46.43,22.36,1,1,1.000000
1724169386276301400,1,465.53,559.77,280.83,44.72,1,2,1.000000
1724169386276301400,65,653.18,602.82,49.04,24.38,1,1,1.000000
1724169386346045700,1,465.33,560.30,280.55,45.59,1,2,1.000000
1724169386346045700,65,649.62,601.54,48.86,25.70,1,1,1.000000
1724169386420397400,1,463.93,560.27,280.99,45.38,1,2,1.000000
1724169386420397400,65,651.54,600.86,49.20,26.71,1,1,1.000000
1724169386482368500,1,463.10,560.53,281.09,43.12,1,2,1.000000
1724169386482368500,65,655.06,600.19,45.59,28.17,1,1,1.000000
1724169386534543800,1,462.36,559.79,280.46,43.05,1,2,1.000000
1724169386534543800,65,662.87,602.08,36.21,24.41,1,1,1.000000
1724169386604019200,1,462.58,560.34,284.23,44.58,1,2,1.000000
1724169386604019200,65,662.65,604.38,38.59,23.78,1,1,1.000000
1724169386666185700,1,465.60,561.50,281.46,43.00,1,2,1.000000
1724169386666185700,65,670.84,607.99,29.57,19.61,1,1,1.000000
1724169386725417800,1,465.61,561.70,280.70,44.09,1,2,1.000000
1724169386725417800,65,677.00,610.26,19.75,15.01,1,1,1.000000
1724169386790632200,1,465.79,562.06,276.72,45.10,1,2,1.000000
1724169386790632200,73,476.38,593.46,22.56,13.90,1,1,1.000000
1724169386866486000,1,470.69,561.29,275.05,43.81,1,2,1.000000
1724169386866486000,73,482.86,595.25,19.41,12.99,1,1,1.000000
1724169386918875800,1,463.13,560.68,287.53,43.77,1,2,1.000000
1724169386918875800,73,483.09,595.22,27.07,15.50,1,1,1.000000
1724169386983173300,1,468.15,561.65,279.50,42.99,1,2,1.000000
1724169386983173300,73,488.95,596.43,26.23,15.53,1,1,1.000000
1724169387046161700,1,467.43,560.86,279.09,44.96,1,2,1.000000
1724169387046161700,73,488.15,594.98,32.84,14.94,1,1,1.000000
1724169387110548400,1,469.33,561.39,278.75,43.18,1,2,1.000000
1724169387110548400,73,483.59,591.26,51.15,22.46,1,1,1.000000
1724169387178541800,1,464.79,560.99,286.17,45.52,1,2,1.000000
1724169387178541800,73,495.81,593.82,39.26,15.68,1,1,1.000000
1724169387255660400,1,472.27,560.29,276.79,45.59,1,2,1.000000
1724169387255660400,73,497.06,592.29,38.97,22.25,1,1,1.000000
1724169387302433600,1,470.58,560.18,275.02,45.86,1,2,1.000000
1724169387302433600,73,494.22,591.45,56.75,23.34,1,1,1.000000
1724169387374222400,1,469.34,561.08,279.01,49.43,1,2,1.000000
1724169387431894800,1,461.78,559.90,281.91,46.55,1,2,1.000000
1724169387431894800,73,496.82,589.19,58.85,22.29,1,1,1.000000
1724169387431894800,74,500.53,609.52,14.51,13.81,1,1,1.000000
1724169387506194600,1,467.81,561.64,276.03,45.41,1,2,1.000000
1724169387506194600,73,496.66,589.76,66.39,19.71,1,1,1.000000
1724169387506194600,74,495.33,607.22,23.31,16.74,1,1,1.000000
1724169387575898200,1,470.11,560.75,274.08,47.50,1,2,1.000000
1724169387575898200,73,492.88,589.03,78.86,24.44,1,1,1.000000
1724169387575898200,74,496.83,606.89,25.54,15.86,1,1,1.000000
1724169387629386500,1,465.86,560.81,283.04,48.62,1,2,1.000000
1724169387629386500,74,490.82,602.85,38.88,21.64,1,1,1.000000
1724169387695371100,1,463.15,559.00,285.14,50.50,1,2,1.000000
1724169387695371100,74,495.48,605.01,40.58,20.47,1,1,1.000000
1724169387759656900,1,467.54,559.46,287.63,51.72,1,2,1.000000
1724169387821691300,1,470.59,561.17,277.03,50.34,1,2,1.000000
1724169387821691300,74,484.48,595.40,57.24,28.68,1,1,1.000000
1724169387881093000,1,465.85,562.25,281.70,48.64,1,2,1.000000
1724169387881093000,73,538.63,587.36,61.98,22.92,1,1,1.000000
1724169387881093000,74,483.24,595.95,54.71,28.39,1,1,1.000000
1724169387942277400,1,462.82,561.47,284.37,47.72,1,2,1.000000
1724169387942277400,73,542.07,587.89,60.43,21.28,1,1,1.000000
1724169387942277400,74,481.19,593.15,62.18,31.81,1,1,1.000000
1724169388005241500,1,459.88,560.15,289.06,48.81,1,2,1.000000
1724169388005241500,73,549.15,588.44,56.81,21.58,1,1,1.000000
1724169388005241500,74,483.55,594.15,59.65,32.01,1,1,1.000000
1724169388070917500,1,464.25,560.96,288.20,46.51,1,2,1.000000
1724169388070917500,73,553.54,588.91,60.22,23.32,1,1,1.000000
1724169388070917500,74,485.20,594.43,59.06,29.77,1,1,1.000000
1724169388138550000,1,452.62,559.98,293.34,44.96,1,2,1.000000
1724169388138550000,73,560.25,587.72,61.96,21.01,1,1,1.000000
1724169388138550000,74,483.46,593.46,62.20,30.75,1,1,1.000000
1724169388205142700,1,457.88,559.55,287.16,45.51,1,2,1.000000
1724169388205142700,73,569.35,586.65,54.47,21.33,1,1,1.000000
1724169388205142700,74,482.93,592.58,66.73,29.94,1,1,1.000000
1724169388265647900,1,456.85,560.11,284.07,46.32,1,2,1.000000
1724169388265647900,73,567.37,585.62,66.69,23.72,1,1,1.000000
1724169388265647900,74,479.67,589.44,68.23,30.33,1,1,1.000000
1724169388326576200,1,461.31,561.33,281.26,47.17,1,2,1.000000
1724169388326576200,73,574.85,586.85,68.76,25.18,1,1,1.000000
1724169388326576200,74,483.34,587.58,75.53,30.80,1,1,1.000000
1724169388394102600,1,463.47,561.70,276.94,49.31,1,2,1.000000
1724169388394102600,73,574.78,585.53,73.50,26.90,1,1,1.000000
1724169388394102600,74,492.73,585.15,74.13,33.85,1,1,1.000000
1724169388454070000,1,458.64,560.05,283.50,50.56,1,2,1.000000
1724169388454070000,73,586.69,585.79,74.26,28.71,1,1,1.000000
1724169388454070000,74,486.72,584.91,84.85,36.49,1,1,1.000000
1724169388516229900,1,460.59,559.34,283.03,52.52,1,2,1.000000
1724169388516229900,73,601.99,588.34,57.08,24.83,1,1,1.000000
1724169388516229900,74,487.67,582.80,91.45,42.25,1,1,1.000000
1724169388586826500,1,456.23,558.08,280.68,54.30,1,2,1.000000
1724169388586826500,74,489.39,583.26,97.53,43.15,1,1,1.000000
1724169388646786500,1,454.30,556.83,285.07,54.59,1,2,1.000000
1724169388646786500,73,634.97,592.62,40.31,22.42,1,1,1.000000
1724169388646786500,74,491.57,584.05,97.61,46.40,1,1,1.000000
1724169388713093600,1,453.04,558.31,283.54,52.91,1,2,1.000000
1724169388713093600,73,628.48,593.72,46.79,23.36,1,1,1.000000
1724169388713093600,74,495.03,585.45,99.62,43.40,1,1,1.000000
1724169388774271600,1,456.52,558.07,282.10,50.95,1,2,1.000000
1724169388852499600,1,447.39,554.16,290.32,54.61,1,2,1.000000
1724169388852499600,73,631.89,596.35,53.40,20.77,1,1,1.000000
1724169388852499600,74,497.98,583.52,104.99,43.60,1,1,1.000000
1724169388901796500,1,452.09,552.55,291.32,56.75,1,2,1.000000
1724169388901796500,73,633.62,596.87,52.72,20.38,1,1,1.000000
1724169388901796500,74,498.38,582.71,105.66,44.45,1,1,1.000000
1724169388973448000,1,449.93,554.13,292.25,57.45,1,2,1.000000
1724169388973448000,73,638.97,597.26,47.52,19.61,1,1,1.000000
1724169389030895400,1,449.02,556.17,292.61,57.11,1,2,1.000000
1724169389030895400,73,643.01,596.37,51.15,20.79,1,1,1.000000
1724169389030895400,74,501.28,589.34,93.19,35.96,1,1,1.000000
1724169389099117100,1,447.49,554.57,294.16,56.93,1,2,1.000000
1724169389099117100,73,662.81,598.31,46.21,21.34,1,1,1.000000
1724169389099117100,74,510.79,587.27,95.90,37.80,1,1,1.000000
1724169389157610700,1,452.67,556.84,288.57,55.18,1,2,1.000000
1724169389157610700,74,527.96,581.82,120.28,43.73,1,1,1.000000
1724169389220439200,1,451.85,556.39,292.74,55.29,1,2,1.000000
1724169389295322100,1,459.66,559.55,285.25,52.05,1,2,1.000000
1724169389295322100,73,668.84,596.42,26.81,20.91,1,1,1.000000
1724169389295322100,74,524.67,581.89,125.63,42.14,1,1,1.000000
1724169389354428500,1,457.90,558.57,289.71,57.06,1,2,1.000000
1724169389426512200,1,452.09,557.39,294.35,53.45,1,2,1.000000
1724169389426512200,73,674.05,599.07,27.84,17.12,1,1,1.000000
1724169389486373000,1,452.86,557.57,292.83,54.29,1,2,1.000000
1724169389550298700,1,455.01,556.94,289.81,50.77,1,2,1.000000
1724169389550298700,74,550.69,581.85,122.62,42.12,1,1,1.000000
1724169389550298700,97,494.13,603.58,25.33,17.65,1,1,1.000000
1724169389627598700,1,457.37,556.47,291.49,51.81,1,2,1.000000
1724169389679091400,1,456.24,556.29,293.40,47.80,1,2,1.000000
1724169389679091400,74,579.20,582.71,111.27,44.49,1,1,1.000000
1724169389743152600,1,455.53,554.87,290.35,47.63,1,2,1.000000
1724169389743152600,74,585.68,581.79,107.24,46.89,1,1,1.000000
1724169389810374000,1,460.22,555.13,285.77,49.20,1,2,1.000000
1724169389810374000,74,568.74,582.85,134.91,49.65,1,1,1.000000
1724169389868495300,1,455.27,554.25,293.79,49.29,1,2,1.000000
1724169389868495300,74,585.55,585.07,70.08,25.58,1,1,1.000000
1724169389926275600,1,455.23,553.02,297.28,51.99,1,2,1.000000
1724169389926275600,74,583.86,584.90,110.76,39.75,1,1,1.000000
1724169389926275600,99,478.42,593.25,31.75,16.54,1,1,1.000000
1724169389991791200,1,460.53,554.64,288.00,49.50,1,2,1.000000
1724169389991791200,74,600.48,585.90,61.42,25.43,1,1,1.000000
1724169389991791200,99,477.95,592.06,38.91,13.61,1,1,1.000000
1724169390105624700,1,463.90,555.03,285.63,45.36,1,2,1.000000
1724169390105624700,74,615.31,586.70,60.40,22.72,1,1,1.000000
1724169390105624700,99,483.04,594.37,35.79,20.44,1,1,1.000000
1724169390125303300,1,461.16,553.78,296.14,45.02,1,2,1.000000
1724169390125303300,74,609.95,585.58,93.87,44.03,1,1,1.000000
1724169390186513200,1,459.70,554.71,294.37,45.36,1,2,1.000000
1724169390186513200,74,615.64,587.55,55.96,23.69,1,1,1.000000
1724169390186513200,99,491.20,594.20,37.60,23.46,1,1,1.000000
1724169390247626400,1,462.11,553.49,294.70,44.91,1,2,1.000000
1724169390247626400,74,626.98,586.14,75.44,43.87,1,1,1.000000
1724169390247626400,99,493.56,595.19,39.53,25.04,1,1,1.000000
1724169390309792400,1,464.63,551.94,290.20,48.56,1,2,1.000000
1724169390309792400,74,627.40,584.87,47.83,30.23,1,1,1.000000
1724169390309792400,99,491.30,593.17,47.96,25.59,1,1,1.000000
1724169390377006000,1,461.43,551.42,296.62,47.70,1,2,1.000000
1724169390377006000,74,635.20,587.74,66.10,40.66,1,1,1.000000
1724169390377006000,99,490.73,592.62,43.75,26.68,1,1,1.000000
1724169390446256800,1,473.12,552.63,289.58,46.64,1,2,1.000000
1724169390446256800,74,635.19,587.51,56.40,31.70,1,1,1.000000
1724169390446256800,99,492.15,592.18,49.13,26.79,1,1,1.000000
1724169390446256800,107,515.12,617.45,33.05,22.50,1,1,1.000000
1724169390506392600,1,470.70,552.53,293.24,45.76,1,2,1.000000
1724169390506392600,74,653.48,588.77,44.48,45.17,1,1,1.000000
1724169390506392600,99,493.09,593.95,40.12,25.80,1,1,1.000000
1724169390506392600,107,517.10,617.22,29.99,22.67,1,1,1.000000
1724169390571287300,1,472.97,552.30,288.26,46.72,1,2,1.000000
1724169390571287300,74,663.88,593.70,35.44,38.95,1,1,1.000000
1724169390571287300,99,490.00,592.84,47.36,28.14,1,1,1.000000
1724169390571287300,107,515.23,615.58,31.90,26.21,1,1,1.000000
1724169390635887800,1,472.00,552.10,292.36,47.30,1,2,1.000000
1724169390635887800,74,664.97,596.18,39.24,32.38,1,1,1.000000
1724169390635887800,99,491.97,594.23,43.98,26.04,1,1,1.000000
1724169390635887800,107,516.63,617.51,31.47,24.13,1,1,1.000000
1724169390695838900,1,476.21,551.35,288.35,49.88,1,2,1.000000
1724169390695838900,74,663.76,597.97,40.47,29.46,1,1,1.000000
1724169390695838900,99,491.46,594.76,44.62,27.04,1,1,1.000000
1724169390695838900,107,517.03,615.70,32.79,27.75,1,1,1.000000
1724169390759307500,1,472.64,548.14,287.75,56.23,1,2,1.000000
1724169390759307500,74,664.43,598.04,36.34,30.42,1,1,1.000000
1724169390759307500,99,491.59,594.37,45.74,31.20,1,1,1.000000
1724169390759307500,107,517.01,618.89,38.66,26.13,1,1,1.000000
1724169390822080100,1,473.47,546.64,301.78,57.82,1,2,1.000000
1724169390822080100,74,674.77,603.60,29.02,22.69,1,1,1.000000
1724169390822080100,99,495.60,598.60,43.65,26.11,1,1,1.000000
1724169390822080100,107,516.81,616.38,50.92,31.09,1,1,1.000000
1724169390890966100,1,476.97,547.86,291.71,56.42,1,2,1.000000
1724169390890966100,74,671.31,603.94,34.54,18.74,1,1,1.000000
1724169390890966100,99,497.10,595.86,51.80,28.08,1,1,1.000000
1724169390890966100,107,518.77,615.25,51.87,32.56,1,1,1.000000
1724169390952970500,1,476.83,549.18,291.56,56.87,1,2,1.000000
1724169390952970500,99,495.65,596.98,64.53,29.93,1,1,1.000000
1724169390952970500,107,520.38,617.72,49.89,29.89,1,1,1.000000
1724169391017915900,1,476.80,551.00,287.09,53.93,1,2,1.000000
1724169391017915900,99,495.67,596.39,66.74,30.52,1,1,1.000000
1724169391017915900,107,517.30,611.28,68.81,35.65,1,1,1.000000
1724169391076402700,1,482.17,552.31,279.18,55.03,1,2,1.000000
1724169391076402700,99,494.57,595.50,82.20,33.32,1,1,1.000000
1724169391076402700,107,521.27,608.52,76.65,39.24,1,1,1.000000
1724169391143983400,1,476.33,552.41,286.56,54.94,1,2,1.000000
1724169391143983400,99,497.35,593.75,94.74,36.20,1,1,1.000000
1724169391143983400,107,529.53,606.17,72.95,39.04,1,1,1.000000
1724169391210500300,1,475.93,555.46,282.55,49.47,1,2,1.000000
1724169391210500300,107,528.28,604.03,80.85,36.55,1,1,1.000000
1724169391273847800,1,478.40,556.15,281.91,51.95,1,2,1.000000
1724169391273847800,107,544.18,605.38,80.93,32.37,1,1,1.000000
1724169391348954500,1,476.54,557.44,281.14,51.26,1,2,1.000000
1724169391413978400,1,475.64,557.76,281.91,51.97,1,2,1.000000
1724169391486637700,1,475.92,557.76,279.57,52.64,1,2,1.000000
1724169391536795400,1,470.76,558.61,283.99,55.58,1,2,1.000000
1724169391593100900,1,463.78,558.97,278.29,52.11,1,2,1.000000
1724169391656159900,1,455.91,558.69,285.50,49.35,1,2,1.000000
1724169391721941400,1,458.50,558.75,282.36,50.67,1,2,1.000000
1724169391721941400,99,529.25,583.92,124.66,41.51,1,1,1.000000
1724169391721941400,114,464.09,578.36,53.68,40.64,1,1,1.000000
1724169391788113200,1,460.68,558.79,274.63,51.86,1,2,1.000000
1724169391788113200,99,533.95,583.59,121.67,42.47,1,1,1.000000
1724169391788113200,114,467.87,581.68,52.23,36.33,1,1,1.000000
1724169391788113200,117,650.95,615.38,28.64,28.77,1,1,1.000000
1724169391852737900,1,465.07,559.17,272.41,51.77,1,2,1.000000
1724169391852737900,99,532.46,584.40,131.77,39.28,1,1,1.000000
1724169391852737900,114,470.17,579.65,54.83,41.20,1,1,1.000000
1724169391852737900,117,653.27,616.97,27.79,26.71,1,1,1.000000
1724169391915419900,1,452.02,557.74,284.62,53.31,1,2,1.000000
1724169391915419900,99,543.02,583.76,117.90,39.07,1,1,1.000000
1724169391915419900,114,474.08,575.94,58.63,39.45,1,1,1.000000
1724169391915419900,117,651.86,622.24,32.22,21.52,1,1,1.000000
1724169391977071400,1,454.90,557.92,280.23,56.37,1,2,1.000000
1724169391977071400,114,470.97,577.41,64.77,40.45,1,1,1.000000
1724169391977071400,117,655.96,623.93,28.27,18.27,1,1,1.000000
1724169392043997000,1,447.84,555.78,285.05,57.49,1,2,1.000000
1724169392043997000,99,575.69,586.37,96.04,37.07,1,1,1.000000
1724169392043997000,114,468.01,578.17,75.93,39.29,1,1,1.000000
1724169392103621200,1,453.02,557.20,274.97,53.84,1,2,1.000000
1724169392103621200,114,464.65,577.70,85.18,41.35,1,1,1.000000
1724169392174175100,1,441.78,554.26,288.62,57.44,1,2,1.000000
1724169392174175100,99,578.53,591.76,107.67,40.31,1,1,1.000000
1724169392174175100,114,490.81,583.57,65.18,35.33,1,1,1.000000
1724169392234575400,1,447.46,554.66,282.55,62.18,1,2,1.000000
1724169392234575400,99,581.98,591.75,104.99,41.72,1,1,1.000000
1724169392234575400,114,499.35,581.59,63.21,36.95,1,1,1.000000
1724169392293439600,1,426.07,549.20,298.60,61.41,1,2,1.000000
1724169392293439600,99,587.15,590.86,100.81,42.76,1,1,1.000000
1724169392293439600,114,500.78,581.95,64.57,38.03,1,1,1.000000
1724169392360567900,1,427.02,547.35,292.82,66.76,1,2,1.000000
1724169392360567900,99,584.28,593.91,106.17,40.51,1,1,1.000000
1724169392360567900,114,506.40,578.48,66.39,39.04,1,1,1.000000
1724169392421437200,1,430.78,549.23,288.08,63.81,1,2,1.000000
1724169392421437200,99,584.11,593.97,108.61,40.14,1,1,1.000000
1724169392421437200,114,505.49,577.70,73.67,34.12,1,1,1.000000
1724169392486397600,1,426.84,544.83,294.84,69.80,1,2,1.000000
1724169392486397600,99,580.11,598.87,67.49,29.35,1,1,1.000000
1724169392551821300,1,425.70,543.91,303.53,68.18,1,2,1.000000
1724169392551821300,99,591.32,602.04,52.85,27.28,1,1,1.000000
1724169392551821300,107,646.04,602.27,49.14,33.18,1,1,1.000000
1724169392551821300,114,513.92,577.84,70.50,37.15,1,1,1.000000
1724169392614890900,1,422.88,544.23,303.25,67.33,1,2,1.000000
1724169392614890900,99,590.59,598.16,102.63,36.66,1,1,1.000000
1724169392614890900,114,520.64,577.54,68.81,33.53,1,1,1.000000
1724169392614890900,121,463.77,578.26,47.25,36.56,1,1,1.000000
1724169392687315300,1,425.17,545.13,300.60,67.46,1,2,1.000000
1724169392687315300,99,600.55,600.72,98.63,36.57,1,1,1.000000
1724169392687315300,114,520.78,576.05,74.85,37.37,1,1,1.000000
1724169392687315300,121,463.18,578.66,46.35,35.62,1,1,1.000000
1724169392759275500,1,428.41,545.51,298.78,66.67,1,2,1.000000
1724169392759275500,99,605.15,603.25,91.09,34.91,1,1,1.000000
1724169392819748200,1,423.52,543.81,302.97,66.61,1,2,1.000000
1724169392819748200,99,605.23,604.74,58.08,24.76,1,1,1.000000
1724169392819748200,107,659.33,608.70,37.00,22.64,1,1,1.000000
1724169392819748200,114,523.16,573.16,89.15,39.61,1,1,1.000000
1724169392819748200,122,454.73,570.28,24.62,19.17,1,1,1.000000
1724169392880047300,1,425.63,545.58,302.61,63.20,1,2,1.000000
1724169392880047300,99,603.81,606.52,52.17,22.85,1,1,1.000000
1724169392880047300,107,661.88,606.68,36.36,25.25,1,1,1.000000
1724169392880047300,114,525.29,577.73,87.45,36.16,1,1,1.000000
1724169392880047300,122,457.08,571.91,27.82,17.57,1,1,1.000000
1724169392934809900,1,427.81,545.64,301.22,65.02,1,2,1.000000
1724169392934809900,99,616.45,606.33,42.68,24.52,1,1,1.000000
1724169392934809900,107,673.13,607.41,25.43,24.52,1,1,1.000000
1724169392934809900,114,532.40,575.98,87.75,38.55,1,1,1.000000
1724169392934809900,122,458.10,574.61,31.28,17.37,1,1,1.000000
1724169393014998700,1,424.93,544.74,303.08,64.31,1,2,1.000000
1724169393014998700,99,623.42,604.81,41.92,28.27,1,1,1.000000
1724169393014998700,114,530.70,574.90,92.27,39.88,1,1,1.000000
1724169393014998700,122,455.13,573.70,33.21,19.92,1,1,1.000000
1724169393066427200,1,423.81,545.05,304.68,68.81,1,2,1.000000
1724169393066427200,114,528.77,578.90,107.80,42.93,1,1,1.000000
1724169393127829800,1,422.08,543.80,308.37,66.25,1,2,1.000000
1724169393127829800,99,637.87,610.80,55.65,21.97,1,1,1.000000
1724169393127829800,114,534.55,575.22,100.34,42.56,1,1,1.000000
1724169393127829800,122,458.57,572.41,23.10,20.06,1,1,1.000000
1724169393198593800,1,424.44,545.64,307.06,63.88,1,2,1.000000
1724169393198593800,99,639.92,615.21,29.54,17.51,1,1,1.000000
1724169393198593800,114,528.23,575.38,112.76,42.36,1,1,1.000000