588,1,1221.52,196.12,58.48000000000002,80.85000000000002,1,1,1.0
589,1,1200.5,184.4,79.5,110.11999999999998,1,1,1.0
590,1,1185.3,164.51,94.70000000000005,134.69,1,1,1.0
591,1,1166.83,158.39,113.20000000000005,140.63,1,1,1.0
592,1,1109.11,122.53,170.48000000000002,188.77,1,1,1.0
593,1,1073.15,102.7,207.26,207.44,1,1,1.0
594,1,1031.89,83.38,249.02999999999997,225.61,1,1,1.0
595,1,1019.29,71.56,261.4000000000001,235.39,1,1,1.0
596,1,1004.96,62.07,274.4200000000001,243.2,1,1,1.0
597,1,987.18,47.59,293.6,249.63000000000002,1,1,1.0
598,1,979.52,41.79,300.76,255.44000000000003,1,1,1.0
599,1,957.09,27.57,322.7099999999999,272.79,1,1,1.0
600,1,940.74,17.78,339.51,274.34000000000003,1,1,1.0
601,1,910.29,0.0,369.78999999999996,273.92,1,1,1.0
602,1,894.99,0.0,383.6400000000001,261.09,1,1,1.0
603,1,878.89,0.0,401.11,256.7,1,1,1.0
604,1,858.71,0.27,420.65999999999985,245.64999999999998,1,1,1.0
605,1,845.43,0.41,433.2800000000001,256.61999999999995,1,1,1.0
606,1,832.92,0.0,446.14,253.88,1,1,1.0
607,1,815.2,0.15,464.49,255.48999999999998,1,1,1.0
608,1,811.93,0.47,467.41999999999996,246.82,1,1,1.0
609,1,797.74,0.16,481.78999999999996,230.9,1,1,1.0
610,1,786.33,0.0,492.77999999999986,209.15,1,1,1.0
611,1,774.75,0.0,504.25,194.9,1,1,1.0
612,1,769.17,0.0,510.83000000000004,254.8,1,1,1.0
613,1,759.8,0.03,520.2,241.57,1,1,1.0
614,1,755.83,0.0,524.17,231.3,1,1,1.0
615,1,735.2,0.21,544.8,203.89,1,1,1.0
616,1,722.03,0.47,532.8700000000001,151.73,1,1,1.0
617,1,718.91,0.0,490.68999999999994,135.2,1,1,1.0
618,1,728.23,0.53,445.8699999999999,108.07,1,1,1.0
619,1,733.13,0.0,398.61,107.43,1,1,1.0
620,1,771.0,0.02,313.29999999999995,109.83,1,1,1.0
621,1,790.15,1.27,244.64999999999998,104.93,1,1,1.0
622,1,893.0,0.1,88.38,84.09,1,1,1.0
623,1,847.4,0.0,81.33000000000004,61.96,1,1,1.0
624,1,829.9,0.0,63.73000000000002,46.75,1,1,1.0
895,2,1224.16,384.15,55.83999999999992,55.99000000000001,1,1,1.0
896,2,1177.76,370.29,102.52999999999997,74.53999999999996,1,1,1.0
897,2,1153.49,366.65,126.50999999999999,81.25,1,1,1.0
898,2,1133.37,358.36,146.6300000000001,99.33999999999997,1,1,1.0
899,2,1115.2,351.12,164.79999999999995,104.48000000000002,1,1,1.0
900,2,1090.94,345.66,187.8499999999999,108.5,1,1,1.0
901,2,1072.28,336.98,206.95000000000005,116.64999999999998,1,1,1.0
902,2,1055.89,336.34,223.29999999999995,116.0,1,1,1.0
903,2,1044.86,335.42,235.0300000000002,122.69999999999999,1,1,1.0
904,2,1040.69,327.74,239.6099999999999,131.25,1,1,1.0
905,2,1038.11,324.51,242.0,134.07,1,1,1.0
906,2,1036.55,323.04,243.33000000000015,133.07999999999998,1,1,1.0
907,2,1029.4,314.36,250.14999999999986,126.80000000000001,1,1,1.0
908,2,1024.37,309.99,255.91000000000008,129.03999999999996,1,1,1.0
909,2,1022.78,303.54,257.49,131.03999999999996,1,1,1.0
910,2,1024.93,299.67,255.0,132.26,1,1,1.0
911,2,1024.99,290.88,255.01999999999998,138.8,1,1,1.0
912,2,1024.12,284.47,255.57000000000016,138.35999999999996,1,1,1.0
913,2,1010.83,258.15,269.2399999999999,160.74,1,1,1.0
914,2,997.7,252.35,282.68000000000006,158.21,1,1,1.0
915,2,980.68,258.73,299.12,141.63,1,1,1.0
916,2,960.62,251.17,319.38,147.47,1,1,1.0
917,2,939.35,243.67,340.7399999999999,143.43000000000004,1,1,1.0
918,2,917.28,238.32,362.30999999999995,146.04000000000002,1,1,1.0
919,2,885.01,228.91,393.53999999999996,143.44000000000003,1,1,1.0
920,2,840.53,215.92,438.70000000000005,129.74000000000004,1,1,1.0
921,2,791.44,201.04,488.14999999999986,128.32000000000002,1,1,1.0
922,2,769.46,196.43,508.8699999999999,126.69999999999999,1,1,1.0
923,2,744.71,191.58,533.9099999999999,136.54999999999998,1,1,1.0
924,2,716.15,184.79,563.4699999999999,147.85999999999999,1,1,1.0
925,2,690.69,175.89,589.27,145.5,1,1,1.0
926,2,660.99,173.49,604.78,131.90999999999997,1,1,1.0
927,2,638.89,167.86,576.4499999999999,141.55,1,1,1.0
928,2,612.3,162.56,580.4300000000001,151.37,1,1,1.0
929,2,589.26,159.43,567.9000000000001,151.33999999999997,1,1,1.0
930,2,558.17,157.34,564.09,157.30999999999997,1,1,1.0
931,2,533.02,152.44,532.1600000000001,158.99,1,1,1.0
932,2,472.2,149.77,513.76,149.85999999999999,1,1,1.0
933,2,457.66,147.25,499.74999999999994,136.74,1,1,1.0
934,2,433.25,150.51,482.48,122.10000000000002,1,1,1.0
935,2,404.16,153.25,481.7699999999999,111.06,1,1,1.0
936,2,381.93,153.36,464.72999999999996,103.13999999999999,1,1,1.0
937,2,356.55,153.12,460.16,103.98000000000002,1,1,1.0
938,2,329.75,154.22,464.30999999999995,102.41999999999999,1,1,1.0
939,2,307.56,153.12,451.60999999999996,102.49000000000001,1,1,1.0
940,2,281.74,152.13,452.58000000000004,102.14000000000001,1,1,1.0
941,2,249.72,153.38,457.42999999999995,100.36000000000001,1,1,1.0
942,2,222.68,150.65,465.08,106.24999999999997,1,1,1.0
943,2,178.56,150.29,473.40000000000003,121.81000000000003,1,1,1.0
944,2,163.75,146.13,469.94000000000005,124.49000000000001,1,1,1.0
945,2,131.31,142.9,468.40000000000003,120.77000000000001,1,1,1.0
946,2,116.71,142.54,466.2300000000001,116.50000000000003,1,1,1.0
947,2,105.43,142.27,457.94,111.20999999999998,1,1,1.0
948,2,94.93,140.76,460.52000000000004,109.18,1,1,1.0
949,2,67.82,135.64,467.43,105.52000000000001,1,1,1.0
950,2,51.64,134.31,470.71000000000004,103.34,1,1,1.0
951,2,36.27,133.71,469.36,99.17999999999998,1,1,1.0
952,2,4.12,132.82,474.85,102.06,1,1,1.0
953,2,0.19,128.74,449.06,111.75,1,1,1.0
954,2,0.38,130.07,436.43,116.29000000000002,1,1,1.0
955,2,1.0,129.32,417.62,111.67000000000002,1,1,1.0
956,2,0.37,130.39,399.82,110.42000000000002,1,1,1.0
957,2,0.13,129.77,392.74,108.66,1,1,1.0
958,2,0.23,129.04,380.53,107.23000000000002,1,1,1.0
959,2,0.0,127.5,370.22,107.35,1,1,1.0
960,2,0.53,128.19,352.72,104.12,1,1,1.0
961,2,0.0,127.22,336.75,102.82,1,1,1.0
962,2,0.0,125.76,312.8,102.96999999999998,1,1,1.0
963,2,0.0,123.92,293.81,104.92,1,1,1.0
964,2,0.0,129.2,275.9,96.74000000000001,1,1,1.0
965,2,0.0,149.87,235.26,77.5,1,1,1.0
966,2,0.0,146.13,187.41,75.0,1,1,1.0
967,2,0.0,144.08,165.31,76.91999999999999,1,1,1.0
968,2,0.0,141.29,140.68,74.33000000000001,1,1,1.0
969,2,0.23,138.61,115.83999999999999,74.33999999999997,1,1,1.0
970,2,0.55,127.17,68.8,81.17,1,1,1.0
971,2,0.0,124.59,40.99,81.16999999999999,1,1,1.0
1050,3,1196.66,516.68,83.33999999999992,64.48000000000002,1,1,1.0
1051,3,1185.99,512.67,93.90000000000009,72.24000000000001,1,1,1.0
1052,3,1161.77,509.57,118.67000000000007,76.53000000000003,1,1,1.0
1053,3,1142.48,509.11,137.93000000000006,82.76999999999998,1,1,1.0
1054,3,1124.15,503.57,156.3699999999999,91.37000000000006,1,1,1.0
1054,4,1223.89,81.89,56.1099999999999,64.8,1,1,1.0
1055,3,1106.43,503.93,173.76999999999998,96.65000000000003,1,1,1.0
1055,4,1211.15,74.0,68.15999999999985,80.21000000000001,1,1,1.0
1056,3,1088.83,502.73,190.99,100.31999999999994,1,1,1.0
1056,4,1192.82,67.15,86.92000000000007,88.54999999999998,1,1,1.0
1057,3,1071.79,503.55,208.35000000000014,100.40000000000003,1,1,1.0
1057,4,1178.43,62.7,101.37999999999988,91.77,1,1,1.0
1058,3,1035.39,495.05,244.92999999999984,103.20999999999998,1,1,1.0
1058,4,1152.45,50.07,127.43000000000006,106.54000000000002,1,1,1.0
1059,3,998.66,488.45,280.83000000000004,108.74000000000007,1,1,1.0
1059,4,1126.02,38.8,153.6500000000001,117.47000000000001,1,1,1.0
1060,3,981.17,483.49,298.0200000000001,113.96000000000004,1,1,1.0
1060,4,1114.28,36.79,165.31999999999994,118.30000000000001,1,1,1.0
1061,3,959.78,482.33,320.04999999999995,115.72999999999996,1,1,1.0
1061,4,1090.84,31.04,189.01999999999998,125.48000000000002,1,1,1.0
1062,3,938.29,484.22,342.28,113.37,1,1,1.0
1062,4,1076.23,27.94,203.53999999999996,128.62,1,1,1.0
1063,3,900.97,485.69,379.18000000000006,107.45999999999998,1,1,1.0
1063,4,1038.74,22.63,241.46000000000004,135.53,1,1,1.0
1064,3,884.09,482.88,395.4899999999999,110.84000000000003,1,1,1.0
1064,4,1021.1,14.28,259.5099999999999,144.48,1,1,1.0
1065,3,869.73,479.5,408.75,107.86000000000001,1,1,1.0
1065,4,1003.98,4.87,275.3699999999999,154.5,1,1,1.0
1066,3,856.73,474.24,422.3499999999999,112.89999999999998,1,1,1.0
1066,4,989.94,0.71,289.72,158.73,1,1,1.0
1067,3,840.15,470.71,438.7199999999999,111.24000000000007,1,1,1.0
1067,4,974.19,0.2,305.46000000000004,159.77,1,1,1.0
1067,5,1234.28,320.01,45.72000000000003,47.22000000000003,1,1,1.0
1068,3,827.45,464.34,451.6399999999999,116.69999999999999,1,1,1.0
1068,4,955.12,0.55,324.9899999999999,160.45,1,1,1.0
1068,5,1217.5,320.01,62.5,47.22000000000003,1,1,1.0
1069,3,807.13,460.58,471.81000000000006,116.68,1,1,1.0
1069,4,940.16,0.09,339.7500000000001,163.26,1,1,1.0
1069,5,1196.1,303.21,83.66000000000008,65.68,1,1,1.0
1070,3,791.36,457.9,485.83000000000004,115.87,1,1,1.0
1070,4,926.75,0.0,353.79999999999995,166.38,1,1,1.0
1070,5,1179.78,299.13,100.01999999999998,71.09000000000003,1,1,1.0
1071,3,755.94,454.16,521.4199999999998,131.47999999999996,1,1,1.0
1071,4,898.02,0.0,381.6700000000001,174.22,1,1,1.0
1071,5,1147.73,286.4,132.33999999999992,89.5,1,1,1.0
1072,3,737.46,455.09,528.24,120.04000000000002,1,1,1.0
1072,4,883.1,2.88,396.5099999999999,173.61,1,1,1.0
1072,5,1135.15,285.08,144.55999999999995,92.90000000000003,1,1,1.0
1073,3,718.35,454.85,522.35,105.69999999999993,1,1,1.0
1073,4,863.69,7.25,415.29999999999995,174.37,1,1,1.0
1073,5,1121.15,283.68,158.77999999999997,94.64999999999998,1,1,1.0
1074,3,701.34,455.22,480.26999999999987,104.44999999999993,1,1,1.0
1074,4,842.06,12.96,436.51,170.45999999999998,1,1,1.0
1074,5,1105.06,282.69,174.82000000000016,90.44999999999999,1,1,1.0
1075,3,662.01,439.01,451.8299999999999,121.75,1,1,1.0
1075,4,797.29,7.19,480.75,185.09,1,1,1.0
1075,5,1060.83,271.27,219.32000000000016,102.28000000000003,1,1,1.0
1076,3,637.02,437.83,444.1100000000001,119.40000000000003,1,1,1.0
1076,4,776.38,0.99,499.88,193.62,1,1,1.0
1076,5,1038.21,265.19,241.3599999999999,107.49000000000001,1,1,1.0
1077,3,616.03,447.98,452.48,100.18999999999994,1,1,1.0
1077,4,753.57,0.0,495.92999999999995,198.03,1,1,1.0
1077,5,1009.96,268.22,270.55999999999995,106.55999999999995,1,1,1.0
1078,3,592.11,442.27,472.9999999999999,109.06000000000006,1,1,1.0
1078,4,732.85,0.0,480.31000000000006,201.6,1,1,1.0
1078,5,980.31,270.82,299.25,103.63,1,1,1.0
1079,3,541.13,431.78,485.7500000000001,128.95000000000005,1,1,1.0
1079,4,684.34,14.78,474.88,198.34,1,1,1.0
1079,5,934.17,273.03,344.67999999999995,99.26000000000005,1,1,1.0
1080,3,491.47,428.3,476.23,133.18,1,1,1.0
1080,4,634.5,26.42,510.97,198.51999999999998,1,1,1.0
1080,5,885.0,278.39,394.52,90.73000000000002,1,1,1.0
1081,3,465.61,429.01,461.89,121.57000000000005,1,1,1.0
1081,4,604.47,30.24,526.6600000000001,202.25,1,1,1.0
1081,5,853.7,277.88,425.30999999999995,89.05000000000001,1,1,1.0
1082,3,410.21,429.81,448.90000000000003,97.58999999999997,1,1,1.0
1082,4,552.83,49.6,519.2199999999999,194.64000000000001,1,1,1.0
1082,5,798.5,276.42,443.9000000000001,93.31,1,1,1.0
1082,6,1149.92,0.0,130.07999999999993,54.4,1,1,1.0
1083,3,343.63,419.59,441.85,114.42000000000002,1,1,1.0
1083,4,493.37,59.77,490.90999999999997,198.43999999999997,1,1,1.0
1083,5,739.93,278.47,398.92999999999995,97.05999999999995,1,1,1.0
1083,6,1065.38,0.04,215.4599999999998,63.970000000000006,1,1,1.0
1083,7,1194.95,133.5,85.04999999999995,70.32,1,1,1.0
1084,3,305.56,416.05,439.72999999999996,124.32999999999998,1,1,1.0
1084,4,458.39,61.93,487.20000000000005,203.33999999999997,1,1,1.0
1084,5,712.07,282.64,380.39,86.57,1,1,1.0
1084,6,1033.97,0.0,245.8499999999999,68.24,1,1,1.0
1084,7,1171.61,123.52,108.33000000000015,84.53000000000002,1,1,1.0
1085,3,268.07,422.56,454.33,128.14000000000004,1,1,1.0
1085,4,427.68,67.12,477.58,207.32,1,1,1.0
1085,5,673.49,281.62,375.6700000000001,88.46999999999997,1,1,1.0
1085,6,994.23,0.0,285.55999999999995,71.14,1,1,1.0
1085,7,1132.85,118.4,147.2800000000002,95.66999999999999,1,1,1.0
1086,3,186.75,442.05,476.73,139.73999999999995,1,1,1.0
1086,4,358.21,80.54,463.7300000000001,210.94,1,1,1.0
1086,5,612.39,271.26,350.90999999999997,105.32,1,1,1.0
1086,6,916.16,0.03,363.06000000000006,80.02,1,1,1.0
1086,7,1060.75,112.32,219.51999999999998,105.52000000000001,1,1,1.0
1087,3,98.27,448.03,501.6700000000001,166.96000000000004,1,1,1.0
1087,4,290.22,93.95,469.25,214.05,1,1,1.0
1087,5,553.15,276.24,335.58000000000004,111.57999999999998,1,1,1.0
1087,6,840.14,0.0,437.2199999999999,90.91,1,1,1.0
1087,7,988.11,124.74,292.11,100.74,1,1,1.0
1088,3,0.14,446.06,532.41,203.38000000000005,1,1,1.0
1088,4,203.66,99.05,513.34,241.07999999999998,1,1,1.0
1088,5,490.39,281.98,382.68000000000006,121.82,1,1,1.0
1088,6,780.21,0.0,398.53,103.95,1,1,1.0
1088,7,943.83,129.91,336.03999999999985,104.67000000000002,1,1,1.0
1089,3,0.0,442.63,502.14,230.91999999999996,1,1,1.0
1089,4,173.64,116.35,504.58000000000004,238.29,1,1,1.0
1089,5,462.47,293.43,369.64,123.05000000000001,1,1,1.0
1089,6,748.13,0.0,400.15,107.7,1,1,1.0
1089,7,914.73,134.43,337.53,100.62,1,1,1.0
1090,3,0.36,439.21,481.59999999999997,239.88000000000005,1,1,1.0
1090,4,130.47,124.48,532.8299999999999,249.74,1,1,1.0
1090,5,431.89,312.81,368.64,107.0,1,1,1.0
1090,6,716.12,0.0,382.13,110.24,1,1,1.0
1090,7,887.09,144.29,331.41999999999996,102.79000000000002,1,1,1.0
1091,3,0.0,440.17,441.61,248.83999999999997,1,1,1.0
1091,4,102.82,126.53,550.0,258.98,1,1,1.0
1091,5,406.38,314.9,363.75,110.44,1,1,1.0
1091,6,692.44,0.0,375.70000000000005,116.26,1,1,1.0
1091,7,864.37,144.45,345.37,101.68,1,1,1.0
1092,3,0.0,451.46,379.53,244.16000000000003,1,1,1.0
1092,4,12.99,150.35,606.08,277.1,1,1,1.0
1092,5,352.99,313.94,367.58000000000004,122.0,1,1,1.0
1092,6,647.57,0.36,393.2499999999999,122.95,1,1,1.0
1092,7,831.04,153.18,371.79999999999995,100.35999999999999,1,1,1.0
1093,3,0.0,484.17,338.57,217.42000000000002,1,1,1.0
1093,4,0.0,163.25,566.71,288.73,1,1,1.0
1093,5,291.12,317.46,378.53999999999996,137.34000000000003,1,1,1.0
1093,6,595.27,15.35,396.58000000000004,120.66,1,1,1.0
1093,7,794.81,165.24,388.47,97.88999999999999,1,1,1.0
1094,3,0.0,501.77,305.96,199.99,1,1,1.0
1094,4,0.17,166.51,544.82,297.75,1,1,1.0
1094,5,262.93,322.64,380.45,144.43,1,1,1.0
1094,6,571.88,18.68,387.74,122.26999999999998,1,1,1.0
1094,7,780.43,168.73,387.98000000000013,100.03999999999999,1,1,1.0
1095,3,0.0,516.71,287.63,184.49,1,1,1.0
1095,4,0.0,165.84,517.11,306.13,1,1,1.0
1095,5,232.39,331.15,397.69000000000005,145.44,1,1,1.0
1095,6,543.11,25.36,387.21000000000004,121.25000000000001,1,1,1.0
1095,7,764.51,172.4,383.69000000000005,99.35,1,1,1.0
1096,3,0.0,532.04,253.06,159.39,1,1,1.0
1096,4,0.0,171.13,493.35,309.71,1,1,1.0
1096,5,197.09,347.36,426.6,143.76,1,1,1.0
1096,6,518.2,26.65,380.90999999999997,121.09,1,1,1.0
1096,7,753.42,172.6,374.13,101.04999999999998,1,1,1.0
1097,3,0.0,539.15,227.49,148.07000000000005,1,1,1.0
1097,4,0.0,175.78,470.16,302.6,1,1,1.0
1097,5,166.26,358.01,436.13,147.47000000000003,1,1,1.0
1097,6,494.21,28.04,382.8,124.26000000000002,1,1,1.0
1097,7,735.91,172.25,370.68999999999994,105.88999999999999,1,1,1.0
1098,3,0.0,532.21,197.04,152.3499999999999,1,1,1.0
1098,4,0.0,184.69,444.05,301.7,1,1,1.0
1098,5,147.23,369.67,441.53999999999996,141.99,1,1,1.0
1098,6,468.37,27.75,379.65,124.27000000000001,1,1,1.0
1098,7,720.75,170.39,362.54999999999995,109.12,1,1,1.0
1099,3,0.0,536.66,167.97,148.45000000000005,1,1,1.0
1099,4,0.0,194.7,431.6,297.22,1,1,1.0
1099,5,101.23,371.66,462.5,153.06,1,1,1.0
1099,6,445.87,28.83,380.97,123.23,1,1,1.0
1099,7,703.37,168.89,354.44999999999993,112.30000000000001,1,1,1.0
1100,3,0.0,542.01,139.07,117.44000000000005,1,1,1.0
1100,4,0.0,204.37,433.98,291.02,1,1,1.0
1100,5,79.12,372.95,461.97,156.85999999999996,1,1,1.0
1100,6,419.05,25.52,410.14000000000004,125.54,1,1,1.0
1100,7,693.56,170.31,352.4000000000001,112.82999999999998,1,1,1.0
1101,3,0.0,557.62,100.97,96.86000000000001,1,1,1.0
1101,4,0.21,215.41,410.44,266.32000000000005,1,1,1.0
1101,5,38.01,367.23,480.37,174.67999999999995,1,1,1.0
1101,6,391.93,26.53,433.24999999999994,125.49000000000001,1,1,1.0
1101,7,675.24,170.08,345.03999999999996,115.66,1,1,1.0
1102,3,1.11,574.78,61.88,82.55000000000007,1,1,1.0
1102,4,0.0,231.73,392.08,248.12000000000003,1,1,1.0
1102,5,0.0,365.66,500.19,180.96999999999997,1,1,1.0
1102,6,359.42,24.27,452.17,127.8,1,1,1.0
1102,7,659.72,163.56,344.63,122.42000000000002,1,1,1.0
1102,8,1245.08,303.01,34.92000000000007,35.05000000000001,1,1,1.0
1102,9,1230.23,46.06,49.76999999999998,55.14,1,1,1.0
1103,4,0.0,246.1,357.45,230.66,1,1,1.0
1103,5,0.0,361.69,468.51,203.59999999999997,1,1,1.0
1103,6,324.34,21.44,468.9800000000001,132.43,1,1,1.0
1103,7,646.32,168.99,351.42999999999995,122.98000000000002,1,1,1.0
1103,8,1230.88,282.67,49.26999999999998,48.849999999999966,1,1,1.0
1103,9,1216.32,34.4,63.600000000000136,63.76,1,1,1.0
1104,4,0.28,273.91,301.96000000000004,183.64,1,1,1.0
1104,5,0.0,359.87,425.04,211.87,1,1,1.0
1104,6,244.76,11.75,477.85,140.73,1,1,1.0
1104,7,614.12,165.06,374.37,128.08999999999997,1,1,1.0
1104,8,1217.93,277.8,61.950000000000045,52.95999999999998,1,1,1.0
1104,9,1173.74,24.11,106.33999999999992,74.83,1,1,1.0
1105,4,0.0,265.16,255.07,188.81,1,1,1.0
1105,5,0.0,375.37,391.7,201.71000000000004,1,1,1.0
1105,6,171.9,10.22,494.78,143.72,1,1,1.0
1105,7,588.32,166.83,382.4899999999999,129.19999999999996,1,1,1.0
1105,8,1206.71,269.9,73.5,56.610000000000014,1,1,1.0
1105,9,1161.51,15.15,118.50999999999999,78.82,1,1,1.0
1106,4,0.1,263.06,232.43,185.42000000000002,1,1,1.0
1106,5,0.13,385.76,379.11,190.14999999999998,1,1,1.0
1106,6,138.96,8.64,497.62,140.99,1,1,1.0
1106,7,575.8,163.94,377.81000000000006,134.81,1,1,1.0
1106,8,1205.69,272.89,74.24000000000001,51.420000000000016,1,1,1.0
1106,9,1158.49,5.85,121.50999999999999,84.83000000000001,1,1,1.0
1107,4,0.05,266.3,217.98999999999998,187.28999999999996,1,1,1.0
1107,5,0.0,393.95,368.08,188.45,1,1,1.0
1107,6,105.24,3.61,512.98,148.92,1,1,1.0
1107,7,568.42,161.71,373.6600000000001,139.60999999999999,1,1,1.0
1107,8,1216.05,268.91,63.600000000000136,51.45999999999998,1,1,1.0
1107,9,1165.54,1.86,114.34000000000015,84.82000000000001,1,1,1.0
1108,4,0.37,271.58,200.98,190.59000000000003,1,1,1.0
1108,5,0.07,403.63,358.08,180.95000000000005,1,1,1.0
1108,6,71.53,3.08,539.58,148.48999999999998,1,1,1.0
1108,7,557.25,157.53,375.95000000000005,145.80999999999997,1,1,1.0
1108,8,1220.58,267.37,59.200000000000045,51.120000000000005,1,1,1.0
1108,9,1169.53,0.65,110.38000000000011,85.55999999999999,1,1,1.0
1109,4,0.0,278.1,183.09,183.25,1,1,1.0
1109,5,0.0,406.26,343.7,179.40999999999997,1,1,1.0
1109,6,38.07,4.39,573.1899999999999,150.24,1,1,1.0
1109,7,546.91,157.07,372.9100000000001,152.16000000000003,1,1,1.0
1109,8,1220.93,267.1,59.069999999999936,52.41999999999996,1,1,1.0
1109,9,1165.62,0.22,114.25,82.13,1,1,1.0
1110,4,0.0,285.6,170.08,174.63,1,1,1.0
1110,5,0.0,400.97,334.28,191.66999999999996,1,1,1.0
1110,6,0.0,5.35,607.31,151.56,1,1,1.0
1110,7,539.47,153.9,372.64,159.33,1,1,1.0
1110,8,1226.8,266.97,53.00999999999999,50.329999999999984,1,1,1.0
1110,9,1163.03,0.0,116.62000000000012,80.5,1,1,1.0
1111,4,0.0,300.07,153.49,167.68,1,1,1.0
1111,5,0.0,395.94,317.94,193.28000000000003,1,1,1.0
1111,6,0.45,7.21,590.49,152.23999999999998,1,1,1.0
1111,7,532.67,155.52,369.6,159.45000000000002,1,1,1.0
1111,8,1233.19,271.51,46.659999999999854,48.06999999999999,1,1,1.0
1111,9,1158.44,0.0,120.98000000000002,80.83,1,1,1.0
1112,4,0.0,314.38,145.92,152.51999999999998,1,1,1.0
1112,5,0.0,392.3,307.17,195.95999999999998,1,1,1.0
1112,6,0.0,8.24,575.11,153.23,1,1,1.0
1112,7,528.32,153.68,369.9,168.69,1,1,1.0
1112,8,1239.11,273.54,41.00999999999999,41.589999999999975,1,1,1.0
1112,9,1156.15,0.14,123.66999999999985,80.53,1,1,1.0
1113,4,0.32,350.59,133.95000000000002,157.31,1,1,1.0
1113,5,0.0,391.66,285.91,191.53000000000003,1,1,1.0
1113,6,0.0,0.36,532.93,164.60999999999999,1,1,1.0
1113,7,516.39,159.93,391.6,175.68,1,1,1.0
1113,9,1151.94,0.23,127.71000000000004,80.31,1,1,1.0
1114,4,0.22,365.93,122.35,140.90999999999997,1,1,1.0
1114,5,0.0,392.61,279.24,192.74,1,1,1.0
1114,6,0.0,0.0,517.61,167.43,1,1,1.0
1114,7,511.12,163.55,403.28999999999996,177.77999999999997,1,1,1.0
1114,9,1152.86,0.0,126.75,81.09,1,1,1.0
1115,4,0.12,394.04,99.47999999999999,99.59999999999997,1,1,1.0
1115,5,0.0,398.54,261.97,189.96999999999997,1,1,1.0
1115,6,0.38,0.0,476.0,175.15,1,1,1.0
1115,7,493.26,175.04,423.56000000000006,171.98,1,1,1.0
1115,9,1153.57,0.0,126.5,85.76,1,1,1.0
1116,4,0.08,389.4,90.38,100.93,1,1,1.0
1116,5,0.0,403.5,257.46,190.22000000000003,1,1,1.0
1116,6,0.0,0.0,450.67,176.3,1,1,1.0
1116,7,484.98,177.4,420.31999999999994,169.72,1,1,1.0
1116,9,1155.73,0.0,124.22000000000003,89.35,1,1,1.0
1117,4,0.0,388.39,80.85,100.04000000000002,1,1,1.0
1117,5,0.0,408.55,255.16,184.66000000000003,1,1,1.0
1117,6,0.0,0.0,443.65,179.74,1,1,1.0
1117,7,474.99,177.58,420.03,169.74999999999997,1,1,1.0
1117,9,1156.37,0.0,123.46000000000004,89.65,1,1,1.0
1118,4,0.0,400.47,72.65,88.71999999999997,1,1,1.0
1118,5,0.0,416.23,247.18,171.26,1,1,1.0
1118,6,0.0,0.0,432.52,183.1,1,1,1.0
1118,7,469.06,176.66,418.11999999999995,172.79,1,1,1.0
1118,9,1159.75,0.05,120.17000000000007,87.89,1,1,1.0
1119,4,0.89,418.52,63.67,74.08000000000004,1,1,1.0
1119,5,0.05,418.89,237.73999999999998,163.08000000000004,1,1,1.0
1119,6,0.0,0.67,417.31,183.64000000000001,1,1,1.0
1119,7,460.73,177.56,417.87,171.2,1,1,1.0
1119,9,1161.14,0.0,118.91999999999985,87.91,1,1,1.0
1120,4,0.89,418.52,66.91,73.28000000000003,1,1,1.0
1120,5,0.0,419.21,236.0,168.69,1,1,1.0
1120,6,0.0,7.59,405.81,176.24,1,1,1.0
1120,7,459.62,177.93,412.73,171.54000000000002,1,1,1.0
1120,9,1163.84,0.0,116.0,86.75,1,1,1.0
1121,4,0.8,460.86,58.21,65.29999999999995,1,1,1.0
1121,5,0.0,407.85,231.66,183.15999999999997,1,1,1.0
1121,6,0.0,16.27,380.98,173.42999999999998,1,1,1.0
1121,7,447.28,178.68,421.1600000000001,177.36,1,1,1.0
1121,9,1161.84,0.0,118.18000000000006,84.8,1,1,1.0
1122,4,0.0,473.6,49.42,53.360000000000014,1,1,1.0
1122,5,0.0,409.72,223.26,179.10000000000002,1,1,1.0
1122,6,0.0,16.78,368.7,171.15,1,1,1.0
1122,7,442.95,184.72,435.93,173.36999999999998,1,1,1.0
1122,9,1159.59,0.02,120.49000000000001,82.46000000000001,1,1,1.0
1123,4,0.0,509.56,51.82,53.349999999999966,1,1,1.0
1123,5,0.0,420.85,214.46,161.11,1,1,1.0
1123,6,0.0,28.29,357.49,155.94,1,1,1.0
1123,7,428.53,203.86,457.47,167.11,1,1,1.0
1123,9,1152.11,0.1,127.92000000000007,80.94000000000001,1,1,1.0
1124,5,0.0,423.88,213.44,155.78999999999996,1,1,1.0
1124,6,0.0,34.99,352.23,157.73,1,1,1.0
1124,7,425.04,210.24,462.31,161.83999999999997,1,1,1.0
1124,9,1148.8,0.14,130.95000000000005,79.0,1,1,1.0
1125,5,0.0,448.19,213.87,131.59999999999997,1,1,1.0
1125,6,0.0,48.58,337.79,154.26999999999998,1,1,1.0
1125,7,420.53,217.67,460.56000000000006,164.83,1,1,1.0
1125,9,1158.38,0.0,121.92999999999984,81.43,1,1,1.0
1126,5,0.0,458.98,210.33,133.62,1,1,1.0
1126,6,0.0,51.07,318.49,146.23000000000002,1,1,1.0
1126,7,411.02,215.2,461.56000000000006,170.11,1,1,1.0
1126,9,1158.4,0.0,121.93999999999983,80.83,1,1,1.0
1127,5,0.0,476.1,205.01,111.66999999999996,1,1,1.0
1127,6,0.0,48.93,299.55,151.23,1,1,1.0
1127,7,403.1,221.98,457.90999999999997,166.63000000000002,1,1,1.0
1127,9,1157.93,0.0,122.20000000000005,81.52,1,1,1.0
1128,5,0.0,497.39,171.04,94.43000000000006,1,1,1.0
1128,6,0.01,62.02,264.44,130.2,1,1,1.0
1128,7,377.16,219.22,454.42,186.92,1,1,1.0
1128,9,1143.53,0.0,136.26,82.05,1,1,1.0
1129,5,0.0,501.72,155.59,90.27999999999997,1,1,1.0
1129,6,0.0,70.68,241.19,115.79999999999998,1,1,1.0
1129,7,361.04,226.91,456.49999999999994,187.81000000000003,1,1,1.0
1129,9,1129.79,0.0,149.59000000000015,83.94,1,1,1.0
1130,5,0.0,506.82,131.88,82.63000000000005,1,1,1.0
1130,6,0.0,79.98,213.71,116.27999999999999,1,1,1.0
1130,7,345.59,229.27,456.86000000000007,192.73,1,1,1.0
1130,9,1110.5,0.0,169.32999999999993,85.03,1,1,1.0
1131,5,0.0,507.4,109.05,80.00999999999999,1,1,1.0
1131,6,0.0,88.08,181.66,100.80999999999999,1,1,1.0
1131,7,320.62,236.22,469.23,195.60999999999999,1,1,1.0
1131,9,1091.1,0.0,188.69000000000005,87.74,1,1,1.0
1132,5,0.01,516.6,96.25,67.64999999999998,1,1,1.0
1132,6,0.0,94.17,137.53,91.11,1,1,1.0
1132,7,294.48,242.17,484.37,202.77,1,1,1.0
1132,9,1067.14,0.0,212.8699999999999,89.91,1,1,1.0
1133,5,0.21,517.78,79.4,73.44000000000005,1,1,1.0
1133,6,0.6,99.45,103.75,95.18999999999998,1,1,1.0
1133,7,277.95,246.78,487.54,208.77,1,1,1.0
1133,9,1041.4,0.0,238.6099999999999,92.7,1,1,1.0
1134,5,0.25,530.03,65.53,75.83000000000004,1,1,1.0
1134,6,0.14,112.42,57.19,80.74999999999999,1,1,1.0
1134,7,255.83,253.89,497.25,216.13,1,1,1.0
1134,9,1021.69,0.07,259.1399999999999,94.42,1,1,1.0
1135,7,234.69,267.07,501.72999999999996,212.72000000000003,1,1,1.0
1135,9,1000.99,0.16,278.80999999999995,95.01,1,1,1.0
1136,7,192.21,283.77,503.63,215.02000000000004,1,1,1.0
1136,9,962.45,0.0,317.8499999999999,101.9,1,1,1.0
1137,7,163.81,294.52,514.6400000000001,214.54000000000002,1,1,1.0
1137,9,944.5,0.0,334.97,102.72,1,1,1.0
1138,7,150.81,298.58,516.4000000000001,213.36,1,1,1.0
1138,9,927.51,0.0,352.5999999999999,104.27,1,1,1.0
1139,7,123.87,296.69,514.43,226.40000000000003,1,1,1.0
1139,9,908.31,0.0,371.3600000000001,107.12,1,1,1.0
1140,7,104.13,301.13,515.04,227.08000000000004,1,1,1.0
1140,9,887.92,0.0,391.68999999999994,111.15,1,1,1.0
1140,10,1230.64,252.38,49.3599999999999,56.160000000000025,1,1,1.0
1141,7,69.85,304.55,524.29,235.94,1,1,1.0
1141,9,857.58,0.0,422.08000000000004,115.18,1,1,1.0
1141,10,1194.51,246.32,85.24000000000001,63.72000000000003,1,1,1.0
1142,7,44.26,304.93,527.34,239.17000000000002,1,1,1.0
1142,9,845.18,0.0,434.12,120.81,1,1,1.0
1142,10,1166.18,238.72,113.98000000000002,75.4,1,1,1.0
1143,7,26.3,321.25,525.75,235.44000000000005,1,1,1.0
1143,9,817.84,0.0,461.4599999999999,127.02,1,1,1.0
1143,10,1136.23,233.45,143.75,91.41000000000003,1,1,1.0
1144,7,0.0,333.57,520.74,234.81,1,1,1.0
1144,9,797.76,0.0,480.68000000000006,132.98,1,1,1.0
1144,10,1108.62,229.35,171.57000000000016,106.48999999999998,1,1,1.0
1144,11,1210.75,441.92,69.25,60.839999999999975,1,1,1.0
1145,7,0.0,345.0,507.29,233.97000000000003,1,1,1.0
1145,9,771.94,0.23,487.79999999999995,134.86,1,1,1.0
1145,10,1080.15,227.38,199.75,125.37,1,1,1.0
1145,11,1190.49,438.08,89.90000000000009,70.69999999999999,1,1,1.0
1146,7,0.0,354.73,491.59,227.79999999999995,1,1,1.0
1146,9,748.72,0.0,477.53999999999996,140.24,1,1,1.0
1146,10,1058.37,224.24,221.31000000000017,131.24,1,1,1.0
1146,11,1170.11,433.08,110.13000000000011,74.80000000000001,1,1,1.0
1147,7,0.0,382.76,447.08,219.10000000000002,1,1,1.0
1147,9,703.77,2.48,457.44000000000005,141.82000000000002,1,1,1.0
1147,10,994.42,215.07,285.15,136.03000000000003,1,1,1.0
1147,11,1118.67,429.56,161.03999999999996,89.81,1,1,1.0
1148,7,0.0,394.98,419.76,205.86,1,1,1.0
1148,9,679.3,6.57,446.4000000000001,140.25,1,1,1.0
1148,10,978.91,207.48,300.9900000000001,145.32000000000002,1,1,1.0
1148,11,1094.23,426.08,185.26999999999998,96.44999999999999,1,1,1.0
1148,12,1165.4,341.03,114.59999999999991,34.48000000000002,1,1,1.0
1149,7,0.0,400.98,357.84,197.30999999999995,1,1,1.0
1149,9,630.13,14.1,443.56000000000006,132.79,1,1,1.0
1149,10,933.44,224.1,346.55999999999995,129.00000000000003,1,1,1.0
1149,11,1037.06,421.38,243.33000000000015,88.17000000000002,1,1,1.0
1149,12,1114.1,330.5,165.9000000000001,45.00999999999999,1,1,1.0
1149,13,1161.62,200.84,118.38000000000011,45.44999999999999,1,1,1.0
1150,7,0.0,406.56,334.53,191.04000000000002,1,1,1.0
1150,9,606.19,14.77,445.03999999999996,135.76999999999998,1,1,1.0
1150,10,911.01,225.4,368.6500000000001,129.49999999999997,1,1,1.0
1150,11,1018.92,414.03,261.2400000000001,98.58000000000004,1,1,1.0
1150,14,1215.43,0.0,64.56999999999994,62.83,1,1,1.0
1150,12,1105.0,306.6,175.0,68.90999999999997,1,1,1.0
1150,13,1145.0,192.1,135.0,54.19,1,1,1.0
1151,7,0.0,409.48,311.17,190.06999999999994,1,1,1.0
1151,9,582.42,18.94,446.2500000000001,134.46,1,1,1.0
1151,10,884.79,226.7,394.59000000000015,129.90000000000003,1,1,1.0
1151,11,994.27,410.0,285.70000000000005,103.80999999999995,1,1,1.0
1151,14,1187.55,0.03,91.83000000000015,73.24,1,1,1.0
1151,12,1085.9,306.05,193.37999999999988,66.63,1,1,1.0
1151,13,1123.2,191.2,156.79999999999995,58.60000000000002,1,1,1.0
1152,7,0.0,412.16,280.11,183.47999999999996,1,1,1.0
1152,9,554.33,24.85,449.06999999999994,128.33,1,1,1.0
1152,10,856.11,226.0,421.9699999999999,133.33999999999997,1,1,1.0
1152,11,971.87,405.39,308.14,104.24000000000001,1,1,1.0
1152,14,1157.26,0.5,122.19000000000005,81.5,1,1,1.0
1152,12,1048.29,298.77,231.59000000000015,74.75,1,1,1.0
1152,13,1086.5,184.3,193.5,69.89999999999998,1,1,1.0
1153,7,0.0,425.59,250.46,173.08999999999997,1,1,1.0
1153,9,532.24,32.14,439.06999999999994,123.08,1,1,1.0
1153,10,827.41,225.0,452.2800000000001,131.05,1,1,1.0
1153,11,943.57,402.68,336.15,105.30000000000001,1,1,1.0
1153,14,1133.81,0.15,146.01999999999998,83.49,1,1,1.0
1153,12,1030.89,292.85,249.0999999999999,77.07999999999998,1,1,1.0
1153,13,1049.8,174.7,230.20000000000005,78.60000000000002,1,1,1.0
1154,7,0.07,430.59,215.06,162.32999999999998,1,1,1.0
1154,9,505.96,34.93,433.46999999999997,118.16999999999999,1,1,1.0
1154,10,797.67,230.4,481.2400000000001,125.35999999999999,1,1,1.0
1154,11,915.14,401.19,364.83000000000004,103.78000000000003,1,1,1.0
1154,14,1106.32,0.0,174.0,82.53,1,1,1.0
1154,12,1002.17,284.6,277.65,85.17999999999995,1,1,1.0
1154,13,1025.75,174.7,254.25,86.0,1,1,1.0
1155,7,0.0,436.05,174.28,150.10999999999996,1,1,1.0
1155,9,473.55,36.8,432.42,116.8,1,1,1.0
1155,10,764.92,222.2,479.17999999999995,135.10000000000002,1,1,1.0
1155,11,889.74,402.56,389.29999999999995,97.89999999999998,1,1,1.0
1155,14,1076.71,0.0,203.19000000000005,81.24,1,1,1.0
1155,12,978.86,278.33,302.0300000000001,91.04000000000002,1,1,1.0
1155,13,1001.7,174.7,278.29999999999995,93.40000000000003,1,1,1.0
1155,15,1151.41,672.53,128.58999999999992,47.47000000000003,1,1,1.0
1156,7,0.0,449.98,144.25,112.05999999999995,1,1,1.0
1156,9,445.26,40.85,428.57000000000005,112.9,1,1,1.0
1156,10,739.4,216.9,460.30000000000007,140.84,1,1,1.0
1156,11,862.77,399.85,416.18000000000006,96.94,1,1,1.0
1156,14,1044.04,0.0,235.85000000000014,83.23,1,1,1.0
1156,12,955.16,274.56,325.68999999999994,95.50999999999999,1,1,1.0
1156,13,985.1,174.7,294.9,89.10000000000002,1,1,1.0
1156,15,1138.82,671.27,141.18000000000006,48.73000000000002,1,1,1.0
1157,7,0.19,468.95,97.22,102.44999999999999,1,1,1.0
1157,16,1201.92,524.8,78.05999999999995,58.56000000000006,1,1,1.0
1157,9,420.6,34.89,416.80999999999995,118.57000000000001,1,1,1.0
1157,10,710.64,215.5,443.9599999999999,142.24,1,1,1.0
1157,11,835.46,380.44,442.5899999999999,115.79000000000002,1,1,1.0
1157,14,1014.3,0.0,265.70000000000005,86.52,1,1,1.0
1157,12,936.21,273.63,344.22,97.78000000000003,1,1,1.0
1157,13,965.0,174.7,315.0,88.19999999999999,1,1,1.0
1157,15,1103.39,654.17,176.67999999999984,65.59000000000003,1,1,1.0
1158,16,1173.25,520.66,106.81999999999994,62.620000000000005,1,1,1.0
1158,9,389.94,34.59,418.82,119.47999999999999,1,1,1.0
1158,10,680.2,210.7,434.39999999999986,146.40000000000003,1,1,1.0
1158,11,798.8,361.6,441.0,129.0,1,1,1.0
1158,14,983.84,0.0,295.27999999999986,84.94,1,1,1.0
1158,12,913.34,270.58,364.93999999999994,100.29000000000002,1,1,1.0
1158,13,927.4,174.7,352.6,84.69999999999999,1,1,1.0
1158,15,1078.09,646.92,201.47000000000003,72.10000000000002,1,1,1.0
1159,16,1122.8,504.04,156.8800000000001,63.24999999999994,1,1,1.0
1159,9,326.79,37.84,421.68,114.50999999999999,1,1,1.0
1159,10,622.93,232.56,417.4,121.69999999999999,1,1,1.0
1159,11,754.42,360.88,401.65999999999997,125.19,1,1,1.0
1159,14,919.03,0.0,359.70000000000005,84.2,1,1,1.0
1159,12,854.71,262.77,394.75,109.06,1,1,1.0
1159,13,859.2,158.97,420.79999999999995,102.13000000000002,1,1,1.0
1159,15,1017.23,621.08,262.46000000000004,94.24000000000001,1,1,1.0
1160,16,1096.86,490.92,183.30000000000018,71.66000000000003,1,1,1.0
1160,9,297.1,34.23,418.02,119.24000000000001,1,1,1.0
1160,10,592.69,235.94,426.91999999999996,123.13999999999999,1,1,1.0
1160,11,724.19,373.35,411.0799999999999,112.67999999999995,1,1,1.0
1160,14,890.02,0.0,380.94000000000005,83.92,1,1,1.0
1160,12,831.89,259.64,368.64,114.34000000000003,1,1,1.0
1160,13,828.84,164.78,407.7099999999999,104.83000000000001,1,1,1.0
1160,15,994.49,613.86,285.23,87.09000000000003,1,1,1.0
1161,16,1072.75,485.26,207.22000000000003,72.62,1,1,1.0
1161,9,261.52,36.43,421.53999999999996,118.26999999999998,1,1,1.0
1161,10,556.79,234.5,444.36,127.70999999999998,1,1,1.0
1161,11,702.65,378.99,412.9599999999999,108.43,1,1,1.0
1161,14,859.19,0.05,358.46000000000004,82.73,1,1,1.0
1161,12,814.02,244.18,344.96000000000004,131.06,1,1,1.0
1161,13,797.15,162.62,390.32000000000005,105.00999999999999,1,1,1.0
1161,15,964.81,605.25,315.07000000000016,86.62,1,1,1.0
1162,16,1045.94,476.86,234.01999999999998,76.80999999999995,1,1,1.0
1162,9,228.35,37.4,430.03999999999996,117.82,1,1,1.0
1162,10,529.85,237.83,447.66999999999996,128.39000000000001,1,1,1.0
1162,11,676.39,378.92,419.93999999999994,113.53999999999996,1,1,1.0
1162,14,825.0,0.0,353.45000000000005,84.17,1,1,1.0
1162,12,787.5,243.82,332.8399999999999,121.49000000000001,1,1,1.0
1162,13,767.24,161.03,388.93000000000006,103.41,1,1,1.0
1162,15,941.8,601.33,336.10000000000014,74.83999999999992,1,1,1.0
1163,17,0.0,223.5,33.45,151.05,1,1,1.0
1163,16,1022.25,475.83,258.27,73.67000000000002,1,1,1.0
1163,9,194.39,36.97,439.09000000000003,119.14000000000001,1,1,1.0
1163,10,501.27,240.96,443.08000000000004,127.65,1,1,1.0
1163,11,645.55,381.5,424.6500000000001,117.18,1,1,1.0
1163,14,803.24,0.0,343.8799999999999,84.15,1,1,1.0
1163,12,768.41,248.16,324.9599999999999,120.28999999999999,1,1,1.0
1163,13,745.87,160.43,370.5100000000001,106.59999999999997,1,1,1.0
1163,15,913.71,593.16,363.6700000000001,76.21000000000004,1,1,1.0
1164,16,995.6,471.79,284.2399999999999,73.93,1,1,1.0
1164,9,156.9,33.34,442.6700000000001,123.50999999999999,1,1,1.0
1164,10,467.81,242.2,433.19,128.34000000000003,1,1,1.0
1164,11,622.37,383.39,414.7499999999999,117.05000000000001,1,1,1.0
1164,14,774.22,0.0,341.28,85.07,1,1,1.0
1164,12,747.03,251.02,328.8600000000001,115.78,1,1,1.0
1164,13,721.05,160.35,351.58000000000015,114.14000000000001,1,1,1.0
1164,15,893.96,586.47,369.28,84.25999999999999,1,1,1.0
1165,16,972.72,468.05,307.1399999999999,74.89000000000004,1,1,1.0
1165,9,127.94,31.85,449.28000000000003,123.61000000000001,1,1,1.0
1165,10,435.74,242.44,441.78,129.35000000000002,1,1,1.0
1165,11,603.35,383.27,401.15999999999997,119.75,1,1,1.0
1165,14,753.25,0.0,352.1099999999999,86.03,1,1,1.0
1165,12,726.98,252.84,324.72,112.15,1,1,1.0
1165,13,707.0,159.3,343.70000000000005,113.75,1,1,1.0
1165,15,876.18,581.28,378.46000000000015,89.74000000000001,1,1,1.0
1166,16,958.97,466.41,320.76,73.04000000000002,1,1,1.0
1166,9,89.79,32.88,467.99999999999994,122.64000000000001,1,1,1.0
1166,10,403.45,241.83,443.93,133.04,1,1,1.0
1166,11,580.59,374.67,389.86,126.59999999999997,1,1,1.0
1166,14,730.86,0.0,361.7900000000001,87.31,1,1,1.0
1166,12,707.66,262.4,309.22,108.44,1,1,1.0
1166,13,675.81,159.8,350.99,113.11000000000001,1,1,1.0
1166,15,854.6,579.95,371.08000000000004,99.68999999999994,1,1,1.0
1167,16,937.62,462.64,339.9699999999999,77.71000000000004,1,1,1.0
1167,9,59.12,30.2,476.54999999999995,126.42,1,1,1.0
1167,10,376.24,242.0,441.16999999999996,138.18,1,1,1.0
1167,11,558.1,369.48,379.73,134.71999999999997,1,1,1.0
1167,14,714.29,0.0,363.8299999999999,89.2,1,1,1.0
1167,12,692.43,265.4,314.44000000000005,106.13,1,1,1.0
1167,13,643.69,163.98,368.65999999999997,115.84,1,1,1.0
1167,15,833.0,576.71,351.74,93.33999999999992,1,1,1.0
1168,16,916.37,459.6,338.67999999999995,83.76999999999998,1,1,1.0
1168,9,24.84,31.13,493.64000000000004,125.16,1,1,1.0
1168,10,347.65,237.72,440.27,147.17999999999998,1,1,1.0
1168,11,535.02,366.65,382.38,139.76000000000005,1,1,1.0
1168,14,692.36,0.0,367.9999999999999,91.19,1,1,1.0
1168,12,672.78,267.23,333.56000000000006,108.25,1,1,1.0
1168,13,624.86,167.82,381.09000000000003,115.82999999999998,1,1,1.0
1168,15,815.37,578.81,349.64,81.3900000000001,1,1,1.0
1169,16,904.41,458.98,328.39,81.90999999999997,1,1,1.0
1169,9,0.34,33.08,490.94,125.36999999999999,1,1,1.0
1169,10,317.09,239.73,441.71,154.19000000000003,1,1,1.0
1169,11,515.89,360.38,371.6,148.63,1,1,1.0
1169,14,671.55,0.22,372.10000000000014,91.29,1,1,1.0
1169,12,666.52,275.3,329.44000000000005,103.07,1,1,1.0
1169,13,600.12,174.8,398.0,109.44,1,1,1.0
1169,15,793.06,577.46,355.79999999999995,81.29999999999995,1,1,1.0
1170,16,882.81,459.97,322.8800000000001,79.52999999999997,1,1,1.0
1170,9,1.13,31.25,466.55,128.73,1,1,1.0
1170,10,283.17,249.74,439.19,150.89,1,1,1.0
1170,11,485.31,362.17,375.59,155.3,1,1,1.0
1170,14,652.51,0.38,366.02,93.18,1,1,1.0
1170,12,648.67,278.4,337.88,103.15000000000003,1,1,1.0
1170,13,577.12,178.79,399.93999999999994,112.47,1,1,1.0
1170,15,777.26,575.95,325.31999999999994,83.41999999999996,1,1,1.0
1171,16,866.11,459.21,314.2900000000001,79.63000000000005,1,1,1.0
1171,9,0.0,32.86,446.85,128.70999999999998,1,1,1.0
1171,10,247.21,255.91,464.53999999999996,157.71,1,1,1.0
1171,11,464.46,367.43,369.55,151.76000000000005,1,1,1.0
1171,14,628.62,0.24,355.25,96.57000000000001,1,1,1.0
1171,12,627.84,281.43,340.15999999999997,103.89999999999998,1,1,1.0
1171,13,556.61,184.93,393.91999999999996,104.19999999999999,1,1,1.0
1171,15,755.01,575.34,324.69000000000005,81.71999999999991,1,1,1.0
1172,16,845.16,462.61,314.88,74.76999999999998,1,1,1.0
1172,9,0.0,31.14,421.65,132.3,1,1,1.0
1172,10,211.99,258.97,488.80999999999995,161.82999999999998,1,1,1.0
1172,11,432.82,383.78,387.7,144.75,1,1,1.0
1172,14,604.11,0.02,351.31999999999994,98.91000000000001,1,1,1.0
1172,12,606.51,280.52,347.87,109.00999999999999,1,1,1.0
1172,13,528.19,186.71,388.9,105.51000000000002,1,1,1.0
1172,15,726.4,572.3,318.2500000000001,88.2700000000001,1,1,1.0
1173,16,806.45,464.61,313.51,70.13,1,1,1.0
1173,9,0.0,31.9,359.16,127.41,1,1,1.0
1173,10,128.64,269.75,528.66,175.5,1,1,1.0
1173,11,382.09,404.21,401.74000000000007,143.67000000000002,1,1,1.0
1173,14,554.6,0.0,357.2099999999999,100.26,1,1,1.0
1173,12,564.1,274.47,320.66999999999996,119.75,1,1,1.0
1173,13,469.77,186.0,389.30000000000007,111.87,1,1,1.0
1173,15,685.89,566.71,311.02,93.55999999999995,1,1,1.0
1174,16,768.6,463.29,326.32000000000005,69.55000000000001,1,1,1.0
1174,9,0.0,25.83,312.96,132.69,1,1,1.0
1174,10,36.94,275.46,557.4300000000001,183.55,1,1,1.0
1174,11,329.43,413.77,411.77000000000004,146.46000000000004,1,1,1.0
1174,14,508.88,0.0,348.90999999999997,100.26,1,1,1.0
1174,12,525.67,294.62,313.08000000000004,101.82999999999998,1,1,1.0
1174,13,424.32,179.04,384.54,123.72,1,1,1.0
1174,15,644.45,571.52,324.12,88.43000000000006,1,1,1.0
1174,18,1182.87,403.2,97.13000000000011,62.93000000000001,1,1,1.0
1174,19,1196.71,208.12,83.28999999999996,69.21999999999997,1,1,1.0
1175,16,756.09,461.26,323.43999999999994,70.32000000000005,1,1,1.0
1175,9,0.0,36.75,286.35,114.12,1,1,1.0
1175,10,0.0,275.0,564.96,190.37,1,1,1.0
1175,11,307.43,410.66,403.89000000000004,153.31,1,1,1.0
1175,14,482.54,0.04,353.97999999999996,101.71,1,1,1.0
1175,12,507.56,290.61,312.43,108.34999999999997,1,1,1.0
1175,13,404.08,182.94,372.64000000000004,124.67000000000002,1,1,1.0
1175,15,628.37,572.99,328.93999999999994,92.24000000000001,1,1,1.0
1175,18,1168.02,396.5,112.07999999999993,69.25,1,1,1.0
1175,19,1179.61,200.99,99.68000000000006,74.38,1,1,1.0
1176,16,740.26,460.57,324.52,69.91000000000003,1,1,1.0
1176,9,0.0,40.29,265.37,109.31,1,1,1.0
1176,10,0.0,275.99,530.86,197.75,1,1,1.0
1176,11,276.5,405.13,412.53,165.36,1,1,1.0
1176,14,452.13,0.08,377.99,101.49,1,1,1.0
1176,12,493.62,293.99,293.98,103.51999999999998,1,1,1.0
1176,13,386.64,184.95,380.77,126.78000000000003,1,1,1.0
1176,15,608.5,571.66,327.13,99.04000000000008,1,1,1.0
1176,18,1133.94,388.54,146.06999999999994,77.48999999999995,1,1,1.0
1176,19,1157.66,202.88,121.70999999999981,76.06,1,1,1.0
1177,16,727.97,459.21,328.3399999999999,73.93,1,1,1.0
1177,9,0.0,41.97,236.25,99.68,1,1,1.0
1177,10,0.0,274.56,504.57,205.64999999999998,1,1,1.0
1177,11,254.0,399.97,413.6,177.47000000000003,1,1,1.0
1177,14,436.98,0.0,382.13,102.01,1,1,1.0
1177,12,477.98,298.03,302.41999999999996,101.65000000000003,1,1,1.0
1177,13,363.47,189.41,394.29999999999995,129.04999999999998,1,1,1.0
1177,15,592.35,569.44,329.89,103.66999999999996,1,1,1.0
1177,18,1119.11,386.39,160.57000000000016,79.25,1,1,1.0
1177,19,1131.88,194.73,147.82999999999993,84.00000000000003,1,1,1.0
1178,16,715.55,459.29,331.26,73.07999999999998,1,1,1.0
1178,9,0.0,40.26,215.0,97.88,1,1,1.0
1178,10,0.68,280.76,478.26,205.93,1,1,1.0
1178,11,233.36,395.98,413.54999999999995,184.5,1,1,1.0
1178,14,418.95,0.06,387.13000000000005,101.6,1,1,1.0
1178,12,461.27,291.45,315.4200000000001,113.71000000000004,1,1,1.0
1178,13,338.92,192.01,404.37999999999994,133.41000000000003,1,1,1.0
1178,15,579.49,566.17,318.68999999999994,108.80000000000007,1,1,1.0
1178,18,1099.7,383.66,179.94000000000005,82.09999999999997,1,1,1.0
1178,19,1114.43,193.77,165.33999999999992,86.16,1,1,1.0
1179,16,707.36,458.11,328.0200000000001,72.30999999999995,1,1,1.0
1179,9,0.0,37.16,197.63,94.43,1,1,1.0
1179,10,0.69,283.11,456.59,206.82999999999998,1,1,1.0
1179,11,216.51,393.67,411.91999999999996,187.71999999999997,1,1,1.0
1179,14,404.18,0.37,391.09999999999997,107.44,1,1,1.0
1179,12,450.1,290.62,311.40999999999997,116.21999999999997,1,1,1.0
1179,13,305.21,194.62,424.59999999999997,134.18,1,1,1.0
1179,15,564.23,564.13,321.64,110.02999999999997,1,1,1.0
1179,18,1082.06,381.56,197.84000000000015,84.20999999999998,1,1,1.0
1179,19,1102.19,196.52,176.96000000000004,86.03999999999999,1,1,1.0
1180,16,691.16,458.01,333.1,74.15999999999997,1,1,1.0
1180,9,0.0,31.97,183.82,99.83000000000001,1,1,1.0
1180,10,0.3,282.09,447.52,209.47000000000003,1,1,1.0
1180,11,197.56,391.61,415.83,194.23000000000002,1,1,1.0
1180,14,387.57,0.02,396.09999999999997,101.44,1,1,1.0
1180,12,441.58,287.99,313.74000000000007,122.13,1,1,1.0
1180,13,294.02,194.68,414.31000000000006,134.27999999999997,1,1,1.0
1180,15,547.07,552.18,318.1099999999999,121.13,1,1,1.0
1180,18,1067.41,381.36,212.57999999999993,84.72999999999996,1,1,1.0
1180,19,1090.92,195.33,188.73000000000002,88.43999999999997,1,1,1.0
1181,16,687.69,457.71,325.03,67.55000000000001,1,1,1.0
1181,9,0.11,28.58,166.22,100.21,1,1,1.0
1181,10,0.53,292.08,443.27000000000004,202.53000000000003,1,1,1.0
1181,11,181.68,390.56,419.60999999999996,199.67000000000002,1,1,1.0
1181,14,370.71,0.25,394.92,99.1,1,1,1.0
1181,12,432.91,295.39,322.60999999999996,115.38999999999999,1,1,1.0
1181,13,271.11,192.06,416.08000000000004,144.89999999999998,1,1,1.0
1181,15,543.13,554.3,312.62,119.42000000000007,1,1,1.0
1181,18,1052.65,378.81,226.89999999999986,88.98000000000002,1,1,1.0
1181,19,1075.6,195.79,204.10000000000014,85.12000000000003,1,1,1.0
1182,16,677.28,456.98,320.5400000000001,67.18999999999994,1,1,1.0
1182,9,0.0,26.1,151.81,101.99000000000001,1,1,1.0
1182,10,0.53,303.75,428.23,203.13,1,1,1.0
1182,11,156.71,405.65,434.2099999999999,193.20000000000005,1,1,1.0
1182,14,348.59,0.04,388.92,100.36,1,1,1.0
1182,12,425.64,302.85,331.08000000000004,108.12,1,1,1.0
1182,13,240.41,191.9,420.88,154.89000000000001,1,1,1.0
1182,15,519.37,549.32,314.80999999999995,124.57999999999993,1,1,1.0
1182,18,1036.57,383.95,243.85000000000014,89.75,1,1,1.0
1182,19,1069.11,194.25,210.8900000000001,88.27999999999997,1,1,1.0
1183,16,688.34,460.15,319.03999999999996,66.55000000000007,1,1,1.0
1183,9,0.0,26.66,154.07,108.28,1,1,1.0
1183,10,0.25,316.47,423.85,199.05999999999995,1,1,1.0
1183,11,166.58,431.53,430.36,166.51,1,1,1.0
1183,14,341.16,0.06,393.78000000000003,102.38,1,1,1.0
1183,12,431.14,308.14,329.63,111.63999999999999,1,1,1.0
1183,13,240.59,190.67,414.2099999999999,163.84,1,1,1.0
1183,15,529.89,560.6,305.36,113.41999999999996,1,1,1.0
1183,18,1046.14,393.04,234.2299999999998,86.78999999999996,1,1,1.0
1183,19,1081.39,194.5,198.94999999999982,88.13999999999999,1,1,1.0
1184,16,693.51,461.69,324.02,68.57999999999998,1,1,1.0
1184,9,0.0,31.62,171.89,112.62,1,1,1.0
1184,10,0.57,327.53,423.08,191.02999999999997,1,1,1.0
1184,11,164.31,424.3,449.96999999999997,179.87999999999994,1,1,1.0
1184,14,356.76,0.12,391.23,104.49,1,1,1.0
1184,12,435.88,308.12,337.91999999999996,111.5,1,1,1.0
1184,13,247.26,192.96,414.61,157.54999999999998,1,1,1.0
1184,15,524.99,576.12,312.6,101.5,1,1,1.0
1184,18,1063.17,402.93,217.06999999999994,85.57,1,1,1.0
1184,19,1104.18,192.94,175.83999999999992,93.94999999999999,1,1,1.0
1185,16,703.07,464.77,324.02999999999986,70.84000000000003,1,1,1.0
1185,9,0.26,34.43,175.65,109.78999999999999,1,1,1.0
1185,10,0.8,327.77,415.69,191.34000000000003,1,1,1.0
1185,11,169.68,437.53,447.7,171.51,1,1,1.0
1185,14,353.53,0.0,393.49,106.42,1,1,1.0
1185,12,441.99,310.05,332.01,112.88,1,1,1.0
1185,13,248.35,196.11,412.6,159.44,1,1,1.0
1185,15,530.09,599.22,320.87,82.75,1,1,1.0
1185,18,1071.02,412.13,208.66000000000008,90.36000000000001,1,1,1.0
1185,19,1115.75,198.33,164.01,92.16999999999999,1,1,1.0
1186,16,716.54,474.69,339.56999999999994,83.43,1,1,1.0
1186,9,0.0,47.96,199.07,101.32999999999998,1,1,1.0
1186,10,0.0,325.57,413.38,187.13000000000005,1,1,1.0
1186,11,170.57,453.96,454.27000000000004,162.16000000000003,1,1,1.0
1186,14,371.13,0.0,385.83000000000004,112.57,1,1,1.0
1186,12,455.64,313.73,330.23,115.96999999999997,1,1,1.0
1186,13,249.65,206.52,431.11,159.99999999999997,1,1,1.0
1186,15,525.04,608.72,348.30000000000007,88.31999999999994,1,1,1.0
1186,18,1092.81,434.14,187.18000000000006,88.02999999999997,1,1,1.0
1186,19,1147.94,214.6,131.99,94.1,1,1,1.0
1187,16,705.58,475.6,360.2499999999999,91.27999999999997,1,1,1.0
1187,9,0.0,54.12,203.91,104.35,1,1,1.0
1187,10,0.0,330.61,390.42,191.92999999999995,1,1,1.0
1187,11,152.93,457.22,454.14000000000004,164.97000000000003,1,1,1.0
1187,14,363.84,0.0,402.17,125.77,1,1,1.0
1187,12,455.86,317.49,322.44999999999993,113.45999999999998,1,1,1.0
1187,13,227.97,219.05,453.22,153.14999999999998,1,1,1.0
1187,15,503.78,605.4,365.03,99.57000000000005,1,1,1.0
1187,18,1081.45,447.7,198.33999999999992,88.12000000000006,1,1,1.0
1187,19,1142.46,228.19,137.18000000000006,87.49000000000001,1,1,1.0
1188,16,696.24,469.66,355.9100000000001,102.08999999999997,1,1,1.0
1188,9,0.0,58.78,199.85,97.05000000000001,1,1,1.0
1188,10,0.0,331.34,370.94,186.85000000000008,1,1,1.0
1188,11,132.36,452.61,455.89,169.89999999999998,1,1,1.0
1188,14,352.15,0.52,407.48,123.3,1,1,1.0
1188,12,445.0,314.63,321.16999999999996,114.87,1,1,1.0
1188,13,202.19,224.71,463.46999999999997,151.26000000000002,1,1,1.0
1188,15,493.33,600.88,357.64000000000004,101.89999999999998,1,1,1.0
1188,18,1061.08,445.43,219.01,88.82,1,1,1.0
1188,19,1126.39,230.06,153.40999999999985,84.71999999999997,1,1,1.0
1189,16,694.59,467.88,356.13,103.28999999999996,1,1,1.0
1189,9,0.0,59.44,190.44,94.17000000000002,1,1,1.0
1189,10,0.0,329.56,351.1,180.39999999999998,1,1,1.0
1189,11,127.85,450.71,453.40999999999997,170.49000000000007,1,1,1.0
1189,14,334.17,0.0,416.36999999999995,122.44,1,1,1.0
1189,12,441.41,307.99,319.34999999999997,120.94999999999999,1,1,1.0
1189,13,187.0,228.94,469.45000000000005,148.89,1,1,1.0
1189,15,481.08,594.02,354.74000000000007,106.47000000000003,1,1,1.0
1189,18,1057.1,443.66,222.84000000000015,91.28000000000003,1,1,1.0
1189,19,1114.48,221.72,165.77999999999997,91.91999999999999,1,1,1.0
1190,16,687.89,464.89,346.90999999999997,99.14999999999998,1,1,1.0
1190,9,0.0,60.11,188.03,90.58999999999999,1,1,1.0
1190,10,0.0,330.71,336.36,179.16000000000003,1,1,1.0
1190,11,121.22,449.73,446.24,172.81999999999994,1,1,1.0
1190,14,326.03,0.01,418.72,122.86,1,1,1.0
1190,12,433.16,306.6,316.78000000000003,116.57,1,1,1.0
1190,13,172.83,224.14,467.65999999999997,159.71000000000004,1,1,1.0
1190,15,477.03,582.4,347.23,113.13999999999999,1,1,1.0
1190,18,1042.42,436.76,237.29999999999995,89.13999999999999,1,1,1.0
1190,19,1106.97,217.67,172.89999999999986,88.85,1,1,1.0
1191,16,674.57,460.46,342.90999999999997,82.66000000000003,1,1,1.0
1191,9,0.0,62.69,175.57,92.31,1,1,1.0
1191,10,0.0,332.49,313.2,173.40999999999997,1,1,1.0
1191,11,104.91,442.91,447.09000000000003,183.12999999999994,1,1,1.0
1191,14,299.57,0.08,422.81,121.82000000000001,1,1,1.0
1191,12,422.93,299.67,320.51000000000005,121.55000000000001,1,1,1.0
1191,13,156.58,221.22,461.14,155.97,1,1,1.0
1191,15,456.14,579.77,348.53999999999996,110.53999999999996,1,1,1.0
1191,18,1027.27,427.38,253.19000000000005,93.65999999999997,1,1,1.0
1191,19,1093.03,204.72,186.41000000000008,97.13000000000002,1,1,1.0
1192,16,662.23,453.27,344.81999999999994,80.18000000000006,1,1,1.0
1192,9,0.0,63.21,153.41,81.50999999999999,1,1,1.0
1192,10,0.0,333.33,294.26,169.08000000000004,1,1,1.0
1192,11,88.54,436.46,448.78000000000003,192.46999999999997,1,1,1.0
1192,14,272.11,0.14,426.48,121.85,1,1,1.0
1192,12,410.18,300.46,322.78000000000003,119.63,1,1,1.0
1192,13,151.19,219.9,448.59999999999997,157.92999999999998,1,1,1.0
1192,15,444.07,567.69,339.46999999999997,117.16999999999996,1,1,1.0
1192,18,1008.98,421.42,270.8899999999999,93.69,1,1,1.0
1192,19,1074.25,190.4,205.22000000000003,102.95000000000002,1,1,1.0
1193,16,647.69,447.3,343.7099999999999,79.59999999999997,1,1,1.0
1193,9,0.0,62.97,144.84,83.37,1,1,1.0
1193,10,0.42,343.31,263.03,153.21999999999997,1,1,1.0
1193,11,72.96,431.48,447.25000000000006,200.5,1,1,1.0
1193,14,244.0,0.11,432.99,122.37,1,1,1.0
1193,12,401.78,305.13,321.12,115.41000000000003,1,1,1.0
1193,13,125.91,217.77,454.84000000000003,161.48,1,1,1.0
1193,15,426.21,562.05,346.58,120.59000000000003,1,1,1.0
1193,18,986.19,414.95,293.45000000000005,92.07,1,1,1.0
1193,19,1059.93,184.41,219.6199999999999,102.97999999999999,1,1,1.0
1194,16,643.35,430.19,326.5799999999999,92.57999999999998,1,1,1.0
1194,9,0.03,61.25,121.16,94.06,1,1,1.0
1194,10,0.0,349.75,245.94,136.7,1,1,1.0
1194,11,66.67,430.48,442.68,204.82999999999993,1,1,1.0
1194,14,219.37,0.07,432.18999999999994,126.52000000000001,1,1,1.0
1194,12,390.44,306.16,323.46,120.35999999999996,1,1,1.0
1194,13,103.16,218.83,460.5300000000001,164.46,1,1,1.0
1194,15,420.74,558.46,336.95000000000005,124.04999999999995,1,1,1.0
1194,18,973.87,412.93,305.6,90.71999999999997,1,1,1.0
1194,19,1038.88,176.17,240.9799999999998,106.25000000000003,1,1,1.0
1195,16,622.0,425.03,321.78,96.89999999999998,1,1,1.0
1195,9,0.44,80.49,98.9,89.35000000000001,1,1,1.0
1195,10,0.0,363.41,200.93,117.19,1,1,1.0
1195,11,51.02,427.9,438.13,215.39,1,1,1.0
1195,14,189.18,0.0,426.97999999999996,134.06,1,1,1.0
1195,12,373.87,310.93,320.53999999999996,128.2,1,1,1.0
1195,13,82.9,225.09,451.13,173.59,1,1,1.0
1195,15,390.77,560.09,339.90999999999997,130.41999999999996,1,1,1.0
1195,18,947.24,407.8,332.6500000000001,89.55000000000001,1,1,1.0
1195,19,1013.26,171.45,266.6700000000001,109.19999999999999,1,1,1.0
1196,16,614.75,424.56,318.11,96.74999999999994,1,1,1.0
1196,9,0.4,92.82,87.05999999999999,87.1,1,1,1.0
1196,10,0.0,366.71,193.05,119.5,1,1,1.0
1196,11,48.48,429.7,429.27,218.07999999999998,1,1,1.0
1196,14,171.53,0.25,425.38,139.72,1,1,1.0
1196,12,374.73,316.57,310.37,122.35000000000002,1,1,1.0
1196,13,64.48,229.27,454.99,175.60999999999999,1,1,1.0
1196,15,387.14,567.55,336.78999999999996,126.92000000000007,1,1,1.0
1196,18,935.21,406.08,345.15999999999985,89.90000000000003,1,1,1.0
1196,19,997.47,170.7,283.30999999999995,111.68,1,1,1.0
1196,20,1216.85,174.14,63.15000000000009,54.120000000000005,1,1,1.0
1197,16,599.34,437.46,330.65999999999997,90.41000000000003,1,1,1.0
1197,9,0.39,122.32,73.2,79.43,1,1,1.0
1197,10,0.15,376.37,175.17,121.08999999999997,1,1,1.0
1197,11,47.67,433.32,415.9,220.76000000000005,1,1,1.0
1197,14,138.32,0.21,433.23999999999995,162.42999999999998,1,1,1.0
1197,12,367.09,324.45,306.05,122.23000000000002,1,1,1.0
1197,13,46.9,245.95,452.24,174.71000000000004,1,1,1.0
1197,15,369.21,574.62,339.12000000000006,133.41999999999996,1,1,1.0
1197,18,916.43,403.84,363.16999999999996,96.81,1,1,1.0
1197,19,967.41,170.5,276.43999999999994,116.16000000000003,1,1,1.0
1197,20,1174.54,153.67,105.44000000000005,80.23000000000002,1,1,1.0
1198,16,597.4,443.26,329.58000000000004,89.74000000000001,1,1,1.0
1198,9,0.72,133.82,72.95,78.44,1,1,1.0
1198,10,0.09,386.58,165.15,126.18,1,1,1.0
1198,11,45.1,439.68,410.01,222.3,1,1,1.0
1198,14,127.14,1.22,445.66999999999996,169.9,1,1,1.0
1198,12,365.66,333.61,305.44,116.63999999999999,1,1,1.0
1198,13,41.29,252.34,451.34999999999997,174.60999999999999,1,1,1.0
1198,15,364.08,581.8,336.88000000000005,131.79000000000008,1,1,1.0
1198,18,893.56,404.74,386.23,101.71999999999997,1,1,1.0
1198,19,952.02,172.48,273.5999999999999,118.46000000000001,1,1,1.0
1198,20,1166.3,146.65,113.62000000000012,91.79999999999998,1,1,1.0
1199,16,588.79,446.91,326.85,92.07999999999998,1,1,1.0
1199,9,0.0,144.04,72.71,77.79000000000002,1,1,1.0
1199,10,0.4,402.16,157.14,122.35999999999996,1,1,1.0
1199,11,40.12,452.51,406.99,217.26,1,1,1.0
1199,14,109.93,8.82,455.99999999999994,177.16,1,1,1.0
1199,12,360.83,334.81,301.26000000000005,119.95999999999998,1,1,1.0
1199,13,28.11,260.23,449.55,181.28999999999996,1,1,1.0
1199,15,354.36,588.31,339.49,130.2700000000001,1,1,1.0
1199,18,888.13,405.92,390.42999999999995,103.05000000000001,1,1,1.0
1199,19,935.1,170.12,286.80000000000007,123.61000000000001,1,1,1.0
1199,20,1135.78,143.84,144.03999999999996,100.94999999999999,1,1,1.0
1200,16,582.51,455.64,330.45000000000005,87.52999999999997,1,1,1.0
1200,9,0.32,157.78,75.9,73.05000000000001,1,1,1.0
1200,10,0.0,415.28,146.69,86.99000000000001,1,1,1.0
1200,11,27.57,459.15,413.85,220.85000000000002,1,1,1.0
1200,14,98.61,15.8,466.15999999999997,181.63,1,1,1.0
1200,12,361.04,338.02,292.16,125.95000000000005,1,1,1.0
1200,13,18.54,267.19,449.04999999999995,189.93,1,1,1.0
1200,15,335.91,595.81,347.7699999999999,123.94000000000005,1,1,1.0
1200,18,883.95,408.97,394.1199999999999,104.25,1,1,1.0
1200,19,921.89,180.12,264.0200000000001,119.15999999999997,1,1,1.0
1200,20,1122.86,141.43,157.18000000000006,110.37,1,1,1.0
1201,16,575.61,460.38,310.42999999999995,87.04999999999995,1,1,1.0
1201,9,0.37,169.22,73.94,65.83000000000001,1,1,1.0
1201,10,0.58,422.91,129.19,84.91999999999996,1,1,1.0
1201,11,34.17,468.58,404.69,212.33999999999997,1,1,1.0
1201,14,79.87,30.43,465.72,178.98,1,1,1.0
1201,12,356.15,341.73,290.65999999999997,127.47999999999996,1,1,1.0
1201,13,14.85,282.22,443.65999999999997,174.44,1,1,1.0
1201,15,341.47,596.2,326.65,123.34999999999991,1,1,1.0
1201,18,867.04,409.42,411.8800000000001,108.84999999999997,1,1,1.0
1201,19,903.54,189.89,256.1600000000001,114.48000000000002,1,1,1.0
1201,20,1098.47,137.71,181.76,126.16999999999999,1,1,1.0
1201,21,1236.99,310.1,43.00999999999999,47.789999999999964,1,1,1.0
1202,16,578.19,459.98,306.2199999999999,88.34000000000003,1,1,1.0
1202,9,0.03,174.8,88.06,59.389999999999986,1,1,1.0
1202,10,0.63,427.73,128.82,85.19999999999993,1,1,1.0
1202,11,42.44,472.33,398.85,204.70999999999998,1,1,1.0
1202,14,86.39,35.2,452.15999999999997,178.96999999999997,1,1,1.0
1202,12,364.03,341.56,287.07000000000005,126.50999999999999,1,1,1.0
1202,13,18.61,285.23,437.78,170.41999999999996,1,1,1.0
1202,15,337.18,590.86,330.96999999999997,128.61,1,1,1.0
1202,18,862.32,406.57,416.18999999999994,117.43,1,1,1.0
1202,19,896.24,194.66,263.3399999999999,115.39000000000001,1,1,1.0
1202,20,1097.52,137.22,182.97000000000003,132.9,1,1,1.0
1202,21,1234.96,307.54,45.34999999999991,60.889999999999986,1,1,1.0
1203,16,579.12,456.57,309.13,90.83999999999997,1,1,1.0
1203,9,0.38,170.52,110.25,79.97999999999999,1,1,1.0
1203,10,0.31,430.59,133.91,83.61000000000007,1,1,1.0
1203,11,55.71,472.9,391.38,197.46000000000004,1,1,1.0
1203,14,92.99,41.13,444.12,174.08,1,1,1.0
1203,12,374.23,341.45,275.91999999999996,122.48000000000002,1,1,1.0
1203,13,33.58,285.75,423.72,168.70999999999998,1,1,1.0
1203,15,340.41,587.6,335.82,132.10000000000002,1,1,1.0
1203,18,865.61,404.61,411.91999999999996,120.43999999999994,1,1,1.0
1203,19,899.09,199.1,261.30000000000007,114.95000000000002,1,1,1.0
1203,20,1098.31,146.32,182.20000000000005,136.99,1,1,1.0
1203,21,1237.66,315.8,42.97000000000003,55.94,1,1,1.0
1204,16,596.43,450.02,306.34000000000003,91.90999999999997,1,1,1.0
1204,9,0.28,172.88,155.85,69.20000000000002,1,1,1.0
1204,10,0.24,429.0,152.38,107.27999999999997,1,1,1.0
1204,11,82.71,473.39,382.49,181.08000000000004,1,1,1.0
1204,14,74.58,41.24,470.42,174.81,1,1,1.0
1204,12,391.48,348.13,272.41999999999996,112.62,1,1,1.0
1204,13,57.95,287.56,412.89,160.70999999999998,1,1,1.0
1204,15,354.94,583.49,331.71,131.91999999999996,1,1,1.0
1204,18,879.18,407.86,400.22000000000014,118.91999999999996,1,1,1.0
1204,19,909.48,204.32,286.9000000000001,115.94999999999999,1,1,1.0
1204,20,1108.11,157.88,172.17000000000007,134.28000000000003,1,1,1.0
1205,16,598.74,449.03,310.39,92.71000000000004,1,1,1.0
1205,9,0.0,168.3,165.35,87.53999999999999,1,1,1.0
1205,10,0.03,424.59,154.38,106.35000000000008,1,1,1.0
1205,11,94.39,472.16,371.47,175.87999999999994,1,1,1.0
1205,14,116.04,43.11,439.85999999999996,169.10000000000002,1,1,1.0
1205,12,401.51,340.24,270.02,116.08999999999997,1,1,1.0
1205,13,69.95,284.69,410.43,154.32,1,1,1.0
1205,15,359.19,583.01,321.54,126.08000000000004,1,1,1.0
1205,18,880.79,415.45,398.78999999999996,114.82999999999998,1,1,1.0
1205,19,914.27,210.22,281.52,116.33000000000001,1,1,1.0
1205,20,1118.95,170.26,161.26999999999998,127.88999999999999,1,1,1.0
1206,16,608.81,448.0,307.05000000000007,91.91999999999996,1,1,1.0
1206,9,0.17,171.45,175.81,94.43,1,1,1.0
1206,10,0.28,425.66,167.75,100.44999999999999,1,1,1.0
1206,11,120.55,472.72,357.83,163.86,1,1,1.0
1206,14,124.52,50.18,434.08000000000004,165.48999999999998,1,1,1.0
1206,12,417.84,342.79,265.54,110.98999999999995,1,1,1.0
1206,13,85.24,285.22,403.64,146.63,1,1,1.0
1206,15,369.56,581.61,318.06,122.55999999999995,1,1,1.0
1206,18,888.17,436.22,391.0000000000001,98.74000000000001,1,1,1.0
1206,19,923.18,211.75,280.91999999999996,120.16000000000003,1,1,1.0
1206,20,1129.41,189.02,151.03999999999996,119.78,1,1,1.0
1207,16,619.64,448.54,304.40999999999997,92.57999999999998,1,1,1.0
1207,9,0.11,172.56,196.19,90.01999999999998,1,1,1.0
1207,10,0.0,417.8,184.21,110.50999999999993,1,1,1.0
1207,11,129.96,473.02,361.56999999999994,152.88,1,1,1.0
1207,14,141.52,55.01,426.77,160.88,1,1,1.0
1207,12,436.75,344.44,265.62,107.35000000000002,1,1,1.0
1207,13,113.26,297.58,386.7,124.61000000000001,1,1,1.0
1207,15,376.84,581.45,320.89000000000004,117.30999999999995,1,1,1.0
1207,18,900.36,447.21,379.32000000000005,95.79000000000002,1,1,1.0
1207,19,933.36,214.33,346.64,129.55999999999997,1,1,1.0
1207,20,1138.22,215.4,141.77999999999997,108.49999999999997,1,1,1.0
1208,16,627.75,450.63,304.9,90.47000000000003,1,1,1.0
1208,9,0.0,174.65,178.05,95.47,1,1,1.0
1208,10,0.0,416.8,191.17,122.40000000000003,1,1,1.0
1208,11,150.36,475.55,348.74,140.47999999999996,1,1,1.0
1208,14,163.87,58.88,412.27,160.46,1,1,1.0
1208,12,449.94,349.0,256.52000000000004,103.11000000000001,1,1,1.0
1208,13,126.91,301.63,379.57000000000005,116.10000000000002,1,1,1.0
1208,15,384.62,581.74,318.01,113.34000000000003,1,1,1.0
1208,18,903.81,453.11,376.03999999999996,97.35000000000002,1,1,1.0
1208,19,943.35,224.81,331.7499999999999,123.13,1,1,1.0
1208,20,1144.9,229.26,134.81999999999994,109.07,1,1,1.0
1209,16,639.02,456.83,308.69000000000005,87.61000000000007,1,1,1.0
1209,9,0.0,179.81,178.15,87.44999999999999,1,1,1.0
1209,10,0.0,413.35,203.09,122.24000000000001,1,1,1.0
1209,11,183.39,477.79,328.49,130.18,1,1,1.0
1209,14,168.73,61.0,423.84000000000003,158.77,1,1,1.0
1209,12,463.02,357.58,261.22,94.81,1,1,1.0
1209,13,142.49,302.69,373.56999999999994,115.75999999999999,1,1,1.0
1209,15,392.36,586.68,316.38,105.67000000000007,1,1,1.0
1209,18,916.77,461.22,363.1500000000001,103.07999999999993,1,1,1.0
1209,19,953.96,229.84,324.6199999999999,132.02,1,1,1.0
1209,20,1149.42,240.5,130.5,118.76999999999998,1,1,1.0
1210,16,636.91,465.33,320.95000000000005,84.64000000000004,1,1,1.0
1210,9,0.74,179.74,193.67999999999998,81.00999999999999,1,1,1.0
1210,10,0.0,409.37,218.72,122.38999999999999,1,1,1.0
1210,11,207.11,480.99,314.54999999999995,118.13999999999999,1,1,1.0
1210,14,181.26,72.44,415.97,146.84,1,1,1.0
1210,12,471.65,364.78,255.89999999999998,87.73000000000002,1,1,1.0
1210,13,158.57,303.83,360.00000000000006,103.60000000000002,1,1,1.0
1210,15,398.03,594.38,299.0,98.56000000000006,1,1,1.0
1210,18,914.11,475.92,366.4,102.41000000000003,1,1,1.0
1210,19,947.49,246.2,332.45000000000005,129.66000000000003,1,1,1.0
1210,20,1153.75,257.82,125.65000000000009,123.23000000000002,1,1,1.0
1211,16,640.2,475.96,314.06999999999994,76.24000000000007,1,1,1.0
1211,9,29.09,183.6,169.51,76.10999999999999,1,1,1.0
1211,22,0.0,0.0,336.93,69.0,1,1,1.0
1211,10,0.0,406.66,226.59,116.69,1,1,1.0
1211,11,224.69,478.87,297.67,115.25999999999999,1,1,1.0
1211,14,185.03,88.47,410.75,134.44,1,1,1.0
1211,12,480.36,374.49,251.67999999999995,82.55000000000001,1,1,1.0
1211,13,168.26,304.24,350.94000000000005,99.38999999999999,1,1,1.0
1211,15,395.95,604.23,304.76000000000005,87.71000000000004,1,1,1.0
1211,18,913.4,490.04,366.98000000000013,95.75999999999993,1,1,1.0
1211,19,937.48,254.21,341.75,135.41,1,1,1.0
1211,20,1158.54,292.15,121.47000000000003,119.74000000000001,1,1,1.0
1212,16,643.56,476.32,310.93000000000006,80.43,1,1,1.0
1212,9,56.85,185.48,163.26000000000002,81.28,1,1,1.0
1212,22,0.0,0.0,368.22,83.97,1,1,1.0
1212,10,0.0,406.97,237.54,112.50999999999999,1,1,1.0
1212,11,231.59,479.72,296.89,113.48000000000002,1,1,1.0
1212,14,204.3,95.56,392.73999999999995,131.76,1,1,1.0
1212,12,490.78,368.93,255.21000000000004,90.07999999999998,1,1,1.0
1212,13,181.31,311.98,336.56,87.68,1,1,1.0
1212,15,396.76,604.94,297.32000000000005,87.17999999999995,1,1,1.0
1212,18,911.63,498.6,368.0400000000001,95.75999999999999,1,1,1.0
1212,19,937.41,270.14,341.18999999999994,126.63999999999999,1,1,1.0
1212,20,1167.66,311.66,112.36999999999989,116.97999999999996,1,1,1.0
