1724166879463067000,1,0.0,622.76,100.9,97.24000000000001,1,1,1.0
1724166879493221800,1,0.0,622.76,112.8,97.24000000000001,1,1,1.0
1724166879543115800,1,0.0,622.76,130.6,97.24000000000001,1,1,1.0
1724166879615983000,1,0.0,602.0,161.7,118.0,1,1,1.0
1724166879661870400,1,0.0,602.0,181.0,118.0,1,1,1.0
1724166879696102200,1,0.0,596.88,207.72,123.12,1,1,1.0
1724166879767934500,1,0.0,596.42,240.54,123.58000000000004,1,1,1.0
1724166879816348900,1,0.0,593.99,272.45,126.00999999999999,1,1,1.0
1724166879858545800,2,1228.76,392.2,50.25999999999999,54.870000000000005,1,1,1.0
1724166879858545800,1,0.0,593.16,318.06,126.84000000000003,1,1,1.0
1724166879893481900,2,1225.6,382.52,54.0300000000002,62.03000000000003,1,1,1.0
1724166879893481900,1,0.0,576.75,368.69,143.25,1,1,1.0
1724166879979820200,2,1214.62,380.99,65.21000000000004,64.23000000000002,1,1,1.0
1724166879979820200,1,0.0,574.65,408.9,144.77999999999997,1,1,1.0
1724166880012720500,2,1207.33,364.95,72.46000000000004,77.53000000000003,1,1,1.0
1724166880012720500,1,0.0,574.58,448.18,145.08999999999992,1,1,1.0
1724166880057762400,2,1202.85,357.69,77.2800000000002,78.72000000000003,1,1,1.0
1724166880057762400,1,0.01,579.45,491.48,140.55999999999995,1,1,1.0
1724166880087819000,2,1195.65,349.57,83.94999999999982,84.18,1,1,1.0
1724166880087819000,1,0.0,588.29,526.78,131.71000000000004,1,1,1.0
1724166880178981000,2,1189.91,341.46,90.1099999999999,90.33000000000004,1,1,1.0
1724166880178981000,1,0.0,590.51,551.08,129.27999999999997,1,1,1.0
1724166880209616300,2,1182.65,328.37,97.44999999999982,99.70999999999998,1,1,1.0
1724166880209616300,1,0.0,592.76,571.38,127.13,1,1,1.0
1724166880254275100,2,1173.54,319.2,106.34000000000015,108.30000000000001,1,1,1.0
1724166880254275100,1,0.0,587.38,583.84,132.37,1,1,1.0
1724166880300417200,2,1166.56,313.99,113.59000000000015,104.44,1,1,1.0
1724166880300417200,1,0.0,582.96,612.07,136.77999999999997,1,1,1.0
1724166880377463100,2,1150.31,291.81,129.76999999999998,121.83999999999997,1,1,1.0
1724166880377463100,1,0.08,573.03,637.27,147.26,1,1,1.0
1724166880407435600,2,1138.86,284.55,141.16000000000008,122.36000000000001,1,1,1.0
1724166880407435600,1,41.6,559.17,637.87,160.48000000000002,1,1,1.0
1724166880453307600,2,1121.76,263.97,157.93000000000006,137.13,1,1,1.0
1724166880453307600,1,160.5,524.6,546.95,195.18999999999994,1,1,1.0
1724166880453307600,3,0.0,593.1,221.0,123.07999999999993,1,1,1.0
1724166880501013600,2,1106.32,246.93,173.96000000000004,142.36,1,1,1.0
1724166880501013600,1,211.21,496.79,527.3199999999999,222.38999999999993,1,1,1.0
1724166880501013600,3,0.0,587.2,255.1,132.79999999999995,1,1,1.0
1724166880577447900,2,1085.07,215.28,194.43000000000006,150.01000000000002,1,1,1.0
1724166880577447900,1,340.11,471.05,480.21000000000004,248.95,1,1,1.0
1724166880577447900,3,0.96,558.77,299.77000000000004,161.57000000000005,1,1,1.0
1724166880654840100,2,1071.92,202.35,208.29999999999995,157.29999999999998,1,1,1.0
1724166880654840100,1,389.34,476.0,470.14000000000004,243.97000000000003,1,1,1.0
1724166880654840100,3,2.91,563.44,218.34,157.05999999999995,1,1,1.0
1724166880697949900,2,1057.67,193.37,222.15999999999985,156.29000000000002,1,1,1.0
1724166880697949900,1,400.63,519.53,490.64,201.05000000000007,1,1,1.0
1724166880697949900,3,0.0,570.85,175.28,149.14999999999998,1,1,1.0
1724166880775213400,2,1053.89,182.73,225.75,156.14000000000001,1,1,1.0
1724166880775213400,1,427.36,550.53,509.77,169.51999999999998,1,1,1.0
1724166880775213400,3,80.1,609.41,55.140000000000015,110.59000000000003,1,1,1.0
1724166880820250200,2,1042.29,170.91,238.18000000000006,158.54,1,1,1.0
1724166880820250200,1,494.62,575.1,457.87,144.81999999999994,1,1,1.0
1724166880854850500,2,1034.83,162.11,245.6300000000001,164.68,1,1,1.0
1724166880854850500,1,546.6,600.51,439.74,119.41999999999996,1,1,1.0
1724166880896334700,2,1008.02,154.41,271.77,161.02,1,1,1.0
1724166880896334700,1,601.88,602.67,435.67999999999995,117.32000000000005,1,1,1.0
1724166880972195800,2,992.06,143.5,287.28999999999996,168.5,1,1,1.0
1724166880972195800,1,658.72,588.3,393.1600000000001,131.5200000000001,1,1,1.0
1724166881017693000,2,982.43,136.25,297.80000000000007,168.76999999999998,1,1,1.0
1724166881017693000,1,693.22,585.16,383.3899999999999,134.64,1,1,1.0
1724166881064502700,2,971.08,127.68,309.14,166.82999999999998,1,1,1.0
1724166881064502700,1,770.05,616.93,322.04999999999995,103.0100000000001,1,1,1.0
1724166881092771000,2,961.37,120.46,318.15999999999997,165.75,1,1,1.0
1724166881092771000,1,828.77,649.65,282.30999999999995,69.70000000000005,1,1,1.0
1724166881138122600,2,956.22,116.43,323.64999999999986,163.87,1,1,1.0
1724166881138122600,1,882.45,643.95,222.81999999999994,75.69999999999993,1,1,1.0
1724166881216478700,2,946.1,111.74,333.7800000000001,164.82,1,1,1.0
1724166881216478700,1,921.45,634.03,186.0999999999999,86.12,1,1,1.0
1724166881262708000,2,933.15,107.69,346.2199999999999,163.86,1,1,1.0
1724166881262708000,1,954.63,639.02,154.33000000000004,80.75999999999999,1,1,1.0
1724166881291787700,2,923.83,107.05,355.11,165.22999999999996,1,1,1.0
1724166881291787700,1,1016.91,641.99,154.33000000000004,78.00999999999999,1,1,1.0
1724166881370769500,2,908.55,109.18,371.46000000000004,160.83999999999997,1,1,1.0
1724166881412641300,2,893.72,106.86,386.01,160.59999999999997,1,1,1.0
1724166881458197800,2,887.65,106.88,391.57000000000005,160.97000000000003,1,1,1.0
1724166881489895200,2,879.54,107.41,399.1500000000001,158.94000000000003,1,1,1.0
1724166881581515400,2,870.05,108.96,408.78999999999996,163.17000000000002,1,1,1.0
1724166881609496700,2,867.34,109.39,412.41999999999996,164.61,1,1,1.0
1724166881657959500,2,863.2,107.5,416.39999999999986,155.49,1,1,1.0
1724166881700558700,2,858.44,107.17,420.90999999999985,154.75,1,1,1.0
1724166881778354000,2,857.24,106.45,422.3399999999999,155.73000000000002,1,1,1.0
1724166881810756900,2,852.22,106.04,427.03,156.75,1,1,1.0
1724166881854761000,2,848.39,106.9,430.5300000000001,159.30999999999997,1,1,1.0
1724166881899891700,2,842.99,107.66,436.5899999999999,157.44000000000003,1,1,1.0
1724166881975230300,2,837.5,106.96,442.06999999999994,155.24,1,1,1.0
1724166882023482100,2,830.44,104.81,448.51,155.39,1,1,1.0
1724166882053464100,2,820.26,102.03,459.76,145.32,1,1,1.0
1724166882097108700,2,815.15,97.33,464.65,143.63,1,1,1.0
1724166882174045200,2,805.29,90.83,474.4000000000001,141.14,1,1,1.0
1724166882221233000,2,801.77,85.62,478.45000000000005,137.56,1,1,1.0
1724166882249338000,2,796.89,77.2,483.7800000000001,141.51999999999998,1,1,1.0
1724166882298052400,2,796.25,67.75,484.02,144.51,1,1,1.0
1724166882374265600,2,790.21,61.49,489.54999999999995,144.88,1,1,1.0
1724166882420352700,2,786.95,52.81,492.8799999999999,148.82999999999998,1,1,1.0
1724166882449257400,2,783.64,45.73,495.80000000000007,149.45000000000002,1,1,1.0
1724166882539179400,2,770.9,29.62,510.13,152.66,1,1,1.0
1724166882615968500,2,765.26,23.41,515.8399999999999,153.47,1,1,1.0
1724166882647838100,2,755.48,15.94,524.5899999999999,156.48,1,1,1.0
1724166882693712700,2,745.04,12.83,534.3500000000001,152.35999999999999,1,1,1.0
1724166882817725400,2,732.45,13.55,547.01,150.89,1,1,1.0
1724166882864854900,2,706.43,8.77,570.2600000000001,152.69,1,1,1.0
1724166882940910100,2,672.46,4.78,605.26,154.49,1,1,1.0
1724166882970423500,2,639.01,4.25,638.46,151.25,1,1,1.0
1724166883013926600,2,617.65,1.06,583.9699999999999,151.75,1,1,1.0
1724166883060489100,2,590.9,0.0,573.3100000000001,148.87,1,1,1.0
1724166883091106700,2,548.31,0.0,565.8,142.49,1,1,1.0
1724166883170819400,2,531.41,0.0,530.15,141.58,1,1,1.0
1724166883214885100,2,498.83,0.0,515.5899999999999,140.11,1,1,1.0
1724166883259814100,2,459.38,0.0,548.39,140.75,1,1,1.0
1724166883293049100,2,418.73,0.07,561.05,144.81,1,1,1.0
1724166883336876400,2,374.66,0.0,581.49,153.83,1,1,1.0
1724166883382032600,2,335.46,0.0,579.5799999999999,164.07,1,1,1.0
1724166883458439500,2,295.66,0.0,564.2,170.07,1,1,1.0
1724166883488899600,2,260.09,0.0,561.4100000000001,176.24,1,1,1.0
1724166883583137000,2,226.88,0.93,552.12,180.97,1,1,1.0
1724166883611315000,2,192.85,0.0,557.04,191.23,1,1,1.0
1724166883657186400,2,171.94,2.15,560.9000000000001,201.43,1,1,1.0
1724166883734276300,2,145.77,1.63,550.7,213.06,1,1,1.0
1724166883734276300,4,1232.4,263.88,47.59999999999991,68.22000000000003,1,1,1.0
1724166883778107200,2,123.97,8.85,554.85,218.82,1,1,1.0
1724166883778107200,4,1219.43,261.09,60.299999999999955,70.66000000000003,1,1,1.0
1724166883853661900,2,84.86,13.29,589.5,232.19,1,1,1.0
1724166883853661900,4,1207.94,258.99,71.77999999999997,77.24000000000001,1,1,1.0
1724166883899387600,2,78.13,19.35,595.84,232.68,1,1,1.0
1724166883899387600,4,1214.82,266.62,64.99000000000001,71.44999999999999,1,1,1.0
1724166883974289700,2,75.21,24.78,597.7099999999999,232.46,1,1,1.0
1724166883974289700,4,1222.84,272.32,56.570000000000164,69.31,1,1,1.0
1724166884020101000,2,72.09,28.87,601.73,234.51999999999998,1,1,1.0
1724166884051832400,2,71.82,33.1,598.47,235.63000000000002,1,1,1.0
1724166884095449300,2,61.08,39.7,599.26,235.27000000000004,1,1,1.0
1724166884141891700,2,50.92,49.55,594.3000000000001,232.83999999999997,1,1,1.0
1724166884220641300,2,45.48,56.74,587.61,238.57,1,1,1.0
1724166884248871800,2,44.93,65.03,579.3100000000001,238.84,1,1,1.0
1724166884294833900,2,50.77,75.83,568.45,233.64000000000004,1,1,1.0
1724166884342701800,2,58.29,88.03,555.9100000000001,223.72,1,1,1.0
1724166884418229100,2,74.97,98.84,534.53,215.35999999999999,1,1,1.0
1724166884448347300,2,87.65,108.88,520.33,203.36,1,1,1.0
1724166884448347300,5,0.0,289.87,99.46,137.92000000000002,1,1,1.0
1724166884539294600,2,110.36,113.29,505.19999999999993,187.08999999999997,1,1,1.0
1724166884539294600,5,0.0,290.57,249.2,179.43,1,1,1.0
1724166884614151500,2,108.95,124.08,498.81,173.88,1,1,1.0
1724166884614151500,6,0.0,658.35,203.23,61.64999999999998,1,1,1.0
1724166884614151500,5,0.64,273.83,300.18,186.83000000000004,1,1,1.0
1724166884659141100,2,99.61,141.03,498.47,151.74999999999997,1,1,1.0
1724166884659141100,6,1.13,636.27,250.66,83.38999999999999,1,1,1.0
1724166884659141100,5,0.2,275.26,333.1,177.45,1,1,1.0
1724166884692412500,2,86.68,141.04,504.64000000000004,149.27,1,1,1.0
1724166884692412500,6,0.4,632.39,292.08000000000004,87.20000000000005,1,1,1.0
1724166884692412500,5,0.29,274.81,370.73999999999995,179.11,1,1,1.0
1724166884781169000,2,79.01,138.98,501.62,149.99000000000004,1,1,1.0
1724166884781169000,6,1.54,646.41,347.4,72.99000000000001,1,1,1.0
1724166884781169000,5,0.0,268.9,421.05,189.84000000000003,1,1,1.0
1724166884814862100,2,65.23,133.87,496.6,164.89,1,1,1.0
1724166884814862100,6,1.3,653.44,388.14,65.88999999999999,1,1,1.0
1724166884814862100,5,0.0,261.49,425.87,199.39999999999998,1,1,1.0
1724166884859271800,2,57.03,130.52,488.95000000000005,175.86999999999998,1,1,1.0
1724166884859271800,6,12.45,649.21,406.83,70.37,1,1,1.0
1724166884859271800,5,0.0,266.76,424.64,204.04000000000002,1,1,1.0
1724166884893098300,2,51.34,127.73,482.99,180.02999999999997,1,1,1.0
1724166884893098300,6,65.76,652.93,369.61,66.81000000000006,1,1,1.0
1724166884893098300,5,0.0,269.57,415.21,209.78000000000003,1,1,1.0
1724166884982340300,2,47.45,127.62,484.46999999999997,181.81,1,1,1.0
1724166884982340300,6,59.52,650.38,392.97,69.25999999999999,1,1,1.0
1724166884982340300,5,0.31,274.53,401.71,218.67000000000002,1,1,1.0
1724166885011001600,2,43.66,128.74,488.81000000000006,181.44,1,1,1.0
1724166885011001600,6,98.01,632.17,377.43,88.30000000000007,1,1,1.0
1724166885011001600,5,0.44,276.2,390.79,227.01,1,1,1.0
1724166885057839400,2,43.43,131.22,491.98999999999995,171.79,1,1,1.0
1724166885057839400,6,169.3,603.9,291.3,116.10000000000002,1,1,1.0
1724166885057839400,5,0.21,276.92,379.44,236.47999999999996,1,1,1.0
1724166885136252800,2,40.32,129.55,491.79,166.90999999999997,1,1,1.0
1724166885136252800,6,264.62,602.32,166.19,117.76999999999998,1,1,1.0
1724166885136252800,5,0.0,272.09,364.53,243.65000000000003,1,1,1.0
1724166885181154500,2,37.11,126.75,488.97,162.77999999999997,1,1,1.0
1724166885181154500,5,0.0,292.33,332.92,185.62,1,1,1.0
1724166885209954200,2,33.55,128.55,482.83,148.64999999999998,1,1,1.0
1724166885209954200,5,0.0,319.15,290.88,153.49,1,1,1.0
1724166885255645700,2,23.96,128.82,480.63,143.79000000000002,1,1,1.0
1724166885255645700,5,0.03,304.48,277.16,179.20999999999998,1,1,1.0
1724166885299985100,2,16.22,128.3,475.61,139.64999999999998,1,1,1.0
1724166885299985100,5,0.0,286.6,271.65,219.40999999999997,1,1,1.0
1724166885378876000,2,13.15,123.11,463.73,145.57999999999998,1,1,1.0
1724166885378876000,5,0.37,279.38,224.53,246.74,1,1,1.0
1724166885409316400,2,5.73,122.8,456.45,146.38,1,1,1.0
1724166885409316400,5,0.7,285.03,192.9,258.55000000000007,1,1,1.0
1724166885454661400,2,1.57,125.22,444.8,143.42,1,1,1.0
1724166885454661400,5,0.36,290.32,141.14,271.08,1,1,1.0
1724166885501983500,2,0.57,126.8,434.36,138.93,1,1,1.0
1724166885501983500,5,0.24,317.57,106.08,263.56,1,1,1.0
1724166885575514100,2,0.56,132.51,417.0,122.66,1,1,1.0
1724166885575514100,5,0.0,416.9,121.13,119.70000000000005,1,1,1.0
1724166885652066500,2,0.82,138.5,410.09000000000003,114.41999999999999,1,1,1.0
1724166885652066500,5,0.0,428.55,122.61,130.32,1,1,1.0
1724166885697014000,2,0.74,142.12,408.53999999999996,110.66999999999999,1,1,1.0
1724166885697014000,5,0.0,437.59,116.26,164.2,1,1,1.0
1724166885774157400,2,0.27,149.36,406.02000000000004,105.47,1,1,1.0
1724166885774157400,5,0.0,466.55,109.05,140.27000000000004,1,1,1.0
1724166885819138600,2,0.0,151.82,400.54,105.32,1,1,1.0
1724166885819138600,5,0.0,487.32,106.34,141.89000000000004,1,1,1.0
1724166885851612100,2,0.0,152.3,389.41,106.15999999999997,1,1,1.0
1724166885851612100,5,0.02,506.94,93.09,137.23999999999995,1,1,1.0
1724166885896771200,2,0.0,156.17,366.86,104.47,1,1,1.0
1724166885896771200,5,0.0,526.48,87.3,141.26,1,1,1.0
1724166885971669400,2,0.0,158.42,344.65,103.63000000000002,1,1,1.0
1724166886019073700,2,0.0,160.39,322.44,105.29000000000002,1,1,1.0
1724166886062105100,2,0.0,162.66,303.28,109.51000000000002,1,1,1.0
1724166886096891300,2,0.0,167.03,286.13,110.6,1,1,1.0
1724166886173109300,2,0.0,172.4,274.1,110.21000000000001,1,1,1.0
1724166886217082600,2,0.0,177.41,263.52,112.04999999999998,1,1,1.0
1724166886261262800,2,0.09,182.64,257.0,107.57,1,1,1.0
1724166886290981300,2,0.0,187.67,252.82,104.85999999999999,1,1,1.0
1724166886338596500,2,0.0,206.01,243.22,91.0,1,1,1.0
1724166886415663000,2,0.0,209.62,237.81,90.42000000000002,1,1,1.0
1724166886461584000,2,0.0,219.49,221.87,84.31,1,1,1.0
1724166886491102700,2,0.0,223.25,207.42,81.51999999999998,1,1,1.0
1724166886539624800,2,0.0,226.73,190.6,82.66,1,1,1.0
1724166886615800100,2,0.0,230.22,174.96,80.54999999999998,1,1,1.0
1724166886658814300,2,0.0,241.02,152.59,73.53999999999999,1,1,1.0
1724166886689909600,2,0.0,238.34,138.65,83.55999999999997,1,1,1.0
1724166886735308200,2,0.0,241.07,119.82,86.84000000000003,1,1,1.0
1724166886783353300,2,0.0,245.88,108.15,85.98000000000002,1,1,1.0
1724166886855310700,2,0.03,248.23,92.27,87.22999999999999,1,1,1.0
1724166886901233100,2,0.0,250.62,80.05,88.31,1,1,1.0
1724166886976090300,2,0.07,254.12,67.96000000000001,85.17000000000002,1,1,1.0
1724166887023185600,2,0.07,250.42,57.97,87.66,1,1,1.0
1724166887051453700,2,0.0,250.42,46.18,87.66,1,1,1.0
1724166901579319100,7,0.0,591.61,97.94,84.52999999999997,1,1,1.0
1724166901609657000,7,0.28,595.97,127.47,78.83999999999992,1,1,1.0
1724166901655624300,7,0.0,578.43,175.78,100.55000000000007,1,1,1.0
1724166901700143800,7,0.02,568.27,208.73,116.51999999999998,1,1,1.0
1724166901730097100,7,0.0,558.19,246.45,124.6099999999999,1,1,1.0
1724166901777227500,7,0.0,520.12,275.9,154.53999999999996,1,1,1.0
1724166901852381900,7,0.0,514.71,309.53,159.83999999999992,1,1,1.0
1724166901895535700,7,0.0,509.07,344.27,161.14000000000004,1,1,1.0
1724166901942411800,7,0.0,510.16,388.57,161.03000000000003,1,1,1.0
1724166902017084600,7,0.35,515.51,414.81,160.64999999999998,1,1,1.0
1724166902047562600,7,0.37,519.36,442.40999999999997,160.92999999999995,1,1,1.0
1724166902092172500,7,1.07,537.2,486.91,147.02999999999997,1,1,1.0
1724166902139752400,7,0.84,532.35,517.92,156.10000000000002,1,1,1.0
1724166902212850400,7,0.79,502.58,556.0,194.41000000000003,1,1,1.0
1724166902259478200,7,54.45,516.82,537.31,196.16999999999996,1,1,1.0
1724166902290949300,7,76.31,548.85,544.3499999999999,170.62,1,1,1.0
1724166902381315100,7,127.83,564.73,521.66,154.64,1,1,1.0
1724166902381315100,8,0.0,651.07,103.09,68.92999999999995,1,1,1.0
1724166902410965300,7,191.49,575.62,484.36,143.95000000000005,1,1,1.0
1724166902410965300,8,0.0,642.97,109.6,75.42999999999995,1,1,1.0
1724166902458896200,7,244.32,579.75,456.68,139.24,1,1,1.0
1724166902458896200,8,0.0,642.97,132.3,77.02999999999997,1,1,1.0
1724166902501851500,7,298.55,563.41,433.60999999999996,156.16000000000008,1,1,1.0
1724166902501851500,8,0.0,657.52,143.68,62.48000000000002,1,1,1.0
1724166902579767900,7,359.39,554.37,390.28,165.14999999999998,1,1,1.0
1724166902579767900,8,2.16,652.12,149.07,67.88,1,1,1.0
1724166902611803800,7,400.41,545.24,381.00999999999993,174.03999999999996,1,1,1.0
1724166902611803800,8,3.24,649.42,151.76,70.58000000000004,1,1,1.0
1724166902657014900,7,451.31,566.09,341.34999999999997,153.74,1,1,1.0
1724166902657014900,8,30.77,636.47,142.13,83.52999999999997,1,1,1.0
1724166902701889500,7,488.75,591.46,321.41999999999996,128.69999999999993,1,1,1.0
1724166902701889500,8,48.58,642.95,117.82000000000001,77.04999999999995,1,1,1.0
1724166902776680900,7,513.8,607.72,310.25,112.74000000000001,1,1,1.0
1724166902776680900,8,69.63,642.95,117.87,77.04999999999995,1,1,1.0
1724166902823928700,7,561.12,637.81,284.51,81.62,1,1,1.0
1724166902855026700,7,618.53,641.69,229.73000000000002,78.31999999999994,1,1,1.0
1724166902898669000,7,643.4,624.33,207.02999999999997,95.66999999999996,1,1,1.0
1724166902898669000,9,0.0,87.9,97.43,75.47,1,1,1.0
1724166902975675800,7,695.42,626.66,160.94000000000005,92.30000000000007,1,1,1.0
1724166902975675800,9,0.0,75.61,138.86,95.77,1,1,1.0
1724166903021486200,7,763.16,638.7,105.24000000000001,81.29999999999995,1,1,1.0
1724166903021486200,9,0.0,60.62,210.73,118.1,1,1,1.0
1724166903100593000,9,0.0,61.61,265.53,117.61999999999999,1,1,1.0
1724166903129541600,9,0.0,51.04,279.13,132.77,1,1,1.0
1724166903221451000,9,0.0,55.54,315.18,130.12,1,1,1.0
1724166903251165500,9,0.0,56.77,383.92,128.64999999999998,1,1,1.0
1724166903295801800,9,0.46,53.74,392.11,130.2,1,1,1.0
1724166903344911900,9,0.5,57.07,440.06,123.26000000000002,1,1,1.0
1724166903419317800,9,0.34,53.7,513.5899999999999,127.2,1,1,1.0
1724166903450226900,9,1.81,51.11,525.0100000000001,133.16000000000003,1,1,1.0
1724166903497895900,9,22.77,46.16,546.57,153.62,1,1,1.0
1724166903541816300,9,99.98,44.19,501.12,161.33,1,1,1.0
1724166903620131200,9,171.68,37.67,480.46,145.86,1,1,1.0
1724166903647775000,9,217.23,30.53,474.03,151.41,1,1,1.0
1724166903696925600,9,307.71,35.22,429.99000000000007,115.37,1,1,1.0
1724166903740824900,9,360.28,23.8,434.77,123.98,1,1,1.0
1724166903816234300,9,405.35,27.26,445.79999999999995,117.79,1,1,1.0
1724166903846466200,9,464.56,22.46,450.98999999999995,118.70999999999998,1,1,1.0
1724166903938050500,9,559.3,14.09,516.1100000000001,117.31,1,1,1.0
1724166904017106900,9,655.8,11.76,469.1100000000001,118.82000000000001,1,1,1.0
1724166904062066700,9,714.27,1.2,490.9000000000001,126.28999999999999,1,1,1.0
1724166904093385200,9,763.4,0.0,514.9499999999999,124.98,1,1,1.0
1724166904171513800,9,818.26,0.0,461.77,122.51,1,1,1.0
1724166904171513800,10,0.0,447.09,103.96,106.83999999999997,1,1,1.0
1724166904214390400,9,873.65,0.0,406.0000000000001,121.64,1,1,1.0
1724166904214390400,10,0.29,453.98,106.28999999999999,106.84000000000003,1,1,1.0
1724166904259282700,9,925.27,0.0,355.3499999999999,112.18,1,1,1.0
1724166904259282700,10,0.38,458.86,117.17,113.36000000000001,1,1,1.0
1724166904292255300,9,991.68,0.0,288.58000000000004,110.41,1,1,1.0
1724166904292255300,10,0.48,462.43,113.07,116.58999999999997,1,1,1.0
1724166904335319300,9,1039.35,0.0,241.62000000000012,93.56,1,1,1.0
1724166904335319300,10,0.16,469.21,120.2,119.43,1,1,1.0
1724166904412578100,9,1079.77,0.0,201.24,87.88,1,1,1.0
1724166904412578100,10,0.13,481.55,113.45,117.64000000000004,1,1,1.0
1724166904457546200,9,1122.18,0.0,158.37999999999988,80.43,1,1,1.0
1724166904457546200,10,0.0,500.3,89.94,86.84999999999997,1,1,1.0
1724166904487841400,9,1149.34,0.28,130.95000000000005,82.1,1,1,1.0
1724166906138038700,11,1226.45,377.36,53.34999999999991,57.610000000000014,1,1,1.0
1724166906214949700,11,1213.14,373.29,66.7199999999998,60.15999999999997,1,1,1.0
1724166906258926700,11,1201.42,368.15,78.72000000000003,69.20000000000005,1,1,1.0
1724166906289318200,11,1197.29,367.98,82.73000000000002,73.12,1,1,1.0
1724166906383780300,11,1191.87,364.6,88.08000000000015,77.46999999999997,1,1,1.0
1724166906414559300,11,1179.27,367.91,100.8900000000001,79.44,1,1,1.0
1724166906457977900,11,1170.82,370.67,108.95000000000005,87.35999999999996,1,1,1.0
1724166906504708300,11,1166.9,375.15,113.0,83.77000000000004,1,1,1.0
1724166906576860000,11,1156.04,378.71,123.84000000000015,93.77000000000004,1,1,1.0
1724166906611598200,11,1152.97,385.25,126.48000000000002,98.5,1,1,1.0
1724166906653561300,11,1140.01,393.98,140.02999999999997,100.85999999999996,1,1,1.0
1724166906698346000,11,1135.19,400.26,144.3699999999999,112.27999999999997,1,1,1.0
1724166906775243600,11,1110.68,412.87,169.55999999999995,113.09000000000003,1,1,1.0
1724166906898732800,11,1092.22,419.36,187.25,130.31999999999994,1,1,1.0
1724166906943812000,11,1069.69,428.11,210.53999999999996,118.50999999999999,1,1,1.0
1724166907016851600,11,1059.84,438.43,220.75,118.45999999999998,1,1,1.0
1724166907061384400,11,1048.26,440.91,232.06999999999994,122.67000000000002,1,1,1.0
1724166907138548700,11,1032.07,448.15,247.93000000000006,139.20000000000005,1,1,1.0
1724166907213303500,11,1025.72,453.34,253.98000000000002,140.46999999999997,1,1,1.0
1724166907261069000,11,1011.76,461.79,267.43000000000006,140.87999999999994,1,1,1.0
1724166907290384300,11,1001.11,466.79,278.61,141.93,1,1,1.0
1724166907337824900,11,994.19,467.47,285.29999999999995,150.69999999999993,1,1,1.0
1724166907415293200,11,979.77,468.85,298.97,151.24,1,1,1.0
1724166907457105100,11,959.37,477.72,319.61,146.33999999999992,1,1,1.0
1724166907488135200,11,952.74,478.71,327.04999999999995,144.2,1,1,1.0
1724166907581554800,11,938.67,480.53,341.15999999999997,147.32000000000005,1,1,1.0
1724166907610400700,11,937.26,492.32,342.6500000000001,148.27000000000004,1,1,1.0
1724166907655271100,11,920.31,497.56,359.4100000000001,155.93,1,1,1.0
1724166907703113500,11,908.8,498.7,371.06999999999994,152.76000000000005,1,1,1.0
1724166907775957200,11,892.63,486.19,387.06000000000006,146.10999999999996,1,1,1.0
1724166907856174800,11,876.17,478.5,403.38,145.97000000000003,1,1,1.0
1724166907901549300,11,864.14,469.33,414.65,159.38000000000005,1,1,1.0
1724166907932638200,11,845.58,464.51,434.16999999999996,144.73000000000002,1,1,1.0
1724166908007184100,11,830.94,462.74,449.05999999999995,122.33000000000004,1,1,1.0
1724166908053321400,11,818.27,459.58,460.06999999999994,112.26000000000005,1,1,1.0
1724166908096404200,11,804.12,458.18,475.83000000000004,115.16000000000003,1,1,1.0
1724166908127471900,11,801.47,457.79,478.53,110.79000000000002,1,1,1.0
1724166908218335600,11,783.34,447.46,494.4799999999999,118.76000000000005,1,1,1.0
1724166908250188100,11,775.26,441.18,503.3299999999999,130.31,1,1,1.0
1724166908295181600,11,751.99,440.76,511.43000000000006,135.91999999999996,1,1,1.0
1724166908372063200,11,736.87,442.36,479.34000000000003,132.5,1,1,1.0
1724166908418334100,11,711.99,446.4,470.6199999999999,131.21000000000004,1,1,1.0
1724166908448206400,11,695.32,439.27,439.64,139.75,1,1,1.0
1724166908542215500,11,658.77,412.65,404.5999999999999,173.82000000000005,1,1,1.0
1724166908618061500,11,638.77,417.42,389.25,183.42000000000002,1,1,1.0
1724166908652318700,11,622.85,430.01,390.3299999999999,186.86,1,1,1.0
1724166908694427800,11,605.26,453.3,399.58000000000004,180.11999999999995,1,1,1.0
1724166908741086300,11,592.78,469.01,393.71000000000004,176.56000000000006,1,1,1.0
1724166908817451200,11,564.1,473.97,383.25,191.53999999999996,1,1,1.0
1724166908850625500,11,540.64,459.99,365.80000000000007,217.0,1,1,1.0
1724166908938688200,11,492.0,448.18,355.30999999999995,272.19,1,1,1.0
1724166909016401000,11,485.75,455.09,330.45000000000005,266.14000000000004,1,1,1.0
1724166909061275800,11,499.81,461.11,301.27000000000004,260.08000000000004,1,1,1.0
1724166909098270900,11,504.23,500.01,291.09000000000003,220.83000000000004,1,1,1.0
1724166909136984800,11,507.2,534.97,276.99000000000007,185.51,1,1,1.0
1724166909213656800,11,539.46,564.46,193.43999999999994,155.44999999999993,1,1,1.0
1724166909258303200,11,581.02,559.51,78.53999999999996,159.76999999999998,1,1,1.0
1724166909290642100,11,578.01,574.56,78.53999999999996,145.44000000000005,1,1,1.0
1724166909334317600,11,584.03,645.32,78.54000000000008,74.67999999999995,1,1,1.0
1724166910529518900,12,1232.66,532.15,47.33999999999992,75.22000000000003,1,1,1.0
1724166910620153300,12,1225.74,525.2,53.930000000000064,82.77999999999997,1,1,1.0
1724166910650990900,12,1207.37,518.96,72.61000000000013,98.01999999999998,1,1,1.0
1724166910696342800,12,1194.5,519.55,85.47000000000003,107.09000000000003,1,1,1.0
1724166910744377000,12,1174.77,519.68,105.41000000000008,115.93000000000006,1,1,1.0
1724166910819309700,12,1165.94,514.55,114.24000000000001,131.10000000000002,1,1,1.0
1724166910847928100,12,1145.86,518.71,134.22000000000003,137.56999999999994,1,1,1.0
1724166910896070400,12,1136.66,521.13,143.62999999999988,144.32000000000005,1,1,1.0
1724166910939104800,12,1126.59,526.4,152.87000000000012,153.45000000000005,1,1,1.0
1724166911015199600,12,1113.18,530.45,166.91999999999985,174.28999999999996,1,1,1.0
1724166911061921900,12,1104.16,530.47,175.91999999999985,175.25,1,1,1.0
1724166911090953300,12,1075.41,536.23,204.3499999999999,177.76,1,1,1.0
1724166911138849500,12,1038.13,547.54,242.63999999999987,164.06000000000006,1,1,1.0
1724166911213330600,12,1020.8,555.75,259.6200000000001,160.65999999999997,1,1,1.0
1724166911258008200,12,1001.83,568.73,278.63,148.21000000000004,1,1,1.0
1724166911338049300,12,977.63,584.0,303.4,133.29999999999995,1,1,1.0
1724166911381472500,12,959.37,600.88,321.2600000000001,117.95000000000005,1,1,1.0
1724166911412482300,12,940.55,608.31,340.1100000000001,110.60000000000002,1,1,1.0
1724166911458263800,12,924.77,618.19,355.99,101.36999999999989,1,1,1.0
1724166911489098800,12,907.22,623.31,372.43000000000006,96.45000000000005,1,1,1.0
1724166911583007800,12,905.73,612.19,373.6099999999999,107.59999999999991,1,1,1.0
1724166911611928100,12,908.69,611.91,371.65999999999985,108.37,1,1,1.0
1724166911655069100,12,909.12,619.97,371.7099999999999,100.06999999999994,1,1,1.0
1724166911701452500,12,912.4,628.33,366.19999999999993,91.63999999999999,1,1,1.0
1724166911774742700,12,911.8,635.09,365.71000000000004,84.68999999999994,1,1,1.0
1724166911822784300,12,920.03,636.43,357.5799999999999,83.40000000000009,1,1,1.0
1724166911853620600,12,925.88,611.19,343.2299999999999,108.94999999999993,1,1,1.0
1724166911899253600,12,912.35,610.61,312.87,109.24000000000001,1,1,1.0
1724166911974880700,12,929.65,667.96,281.12,51.639999999999986,1,1,1.0
1724166912018146800,12,918.95,668.18,304.3799999999999,51.48000000000002,1,1,1.0
1724166912049634200,12,934.0,648.6,301.4000000000001,71.05999999999995,1,1,1.0
1724166912095397500,12,933.58,614.1,333.91999999999996,105.56999999999994,1,1,1.0
1724166912979384800,13,924.31,685.71,254.02999999999997,34.18999999999994,1,1,1.0
1724166913052134900,13,930.15,671.02,253.5000000000001,48.710000000000036,1,1,1.0
1724166913096614600,13,931.71,645.2,261.01,74.46999999999991,1,1,1.0
1724166913142801900,13,925.54,625.8,305.84000000000015,93.90000000000009,1,1,1.0
1724166913219905000,13,918.19,605.06,322.04999999999995,115.13000000000011,1,1,1.0
1724166913251881100,13,915.81,587.13,320.6200000000001,133.04999999999995,1,1,1.0
1724166913299361200,13,912.21,570.03,323.27,150.64,1,1,1.0
1724166913376191300,13,907.15,558.12,331.7099999999999,162.45000000000005,1,1,1.0
1724166913419708600,13,899.74,546.77,371.25,173.83000000000004,1,1,1.0
1724166913450841200,13,891.18,538.08,388.16999999999996,182.87,1,1,1.0
1724166913495930300,13,888.93,536.19,391.12,184.27999999999997,1,1,1.0
1724166913541428600,13,883.08,534.39,396.40999999999997,185.51999999999998,1,1,1.0
1724166913620939000,13,874.09,529.58,405.7499999999999,191.06999999999994,1,1,1.0
1724166913648479800,13,866.4,527.25,413.2700000000001,193.24,1,1,1.0
1724166913697758000,13,861.31,521.16,418.21000000000004,199.19000000000005,1,1,1.0
1724166913739819800,13,857.14,519.85,422.91999999999996,200.38,1,1,1.0
1724166913815934700,13,849.32,515.06,430.67999999999995,203.44000000000005,1,1,1.0
1724166913861620400,13,846.52,509.07,433.74,210.60999999999996,1,1,1.0
1724166913893974200,13,840.12,501.37,440.2099999999999,216.98000000000002,1,1,1.0
1724166913941971000,13,829.96,502.53,449.73,202.17000000000007,1,1,1.0
1724166914014337100,13,821.54,505.96,458.73,164.96999999999997,1,1,1.0
1724166914061589100,13,808.42,512.13,446.7600000000001,140.58000000000004,1,1,1.0
1724166914090066600,13,800.61,515.27,461.2399999999999,123.32000000000005,1,1,1.0
1724166914170544700,13,786.88,517.92,446.9599999999999,123.75999999999999,1,1,1.0
1724166914215026600,13,778.32,519.73,439.18999999999994,117.76999999999998,1,1,1.0
1724166914259626900,13,769.64,518.89,434.2400000000001,120.10000000000002,1,1,1.0
1724166914288962800,13,762.35,518.07,433.63,122.76999999999998,1,1,1.0
1724166914335730200,13,749.27,522.65,436.22,119.25,1,1,1.0
1724166914410541500,13,742.85,527.57,431.7499999999999,115.63,1,1,1.0
1724166914459969400,13,728.78,529.26,447.71000000000004,116.14999999999998,1,1,1.0
1724166914488798800,13,718.65,529.51,461.6,119.69000000000005,1,1,1.0
1724166914578598200,13,706.84,532.0,474.33000000000004,117.58000000000004,1,1,1.0
1724166914610745700,13,694.24,536.46,462.0999999999999,115.63999999999999,1,1,1.0
1724166914657097300,13,687.04,528.95,449.72,126.05999999999995,1,1,1.0
1724166914702610100,13,679.17,521.53,435.35,136.73000000000002,1,1,1.0
1724166914776613600,13,672.7,521.65,429.77,139.60000000000002,1,1,1.0
1724166914808715800,13,663.86,530.96,426.82000000000005,129.44999999999993,1,1,1.0
1724166914856636700,13,656.15,537.93,425.2600000000001,117.5200000000001,1,1,1.0
1724166914900449500,13,649.34,536.05,454.38,116.62,1,1,1.0
1724166914977896100,13,639.17,535.07,479.16999999999996,121.21999999999991,1,1,1.0
1724166915021329800,13,631.15,534.18,500.80000000000007,135.62,1,1,1.0
1724166915054007800,13,617.02,535.32,518.23,143.15999999999997,1,1,1.0
1724166915098841300,13,606.3,535.59,519.1400000000001,148.5,1,1,1.0
1724166915177970300,13,594.39,536.02,511.0300000000001,140.08000000000004,1,1,1.0
1724166915220253000,13,581.37,534.31,503.80000000000007,117.73000000000002,1,1,1.0
1724166915251677100,13,570.22,532.36,486.56999999999994,109.38,1,1,1.0
1724166915296010400,13,558.43,529.08,481.12,107.00999999999999,1,1,1.0
1724166915345849200,13,546.44,523.91,479.22,113.72000000000003,1,1,1.0
1724166915418157500,13,529.42,518.66,479.09000000000003,109.5,1,1,1.0
1724166915447791800,13,515.16,515.27,479.47,108.60000000000002,1,1,1.0
1724166915492759800,13,495.38,509.08,485.78,112.00000000000006,1,1,1.0
1724166915539991900,13,477.61,504.64,505.90999999999997,117.36000000000001,1,1,1.0
1724166915619291500,13,465.49,501.74,502.4,124.29999999999995,1,1,1.0
1724166915647389000,13,449.62,499.62,510.62,129.41999999999996,1,1,1.0
1724166915692205200,13,434.61,499.08,508.56999999999994,132.13000000000005,1,1,1.0
1724166915738010400,13,419.93,501.75,498.39000000000004,128.09000000000003,1,1,1.0
1724166915816162400,13,411.14,508.89,486.53,126.5,1,1,1.0
1724166915860370100,13,400.97,515.03,487.06999999999994,129.66000000000008,1,1,1.0
1724166915889627000,13,396.06,520.71,475.15000000000003,127.62,1,1,1.0
1724166915936309000,13,387.63,524.31,470.12,131.68000000000006,1,1,1.0
1724166915981041100,13,385.09,519.73,468.28000000000003,143.55999999999995,1,1,1.0
1724166916056690700,13,387.49,509.94,470.51,153.10999999999996,1,1,1.0
1724166916087645700,13,386.0,499.37,471.90999999999997,154.25,1,1,1.0
1724166916137289500,13,392.74,489.92,498.17999999999995,164.54000000000002,1,1,1.0
1724166916180402000,13,396.89,480.39,510.72,195.61,1,1,1.0
1724166916256465500,13,405.35,468.13,527.34,224.36,1,1,1.0
1724166916334058600,13,428.83,445.53,524.77,240.17000000000007,1,1,1.0
1724166916408644900,13,446.75,439.97,509.94000000000005,228.25,1,1,1.0
1724166916456502600,13,459.9,420.36,506.87,207.22000000000003,1,1,1.0
1724166916500266200,13,477.78,403.94,500.62,196.35999999999996,1,1,1.0
1724166916574622000,14,0.0,455.42,133.56,109.90000000000003,1,1,1.0
1724166916574622000,13,496.85,384.92,494.15999999999997,195.07999999999998,1,1,1.0
1724166916620534000,14,0.0,423.8,210.3,141.52000000000004,1,1,1.0
1724166916620534000,13,508.26,370.66,485.81000000000006,189.32,1,1,1.0
1724166916653925600,14,0.0,419.41,255.92,174.06,1,1,1.0
1724166916653925600,13,510.66,356.4,488.31,192.19000000000005,1,1,1.0
1724166916697307600,14,0.0,389.08,314.71,213.87000000000006,1,1,1.0
1724166916697307600,13,532.05,347.18,483.38,216.23999999999995,1,1,1.0
1724166916775222100,14,0.1,344.85,391.45,256.0,1,1,1.0
1724166916775222100,13,557.81,310.04,458.30000000000007,243.07999999999998,1,1,1.0
1724166916850899000,14,0.0,313.19,407.13,302.61999999999995,1,1,1.0
1724166916850899000,13,595.76,282.86,401.95000000000005,240.64,1,1,1.0
1724166916897044500,14,0.0,306.5,399.22,303.01,1,1,1.0
1724166916897044500,13,593.12,250.92,385.67999999999995,228.71,1,1,1.0
1724166916941316200,14,1.91,295.79,371.48999999999995,303.41,1,1,1.0
1724166916941316200,15,0.0,0.0,101.95,73.04,1,1,1.0
1724166916941316200,13,609.24,235.31,332.08000000000004,237.61,1,1,1.0
1724166917016770100,14,1.25,287.2,378.88,342.47999999999996,1,1,1.0
1724166917016770100,15,0.0,0.0,94.91,61.95,1,1,1.0
1724166917016770100,13,615.83,219.0,283.2199999999999,268.48,1,1,1.0
1724166917047618800,14,2.07,274.35,382.21,357.40999999999997,1,1,1.0
1724166917047618800,15,0.0,0.0,85.88,52.91,1,1,1.0
1724166917047618800,13,618.78,200.74,244.36,302.28,1,1,1.0
1724166917093558700,14,2.25,261.56,386.01,404.7,1,1,1.0
1724166917093558700,13,619.84,187.37,204.42999999999995,322.93,1,1,1.0
1724166917139502400,14,56.51,257.14,336.66,437.36,1,1,1.0
1724166917139502400,13,617.11,174.5,162.33000000000004,325.58,1,1,1.0
1724166917214885800,14,123.64,259.1,262.88,444.6,1,1,1.0
1724166917214885800,13,604.83,163.95,135.68999999999994,324.39,1,1,1.0
1724166917261053800,14,175.8,242.32,198.39,465.18,1,1,1.0
1724166917261053800,13,587.75,158.52,118.00999999999999,300.28,1,1,1.0
1724166917291593800,14,198.5,252.5,181.22000000000003,423.11,1,1,1.0
1724166917291593800,13,561.25,146.61,139.76,270.69,1,1,1.0
1724166917336741300,14,165.07,223.06,218.53000000000003,417.48999999999995,1,1,1.0
1724166917336741300,13,529.58,149.42,161.76,258.78999999999996,1,1,1.0
1724166917382179200,14,139.19,258.51,236.82999999999998,338.28,1,1,1.0
1724166917382179200,13,491.72,153.37,191.61,221.87,1,1,1.0
1724166917461003800,14,51.38,243.13,325.08,343.5,1,1,1.0
1724166917461003800,13,468.34,152.54,202.13000000000005,241.59,1,1,1.0
1724166917489213000,14,56.18,251.5,322.34,283.85,1,1,1.0
1724166917489213000,13,446.86,151.51,213.86,234.60000000000002,1,1,1.0
1724166917568792200,14,17.54,249.83,367.76,223.29999999999998,1,1,1.0
1724166917568792200,13,413.54,148.62,247.57999999999998,226.76,1,1,1.0
1724166917612740400,14,2.26,247.23,397.99,208.54999999999998,1,1,1.0
1724166917612740400,13,395.71,144.92,272.63000000000005,196.62000000000003,1,1,1.0
1724166917657692900,14,0.0,242.76,415.84,244.96000000000004,1,1,1.0
1724166917657692900,13,382.54,142.46,286.75999999999993,199.76000000000002,1,1,1.0
1724166917689956700,14,0.0,237.69,423.48,244.32999999999998,1,1,1.0
1724166917689956700,13,367.08,137.74,305.01000000000005,192.76,1,1,1.0
1724166917779864400,14,0.16,231.81,421.65,230.56,1,1,1.0
1724166917779864400,13,358.63,130.71,311.04999999999995,186.30999999999997,1,1,1.0
1724166917809861700,14,0.37,226.66,410.82,210.35,1,1,1.0
1724166917809861700,13,347.97,122.64,315.51,185.15000000000003,1,1,1.0
1724166917854754100,14,0.05,220.77,396.14,212.78,1,1,1.0
1724166917854754100,13,333.43,120.61,324.78000000000003,177.27999999999997,1,1,1.0
1724166917901161900,14,0.05,211.87,361.71,231.90999999999997,1,1,1.0
1724166917901161900,13,324.93,117.42,326.81,168.59999999999997,1,1,1.0
1724166917932450700,14,0.29,212.11,342.79999999999995,240.36,1,1,1.0
1724166917932450700,13,314.62,114.06,326.22,165.95,1,1,1.0
1724166917977159200,14,0.89,205.0,308.75,244.52999999999997,1,1,1.0
1724166917977159200,13,297.13,108.46,338.96000000000004,168.47000000000003,1,1,1.0
1724166918053328400,14,0.92,203.63,280.03999999999996,239.14,1,1,1.0
1724166918053328400,13,280.56,104.58,341.74999999999994,183.87,1,1,1.0
1724166918098023800,14,0.0,198.41,257.24,230.92,1,1,1.0
1724166918098023800,13,264.74,99.18,344.61,182.19,1,1,1.0
1724166918174480600,14,0.4,194.9,257.99,214.99999999999997,1,1,1.0
1724166918174480600,13,245.14,93.0,350.6,177.52999999999997,1,1,1.0
1724166918219847500,14,0.43,189.01,281.11,216.07999999999998,1,1,1.0
1724166918219847500,13,227.93,87.44,349.22999999999996,171.33999999999997,1,1,1.0
1724166918249392100,14,0.29,189.24,286.75,203.45,1,1,1.0
1724166918249392100,13,214.24,77.81,367.14,162.97,1,1,1.0
1724166918295855900,14,0.05,176.54,280.13,201.43000000000004,1,1,1.0
1724166918295855900,13,190.81,64.04,388.53000000000003,164.57999999999998,1,1,1.0
1724166918341039400,14,0.0,187.51,275.95,172.93,1,1,1.0
1724166918341039400,13,186.38,55.27,391.64,159.45999999999998,1,1,1.0
1724166918421379100,14,0.0,172.53,258.34,173.66,1,1,1.0
1724166918421379100,13,178.16,35.65,391.20000000000005,161.87,1,1,1.0
1724166918451392600,14,0.0,159.51,246.55,160.35000000000002,1,1,1.0
1724166918451392600,13,160.4,18.35,411.65,173.9,1,1,1.0
1724166918496736400,14,0.0,142.85,240.65,170.37000000000003,1,1,1.0
1724166918496736400,13,154.81,0.0,419.48999999999995,179.16,1,1,1.0
1724166918572704000,14,0.0,104.91,231.64,163.72,1,1,1.0
1724166918572704000,16,0.0,160.21,142.59,90.47,1,1,1.0
1724166918572704000,13,185.74,0.12,382.78,144.14,1,1,1.0
1724166918650260300,14,0.0,91.55,228.29,138.29000000000002,1,1,1.0
1724166918650260300,16,1.51,143.65,142.59,90.47,1,1,1.0
1724166918650260300,13,202.75,0.16,361.25,127.87,1,1,1.0
1724166918695641300,14,0.0,71.95,235.76,145.5,1,1,1.0
1724166918695641300,16,0.0,132.85,153.97,89.88,1,1,1.0
1724166918695641300,13,252.0,0.15,313.01,103.3,1,1,1.0
1724166918739360200,14,0.0,52.85,244.54,146.45000000000002,1,1,1.0
1724166918739360200,16,0.0,120.91,169.57,96.74000000000001,1,1,1.0
1724166918739360200,13,268.26,0.09,296.58000000000004,86.45,1,1,1.0
1724166918815103300,14,0.0,40.95,260.61,147.01999999999998,1,1,1.0
1724166918815103300,16,0.0,100.34,176.98,110.13999999999999,1,1,1.0
1724166918815103300,13,334.05,0.0,238.12999999999994,54.06,1,1,1.0
1724166918861401900,14,0.0,17.12,267.83,147.01,1,1,1.0
1724166918861401900,16,0.0,100.54,198.9,116.54,1,1,1.0
1724166918861401900,17,0.0,325.8,120.01,72.40999999999997,1,1,1.0
1724166918861401900,13,395.2,0.0,200.78000000000003,60.92,1,1,1.0
1724166918890591200,14,0.0,1.79,278.7,153.08,1,1,1.0
1724166918890591200,16,0.0,95.4,208.13,114.75,1,1,1.0
1724166918890591200,17,0.14,304.49,165.69000000000003,89.58999999999997,1,1,1.0
1724166918890591200,13,477.35,0.2,131.54999999999995,55.54,1,1,1.0
1724166918983693200,14,0.0,0.29,285.89,142.78,1,1,1.0
1724166918983693200,16,0.0,90.96,214.73,109.54,1,1,1.0
1724166918983693200,17,0.0,295.94,220.46,92.87,1,1,1.0
1724166919012569200,14,0.0,0.8,288.25,139.67,1,1,1.0
1724166919012569200,16,0.0,95.05,220.03,106.56000000000002,1,1,1.0
1724166919012569200,17,0.0,287.12,259.62,100.08999999999997,1,1,1.0
1724166919057863900,14,0.0,0.34,288.97,133.15,1,1,1.0
1724166919057863900,16,0.0,96.76,224.6,104.7,1,1,1.0
1724166919057863900,17,0.0,274.79,302.65,120.70999999999998,1,1,1.0
1724166919088409900,18,595.69,625.07,126.07999999999993,94.9899999999999,1,1,1.0
1724166919088409900,14,0.0,0.36,292.6,126.33,1,1,1.0
1724166919088409900,16,0.0,92.66,236.23,104.9,1,1,1.0
1724166919088409900,17,0.0,274.27,340.47,118.04000000000002,1,1,1.0
1724166919178850600,18,617.11,601.62,138.87,117.90999999999997,1,1,1.0
1724166919178850600,14,0.0,0.04,291.45,115.0,1,1,1.0
1724166919178850600,16,0.0,82.09,246.1,117.35999999999999,1,1,1.0
1724166919178850600,17,0.11,274.35,398.16999999999996,113.38,1,1,1.0
1724166919254951300,18,628.15,593.87,144.40999999999997,126.02999999999997,1,1,1.0
1724166919254951300,14,0.0,0.0,288.41,107.31,1,1,1.0
1724166919254951300,16,0.0,85.51,247.56,119.55999999999999,1,1,1.0
1724166919254951300,17,0.44,274.67,429.95,110.03999999999996,1,1,1.0
1724166919254951300,19,28.72,496.68,163.32,167.81,1,1,1.0
1724166919300387700,18,638.56,587.46,147.94000000000005,132.54999999999995,1,1,1.0
1724166919300387700,20,0.04,536.56,148.3,183.55000000000007,1,1,1.0
1724166919300387700,14,0.0,0.0,284.85,101.21,1,1,1.0
1724166919300387700,16,0.0,88.53,247.63,117.65,1,1,1.0
1724166919300387700,17,0.31,273.29,462.21,107.78999999999996,1,1,1.0
1724166919300387700,19,37.57,486.02,174.76000000000002,174.61,1,1,1.0
1724166919377591600,18,644.61,582.45,153.28999999999996,137.7299999999999,1,1,1.0
1724166919377591600,20,0.84,505.88,201.59,214.83000000000004,1,1,1.0
1724166919377591600,14,0.58,0.25,284.02000000000004,95.42,1,1,1.0
1724166919377591600,16,0.28,94.32,246.64,119.52000000000001,1,1,1.0
1724166919377591600,17,1.59,276.49,479.46000000000004,110.82,1,1,1.0
1724166919377591600,19,126.87,486.84,97.22,178.95,1,1,1.0
1724166919423517400,18,644.78,582.01,159.38,138.23000000000002,1,1,1.0
1724166919423517400,20,0.24,481.92,255.67999999999998,238.91000000000003,1,1,1.0
1724166919423517400,14,0.4,0.0,267.86,89.02,1,1,1.0
1724166919423517400,16,0.0,101.24,241.77,114.85000000000001,1,1,1.0
1724166919423517400,17,21.07,276.26,476.86,138.74,1,1,1.0
1724166919423517400,19,126.87,486.84,116.63,187.06,1,1,1.0
1724166919453069400,18,643.1,585.58,158.40999999999997,134.51999999999998,1,1,1.0
1724166919453069400,20,0.29,481.27,310.32,239.77999999999997,1,1,1.0
1724166919453069400,14,0.05,0.0,253.5,89.92,1,1,1.0
1724166919453069400,16,0.0,105.22,226.7,121.72,1,1,1.0
1724166919453069400,17,48.99,287.1,464.81999999999994,125.32,1,1,1.0
1724166919453069400,19,123.86,499.87,130.54000000000002,179.42999999999995,1,1,1.0
1724166919497559300,18,636.0,599.07,165.55999999999995,120.81999999999994,1,1,1.0
1724166919497559300,20,0.0,494.51,346.07,225.76,1,1,1.0
1724166919497559300,14,0.56,0.0,239.44,81.0,1,1,1.0
1724166919497559300,16,0.0,116.57,205.03,118.48000000000002,1,1,1.0
1724166919497559300,17,57.44,292.0,465.58,133.01999999999998,1,1,1.0
1724166919497559300,19,159.7,495.1,94.70000000000002,196.0,1,1,1.0
1724166919575929700,18,622.08,608.99,168.68999999999994,111.10000000000002,1,1,1.0
1724166919575929700,20,0.45,506.71,375.32,213.32,1,1,1.0
1724166919575929700,14,1.06,0.0,218.32,77.31,1,1,1.0
1724166919575929700,16,0.0,130.5,187.07,116.31,1,1,1.0
1724166919575929700,17,83.35,299.1,451.90999999999997,135.54999999999995,1,1,1.0
1724166919575929700,19,179.6,610.94,69.05000000000001,87.33999999999992,1,1,1.0
1724166919619015400,18,614.44,621.79,167.75,98.11000000000001,1,1,1.0
1724166919619015400,20,0.0,515.68,401.82,203.37,1,1,1.0
1724166919619015400,14,0.0,0.0,194.34,78.02,1,1,1.0
1724166919619015400,16,0.0,143.89,149.46,113.19999999999999,1,1,1.0
1724166919619015400,17,105.3,305.77,434.72999999999996,142.39000000000004,1,1,1.0
1724166919619015400,19,168.5,614.98,76.38999999999999,85.98000000000002,1,1,1.0
1724166919652195300,18,591.8,635.96,186.43000000000006,83.95999999999992,1,1,1.0
1724166919652195300,20,0.0,515.46,423.17,204.54999999999995,1,1,1.0
1724166919652195300,14,0.0,0.0,173.55,73.47,1,1,1.0
1724166919652195300,16,0.3,154.92,127.18,115.03,1,1,1.0
1724166919652195300,17,124.22,314.7,422.65999999999997,137.97000000000003,1,1,1.0
1724166919652195300,19,157.4,619.02,83.73999999999998,84.62,1,1,1.0
1724166919696814600,18,582.47,648.73,189.15999999999997,70.96000000000004,1,1,1.0
1724166919696814600,20,0.0,520.47,451.5,199.68999999999994,1,1,1.0
1724166919696814600,14,0.56,0.36,148.78,67.4,1,1,1.0
1724166919696814600,16,0.0,163.95,100.38,115.03000000000003,1,1,1.0
1724166919696814600,17,147.78,330.1,404.18000000000006,132.06,1,1,1.0
1724166919696814600,19,146.3,623.06,91.07999999999998,83.2600000000001,1,1,1.0
1724166919770771200,18,572.08,656.09,193.43999999999994,63.51999999999998,1,1,1.0
1724166919770771200,20,0.0,522.04,476.39,197.70000000000005,1,1,1.0
1724166919770771200,14,0.0,0.0,125.25,66.25,1,1,1.0
1724166919770771200,17,134.44,339.52,430.75000000000006,134.78000000000003,1,1,1.0
1724166919770771200,19,124.1,631.13,105.77000000000001,80.56000000000006,1,1,1.0
1724166919816747000,18,564.05,662.07,202.84000000000003,57.84999999999991,1,1,1.0
1724166919816747000,20,0.0,525.01,502.36,194.52999999999997,1,1,1.0
1724166919816747000,14,0.0,0.0,101.17,63.24,1,1,1.0
1724166919816747000,17,128.51,344.11,454.29999999999995,135.11,1,1,1.0
1724166919816747000,19,113.0,635.17,113.12,79.20000000000005,1,1,1.0
1724166919861961500,18,551.65,662.53,217.55000000000007,57.370000000000005,1,1,1.0
1724166919861961500,20,0.0,523.28,518.88,186.81000000000006,1,1,1.0
1724166919861961500,17,127.35,349.09,470.13,137.78000000000003,1,1,1.0
1724166919861961500,19,101.9,639.21,120.46000000000001,77.83999999999992,1,1,1.0
1724166919891878200,18,545.41,661.63,229.08000000000004,58.210000000000036,1,1,1.0
1724166919891878200,20,0.0,521.12,545.88,173.39,1,1,1.0
1724166919891878200,17,130.79,348.48,477.11,150.29999999999995,1,1,1.0
1724166919891878200,19,90.8,643.25,127.81000000000002,76.48000000000002,1,1,1.0
1724166919967543800,18,539.07,663.71,230.5,56.16999999999996,1,1,1.0
1724166919967543800,20,0.0,523.67,580.04,169.24,1,1,1.0
1724166919967543800,17,142.46,355.61,475.23,166.44999999999993,1,1,1.0
1724166919967543800,19,91.99,649.97,113.59000000000002,69.35000000000002,1,1,1.0
1724166919967543800,21,1090.88,647.83,129.53999999999996,72.16999999999996,1,1,1.0
1724166920015836600,18,528.12,664.3,239.77999999999997,55.42000000000007,1,1,1.0
1724166920015836600,20,0.0,517.01,605.75,195.41999999999996,1,1,1.0
1724166920015836600,17,158.51,358.91,461.77,166.72999999999996,1,1,1.0
1724166920015836600,19,90.61,652.51,124.49,66.65999999999997,1,1,1.0
1724166920015836600,21,1108.18,637.85,134.25,82.02999999999997,1,1,1.0
1724166920059467200,18,522.86,664.31,262.15,55.24000000000001,1,1,1.0
1724166920059467200,20,0.32,514.33,634.9599999999999,200.7299999999999,1,1,1.0
1724166920059467200,17,177.73,361.36,453.66999999999996,166.34000000000003,1,1,1.0
1724166920059467200,19,80.99,652.82,122.31000000000002,66.21999999999991,1,1,1.0
1724166920059467200,21,1111.76,626.21,135.81999999999994,93.41999999999996,1,1,1.0
1724166920087580900,18,507.34,660.51,287.93,59.65999999999997,1,1,1.0
1724166920087580900,20,30.04,515.37,640.0300000000001,204.30999999999995,1,1,1.0
1724166920087580900,17,205.95,359.39,431.10999999999996,156.65999999999997,1,1,1.0
1724166920087580900,21,1126.32,624.6,152.72000000000003,95.26999999999998,1,1,1.0
1724166920133106600,18,505.82,657.87,288.7,62.10000000000002,1,1,1.0
1724166920133106600,20,87.8,509.05,615.72,179.24999999999994,1,1,1.0
1724166920133106600,17,232.62,364.86,420.65999999999997,122.75,1,1,1.0
1724166920133106600,21,1115.56,611.98,163.77999999999997,107.5,1,1,1.0
1724166920209913800,18,497.08,649.8,298.79,69.97000000000003,1,1,1.0
1724166920209913800,20,163.3,504.59,578.3,156.91000000000003,1,1,1.0
1724166920209913800,17,255.34,362.99,418.03,112.07999999999998,1,1,1.0
1724166920209913800,21,1128.12,595.01,152.1300000000001,123.51999999999998,1,1,1.0
1724166920253751700,18,499.88,640.38,308.59000000000003,79.53999999999996,1,1,1.0
1724166920253751700,20,217.3,492.74,572.6299999999999,137.86,1,1,1.0
1724166920253751700,17,292.98,349.81,408.31999999999994,106.21999999999997,1,1,1.0
1724166920253751700,21,1149.14,573.51,130.8499999999999,144.21000000000004,1,1,1.0
1724166920298120700,18,506.13,634.22,314.57000000000005,85.95999999999992,1,1,1.0
1724166920298120700,20,286.1,483.11,533.77,127.38999999999999,1,1,1.0
1724166920298120700,17,344.32,346.2,385.79,99.54000000000002,1,1,1.0
1724166920298120700,19,110.39,600.65,193.99,119.63999999999999,1,1,1.0
1724166920298120700,21,1185.48,547.95,95.01999999999998,171.43999999999994,1,1,1.0
1724166920378148500,18,531.02,614.58,312.56000000000006,104.45999999999992,1,1,1.0
1724166920378148500,20,428.38,471.66,501.65,108.32999999999998,1,1,1.0
1724166920378148500,17,448.32,332.67,363.33,98.60999999999996,1,1,1.0
1724166920378148500,19,138.07,595.91,233.97000000000003,123.95000000000005,1,1,1.0
1724166920452079800,18,544.74,606.43,317.5,112.12,1,1,1.0
1724166920452079800,20,463.89,462.14,517.4,111.36000000000001,1,1,1.0
1724166920452079800,17,498.17,325.31,340.05,97.49000000000001,1,1,1.0
1724166920452079800,19,162.98,578.03,249.39000000000001,142.20000000000005,1,1,1.0
1724166920499371600,18,558.55,602.26,310.71000000000004,108.60000000000002,1,1,1.0
1724166920499371600,20,528.15,453.63,512.5200000000001,111.0,1,1,1.0
1724166920499371600,17,514.02,315.06,359.44000000000005,109.00999999999999,1,1,1.0
1724166920499371600,19,175.72,588.0,267.77,131.91999999999996,1,1,1.0
1724166920527520100,18,571.33,597.9,311.65999999999997,105.18000000000006,1,1,1.0
1724166920527520100,20,597.95,442.26,501.53,115.37,1,1,1.0
1724166920527520100,17,575.3,308.63,338.93000000000006,100.76999999999998,1,1,1.0
1724166920527520100,19,190.15,584.57,273.1,135.02999999999997,1,1,1.0
1724166920573895600,18,582.17,585.16,314.75,109.37,1,1,1.0
1724166920573895600,20,642.71,425.57,527.4200000000001,122.02000000000004,1,1,1.0
1724166920573895600,17,615.2,298.26,330.19999999999993,111.44,1,1,1.0
1724166920573895600,19,202.23,573.17,284.75,146.57000000000005,1,1,1.0
1724166920650961500,18,594.12,575.31,313.64,118.04000000000008,1,1,1.0
1724166920650961500,20,686.48,412.53,557.27,124.09000000000003,1,1,1.0
1724166920650961500,17,685.67,293.41,303.21000000000004,111.61999999999995,1,1,1.0
1724166920650961500,19,200.28,553.35,315.0,166.36,1,1,1.0
1724166920696761200,18,609.05,564.03,311.0200000000001,117.51999999999998,1,1,1.0
1724166920696761200,20,754.93,392.07,523.6899999999999,138.51000000000005,1,1,1.0
1724166920696761200,17,709.85,284.91,315.39,97.27999999999997,1,1,1.0
1724166920696761200,19,190.21,541.07,326.02,178.78999999999996,1,1,1.0
1724166920696761200,22,0.0,433.92,125.76,94.07999999999998,1,1,1.0
1724166920741603100,18,623.87,554.1,308.78,120.65999999999997,1,1,1.0
1724166920741603100,20,793.23,383.25,485.80999999999995,136.73000000000002,1,1,1.0
1724166920741603100,17,751.43,279.34,316.9,94.54000000000002,1,1,1.0
1724166920741603100,19,178.34,533.08,353.26,187.36,1,1,1.0
1724166920741603100,22,0.0,419.35,159.77,126.44999999999993,1,1,1.0
1724166920817044800,18,631.96,542.49,305.41999999999996,128.03999999999996,1,1,1.0
1724166920817044800,20,851.62,366.73,427.2700000000001,146.36,1,1,1.0
1724166920817044800,17,780.1,274.3,329.01999999999987,96.63,1,1,1.0
1724166920817044800,19,186.35,558.74,344.72,161.56999999999994,1,1,1.0
1724166920817044800,22,0.0,419.35,159.77,126.44999999999993,1,1,1.0
1724166920817044800,23,0.0,359.43,146.82,82.75,1,1,1.0
1724166920862200600,18,635.43,533.05,304.44000000000005,139.87,1,1,1.0
1724166920862200600,20,888.03,371.28,391.68000000000006,140.85000000000002,1,1,1.0
1724166920862200600,17,818.56,269.69,363.72,108.82,1,1,1.0
1724166920862200600,19,196.35,574.11,349.0,145.38,1,1,1.0
1724166920862200600,22,0.2,427.4,188.73000000000002,127.85000000000002,1,1,1.0
1724166920862200600,23,0.0,343.52,161.7,89.71000000000004,1,1,1.0
1724166920862200600,24,0.0,95.48,90.14,111.89999999999999,1,1,1.0
1724166920862200600,25,0.0,207.22,73.95,126.46000000000001,1,1,1.0
1724166920890480900,18,643.09,536.46,302.48,137.98000000000002,1,1,1.0
1724166920890480900,20,926.66,365.89,353.31000000000006,135.49,1,1,1.0
1724166920890480900,26,667.11,689.89,243.80999999999995,30.00999999999999,1,1,1.0
1724166920890480900,17,838.4,269.9,420.0300000000001,101.17000000000002,1,1,1.0
1724166920890480900,19,209.61,584.56,360.66999999999996,134.5300000000001,1,1,1.0
1724166920890480900,22,0.06,420.4,216.10999999999999,153.0,1,1,1.0
1724166920890480900,23,0.43,341.94,175.39,87.14999999999998,1,1,1.0
1724166920890480900,24,0.0,90.32,90.08,133.96,1,1,1.0
1724166920890480900,25,0.0,219.1,54.7,116.56000000000003,1,1,1.0
1724166920969397900,18,649.93,531.24,305.7700000000001,145.42999999999995,1,1,1.0
1724166920969397900,20,974.62,346.17,305.7800000000001,142.51,1,1,1.0
1724166920969397900,26,670.72,683.7,252.91999999999996,35.139999999999986,1,1,1.0
1724166920969397900,17,846.17,264.6,353.69999999999993,106.25999999999999,1,1,1.0
1724166920969397900,19,213.77,539.46,379.31000000000006,180.52999999999997,1,1,1.0
1724166920969397900,22,0.73,416.9,231.53,162.49,1,1,1.0
1724166920969397900,23,0.48,332.79,183.82000000000002,113.50999999999999,1,1,1.0
1724166920969397900,24,0.59,82.62,121.78,165.38,1,1,1.0
1724166920969397900,25,0.4,204.78,112.97999999999999,126.42999999999998,1,1,1.0
1724166921014958900,18,649.68,531.66,311.19000000000005,144.57000000000005,1,1,1.0
1724166921014958900,20,999.18,333.25,281.13,151.97000000000003,1,1,1.0
1724166921014958900,26,670.72,683.7,252.91999999999996,35.139999999999986,1,1,1.0
1724166921014958900,17,864.45,261.61,358.19000000000005,106.75,1,1,1.0
1724166921014958900,19,194.37,536.01,405.5,183.89999999999998,1,1,1.0
1724166921014958900,22,1.62,420.89,241.94,178.14,1,1,1.0
1724166921014958900,23,0.0,335.12,182.6,116.18,1,1,1.0
1724166921014958900,24,0.63,78.43,131.56,185.89999999999998,1,1,1.0
1724166921014958900,25,4.61,210.31,120.0,86.41000000000003,1,1,1.0
1724166921058304100,18,633.66,536.21,319.1,142.74,1,1,1.0
1724166921058304100,20,1002.07,340.2,277.92999999999995,123.56,1,1,1.0
1724166921058304100,26,670.07,679.8,305.6099999999999,39.440000000000055,1,1,1.0
1724166921058304100,17,861.45,258.77,369.68000000000006,113.40000000000003,1,1,1.0
1724166921058304100,19,164.0,551.41,439.78999999999996,167.24,1,1,1.0
1724166921058304100,22,0.07,416.6,235.32,202.48000000000002,1,1,1.0
1724166921058304100,23,0.0,335.12,172.9,122.69999999999999,1,1,1.0
1724166921058304100,24,0.66,80.0,127.93,174.86,1,1,1.0
1724166921058304100,25,1.03,217.86,120.24,88.11000000000001,1,1,1.0
1724166921134886700,18,627.1,525.36,310.18999999999994,159.10000000000002,1,1,1.0
1724166921134886700,20,1002.87,325.49,278.0200000000001,124.21999999999997,1,1,1.0
1724166921134886700,26,684.24,660.59,326.72,59.069999999999936,1,1,1.0
1724166921134886700,17,856.52,251.27,363.0899999999999,106.08000000000001,1,1,1.0
1724166921134886700,19,134.4,551.87,471.28,168.47000000000003,1,1,1.0
1724166921134886700,22,0.16,434.9,205.48,209.01,1,1,1.0
1724166921134886700,24,0.88,91.12,112.44,159.51999999999998,1,1,1.0
1724166921134886700,25,0.0,217.59,106.1,81.72,1,1,1.0
1724166921181983500,18,599.99,526.81,312.56999999999994,175.49,1,1,1.0
1724166921181983500,20,996.23,309.54,284.1600000000001,118.68,1,1,1.0
1724166921181983500,26,682.05,670.03,385.01,49.73000000000002,1,1,1.0
1724166921181983500,17,851.59,249.82,343.52999999999986,104.98000000000002,1,1,1.0
1724166921181983500,19,107.11,613.68,490.63,106.8900000000001,1,1,1.0
1724166921181983500,22,0.54,473.7,183.08,202.15000000000003,1,1,1.0
1724166921181983500,24,1.53,110.17,97.47,97.42999999999999,1,1,1.0
1724166921210769800,18,594.42,521.01,308.64,191.20000000000005,1,1,1.0
1724166921210769800,20,1021.93,309.83,258.15,103.33000000000004,1,1,1.0
1724166921210769800,26,710.33,668.21,391.90999999999997,51.620000000000005,1,1,1.0
1724166921210769800,17,853.63,243.2,327.7700000000001,99.19999999999999,1,1,1.0
1724166921210769800,19,130.11,613.62,474.77,106.28999999999996,1,1,1.0
1724166921210769800,22,0.0,468.08,142.66,243.21999999999997,1,1,1.0
1724166921210769800,25,0.0,238.76,68.77,72.17000000000002,1,1,1.0
1724166921258665100,18,607.23,520.46,275.81999999999994,192.64999999999998,1,1,1.0
1724166921258665100,20,1025.79,302.76,254.8800000000001,95.92000000000002,1,1,1.0
1724166921258665100,26,728.04,672.37,405.95000000000005,47.620000000000005,1,1,1.0
1724166921258665100,17,854.17,241.9,338.68999999999994,97.87999999999997,1,1,1.0
1724166921258665100,19,161.71,626.18,441.0899999999999,93.16000000000008,1,1,1.0
1724166921258665100,22,0.26,478.8,145.94,240.82,1,1,1.0
1724166921286404900,18,595.99,536.59,266.29999999999995,182.60000000000002,1,1,1.0
1724166921286404900,20,1045.44,304.04,234.01999999999998,84.47999999999996,1,1,1.0
1724166921286404900,17,853.92,245.94,334.58000000000004,103.70999999999998,1,1,1.0
1724166921286404900,19,175.96,641.71,384.53999999999996,76.96999999999991,1,1,1.0
1724166921286404900,22,0.64,483.3,118.46,236.18,1,1,1.0
1724166921379942900,18,558.82,531.31,284.91999999999996,188.69000000000005,1,1,1.0
1724166921379942900,20,1048.93,303.41,230.48000000000002,80.66999999999996,1,1,1.0
1724166921379942900,17,845.3,254.95,331.81999999999994,96.91000000000003,1,1,1.0
1724166921409997100,18,556.04,550.49,266.93000000000006,169.37,1,1,1.0
1724166921409997100,20,1055.34,304.53,224.76999999999998,81.33000000000004,1,1,1.0
1724166921409997100,17,839.13,263.02,329.9599999999999,95.46000000000004,1,1,1.0
1724166921454498900,18,559.28,552.02,256.25,168.36,1,1,1.0
1724166921454498900,20,1055.34,304.53,224.76999999999998,81.33000000000004,1,1,1.0
1724166921454498900,17,836.17,277.82,304.83000000000004,112.75999999999999,1,1,1.0
1724166921499284400,18,554.5,563.36,239.26,156.92999999999995,1,1,1.0
1724166921499284400,20,1071.9,306.04,208.0999999999999,81.32999999999998,1,1,1.0
1724166921499284400,17,836.59,286.69,376.90999999999997,114.41000000000003,1,1,1.0
1724166921532019900,18,552.92,565.56,220.95000000000005,154.80000000000007,1,1,1.0
1724166921532019900,20,1085.45,304.53,194.54999999999995,81.33000000000004,1,1,1.0
1724166921532019900,17,837.44,291.57,398.3599999999999,115.63,1,1,1.0
1724166921578415500,18,549.88,567.87,206.78999999999996,152.33000000000004,1,1,1.0
1724166921578415500,20,1109.54,304.53,170.46000000000004,81.33000000000004,1,1,1.0
1724166921578415500,17,839.65,296.22,390.94999999999993,119.57999999999998,1,1,1.0
1724166921653452200,18,539.74,573.08,200.48000000000002,147.38,1,1,1.0
1724166921653452200,20,1129.11,307.54,150.8900000000001,81.32999999999998,1,1,1.0
1724166921653452200,27,0.9,676.94,208.16,42.69999999999993,1,1,1.0
1724166921653452200,17,844.36,298.78,393.34000000000003,121.12,1,1,1.0
1724166921699528700,18,540.48,578.88,180.23000000000002,141.57000000000005,1,1,1.0
1724166921699528700,20,1147.17,309.55,132.82999999999993,81.32999999999998,1,1,1.0
1724166921699528700,27,0.0,667.49,223.27,52.52999999999997,1,1,1.0
1724166921699528700,17,851.54,301.58,380.1600000000001,114.42000000000002,1,1,1.0
1724166921699528700,28,0.0,454.97,67.47,61.69999999999993,1,1,1.0
1724166921730981400,18,532.54,579.98,179.22000000000003,140.29999999999995,1,1,1.0
1724166921730981400,20,1165.24,311.56,114.75999999999999,81.32999999999998,1,1,1.0
1724166921730981400,27,0.14,659.05,252.41000000000003,60.74000000000001,1,1,1.0
1724166921730981400,17,855.28,304.96,389.4200000000001,118.34000000000003,1,1,1.0
1724166921730981400,28,0.3,446.65,76.94,73.81000000000006,1,1,1.0
1724166921773570200,18,530.9,586.89,167.14,132.77999999999997,1,1,1.0
1724166921773570200,20,1183.3,313.56,96.70000000000005,81.32999999999998,1,1,1.0
1724166921773570200,27,0.0,647.42,280.55,72.25999999999999,1,1,1.0
1724166921773570200,17,866.2,310.27,386.20000000000005,116.43,1,1,1.0
1724166921773570200,28,0.16,439.07,92.37,81.32999999999998,1,1,1.0
1724166921851644400,18,528.39,592.4,158.01,127.86000000000001,1,1,1.0
1724166921851644400,20,1216.42,312.06,63.57999999999993,81.32999999999998,1,1,1.0
1724166921851644400,27,0.0,640.7,310.12,79.38999999999999,1,1,1.0
1724166921851644400,17,875.21,319.3,383.64999999999986,111.94,1,1,1.0
1724166921851644400,28,0.1,443.66,108.94000000000001,85.06,1,1,1.0
1724166921897567700,18,529.73,613.7,144.62,106.14999999999998,1,1,1.0
1724166921897567700,27,0.82,629.83,336.85,90.25,1,1,1.0
1724166921897567700,17,897.42,329.68,379.48000000000013,114.21999999999997,1,1,1.0
1724166921897567700,28,0.03,424.5,133.19,130.89,1,1,1.0
1724166921972288000,18,535.3,613.23,134.24,106.36000000000001,1,1,1.0
1724166921972288000,27,1.56,619.21,362.89,101.46999999999991,1,1,1.0
1724166921972288000,17,905.86,337.67,373.33000000000004,121.57999999999998,1,1,1.0
1724166921972288000,28,0.0,414.68,155.3,136.82999999999998,1,1,1.0
1724166922019933100,18,553.65,630.65,112.74000000000001,89.14999999999998,1,1,1.0
1724166922019933100,27,0.93,606.34,389.96,114.01999999999998,1,1,1.0
1724166922019933100,17,910.97,352.19,367.9200000000001,116.04000000000002,1,1,1.0
1724166922019933100,28,0.0,409.86,174.89,149.66999999999996,1,1,1.0
1724166922019933100,29,1218.8,620.14,61.200000000000045,81.13,1,1,1.0
1724166922097863000,27,1.88,590.06,449.23,129.96000000000004,1,1,1.0
1724166922097863000,17,921.7,362.02,359.02,144.08000000000004,1,1,1.0
1724166922097863000,28,0.0,390.05,225.46,165.44,1,1,1.0
1724166922097863000,29,1164.62,591.33,115.2800000000002,126.34999999999991,1,1,1.0
1724166922176171600,27,4.35,587.74,472.39,131.98000000000002,1,1,1.0
1724166922176171600,17,946.85,368.84,332.14,138.47000000000003,1,1,1.0
1724166922176171600,28,0.06,380.93,251.06,174.94,1,1,1.0
1724166922219939100,27,31.74,585.92,480.28,133.73000000000002,1,1,1.0
1724166922219939100,17,986.53,405.35,294.31999999999994,125.34000000000003,1,1,1.0
1724166922219939100,28,0.0,368.97,280.94,193.01,1,1,1.0
1724166922249251400,27,59.05,586.05,489.8,133.61,1,1,1.0
1724166922249251400,17,1008.76,414.97,272.1400000000001,130.02999999999997,1,1,1.0
1724166922249251400,28,0.0,367.12,310.96,185.82000000000005,1,1,1.0
1724166922295691300,27,74.43,588.47,515.9200000000001,131.24,1,1,1.0
1724166922295691300,17,1012.16,421.89,268.48000000000013,129.55000000000007,1,1,1.0
1724166922295691300,28,0.0,339.35,323.35,191.89999999999998,1,1,1.0
1724166922372819300,27,94.84,575.71,530.92,144.66999999999996,1,1,1.0
1724166922372819300,17,1028.53,426.63,251.43000000000006,134.09000000000003,1,1,1.0
1724166922372819300,28,0.68,353.55,400.57,174.83999999999997,1,1,1.0
1724166922416462600,27,91.22,580.22,572.13,140.0,1,1,1.0
1724166922416462600,17,1036.18,436.11,243.90999999999985,130.39999999999998,1,1,1.0
1724166922416462600,28,2.37,348.17,423.64,206.84999999999997,1,1,1.0
1724166922461783700,27,87.67,588.19,607.64,131.26,1,1,1.0
1724166922461783700,17,1050.19,437.94,230.1099999999999,133.23999999999995,1,1,1.0
1724166922461783700,28,1.4,364.58,466.18,129.73000000000002,1,1,1.0
1724166922494381600,27,68.5,586.99,685.34,131.76999999999998,1,1,1.0
1724166922494381600,30,0.81,504.74,87.5,73.75,1,1,1.0
1724166922494381600,17,1057.05,445.66,223.74,121.32999999999998,1,1,1.0
1724166922494381600,28,3.64,361.52,534.14,132.98000000000002,1,1,1.0
