62,1,479.86,668.44,93.79,51.52,1,1,1.000000
64,1,483.19,659.87,113.04,60.11,1,1,1.000000
65,1,476.32,659.05,143.97,60.76,1,1,1.000000
66,1,482.98,657.33,152.09,62.37,1,1,1.000000
67,1,500.17,657.75,167.27,61.84,1,1,1.000000
68,1,522.22,650.60,160.79,69.12,1,1,1.000000
69,1,534.12,644.83,188.23,75.12,1,1,1.000000
70,1,546.82,630.44,206.25,89.71,1,1,1.000000
71,1,575.07,620.15,194.58,99.89,1,1,1.000000
72,1,586.07,611.99,212.85,108.04,1,1,1.000000
73,1,598.51,610.25,226.73,109.85,1,1,1.000000
74,1,609.02,605.05,252.00,114.99,1,1,1.000000
75,1,617.27,606.73,289.59,113.07,1,1,1.000000
76,1,625.54,603.63,332.86,115.85,1,1,1.000000
77,1,635.24,601.66,362.57,118.06,1,1,1.000000
78,1,646.72,598.64,401.25,120.39,1,1,1.000000
79,1,634.36,598.59,456.82,120.35,1,1,1.000000
80,1,625.94,590.93,509.04,126.61,1,1,1.000000
81,1,650.20,585.15,529.21,119.62,1,1,1.000000
82,1,687.31,577.56,534.16,125.55,1,1,1.000000
83,1,729.86,573.19,547.63,133.45,1,1,1.000000
84,1,758.08,570.33,520.87,143.68,1,1,1.000000
85,1,804.52,566.84,475.66,153.61,1,1,1.000000
86,1,829.91,565.72,450.30,153.99,1,1,1.000000
87,1,925.13,568.12,355.24,151.52,1,1,1.000000
88,1,964.73,569.35,315.98,144.02,1,1,1.000000
89,1,998.61,571.26,282.09,124.85,1,1,1.000000
90,1,1035.35,555.40,245.73,132.27,1,1,1.000000
91,1,1065.69,557.66,215.36,126.18,1,1,1.000000
193,2,0.55,526.66,265.79,119.64,1,1,1.000000
194,2,0.66,516.31,316.09,126.06,1,1,1.000000
195,2,0.93,501.20,356.09,148.89,1,1,1.000000
196,2,0.00,500.44,412.84,149.63,1,1,1.000000
197,2,0.42,504.57,457.96,153.77,1,1,1.000000
198,2,0.12,512.52,494.86,156.92,1,1,1.000000
199,2,0.00,521.57,542.21,155.68,1,1,1.000000
200,2,0.25,525.37,591.81,163.44,1,1,1.000000
201,2,1.13,502.82,628.05,197.21,1,1,1.000000
202,2,60.07,544.46,605.38,161.75,1,1,1.000000
203,2,39.71,544.31,655.96,175.39,1,1,1.000000
204,2,59.55,544.78,686.10,175.01,1,1,1.000000
205,2,124.63,549.99,667.78,169.44,1,1,1.000000
206,2,206.38,548.83,636.66,170.40,1,1,1.000000
207,2,281.13,534.94,611.64,184.60,1,1,1.000000
208,2,339.11,515.10,600.21,205.16,1,1,1.000000
209,2,421.62,518.46,560.41,201.47,1,1,1.000000
210,2,456.41,531.64,560.77,188.23,1,1,1.000000
211,2,517.61,567.40,538.89,152.62,1,1,1.000000
212,2,584.20,588.32,518.52,131.23,1,1,1.000000
213,2,654.80,578.09,500.24,141.04,1,1,1.000000
214,2,753.29,556.93,440.06,162.65,1,1,1.000000
215,2,820.18,538.45,433.31,181.35,1,1,1.000000
215,3,1.64,619.46,342.74,99.33,1,1,1.000000
215,4,0.00,409.62,193.44,158.49,1,1,1.000000
216,2,886.40,529.97,392.66,190.46,1,1,1.000000
216,3,1.96,595.31,388.28,124.21,1,1,1.000000
216,4,0.44,393.97,256.56,208.67,1,1,1.000000
217,2,958.10,544.79,321.15,175.49,1,1,1.000000
217,3,0.79,592.97,486.81,125.85,1,1,1.000000
217,4,0.84,378.99,289.24,244.32,1,1,1.000000
218,3,122.47,589.84,483.76,130.33,1,1,1.000000
218,4,0.39,344.40,385.00,282.59,1,1,1.000000
219,3,188.87,602.75,456.42,117.64,1,1,1.000000
219,4,0.90,333.80,428.24,304.83,1,1,1.000000
220,3,197.99,634.62,497.63,85.09,1,1,1.000000
220,4,1.08,327.34,454.50,310.82,1,1,1.000000
221,3,180.08,638.77,531.89,80.92,1,1,1.000000
221,4,0.25,320.29,500.57,324.33,1,1,1.000000
222,3,305.35,652.24,414.81,67.33,1,1,1.000000
222,4,0.01,318.19,527.18,342.56,1,1,1.000000
223,3,295.85,664.93,460.79,54.58,1,1,1.000000
223,4,0.00,319.61,555.67,353.51,1,1,1.000000
224,3,357.60,648.89,371.49,70.70,1,1,1.000000
224,4,0.00,320.62,581.45,397.85,1,1,1.000000
225,4,0.30,315.17,604.45,401.83,1,1,1.000000
226,4,0.00,307.33,634.66,349.03,1,1,1.000000
227,4,0.55,301.01,660.00,321.66,1,1,1.000000
228,4,46.91,293.94,635.87,282.77,1,1,1.000000
229,4,100.83,283.96,613.01,248.98,1,1,1.000000
230,4,131.13,271.02,618.58,242.61,1,1,1.000000
231,4,150.26,263.14,643.41,277.38,1,1,1.000000
232,4,196.86,253.57,636.26,298.46,1,1,1.000000
233,4,258.83,246.72,611.07,285.20,1,1,1.000000
234,4,351.48,239.29,559.35,253.09,1,1,1.000000
235,4,367.77,232.50,586.73,215.83,1,1,1.000000
236,4,409.08,225.69,590.14,190.72,1,1,1.000000
237,4,470.43,216.84,585.54,162.82,1,1,1.000000
238,4,512.81,207.33,602.20,152.90,1,1,1.000000
239,4,568.49,200.50,613.31,161.10,1,1,1.000000
240,4,631.33,191.05,625.71,179.45,1,1,1.000000
241,4,697.92,183.78,581.59,181.06,1,1,1.000000
242,4,754.73,176.37,524.39,172.21,1,1,1.000000
243,4,801.25,168.86,478.21,170.03,1,1,1.000000
244,4,844.10,164.59,434.93,176.90,1,1,1.000000
245,4,888.78,169.97,390.38,163.07,1,1,1.000000
246,4,931.24,176.91,348.48,150.96,1,1,1.000000
247,4,998.32,170.21,281.57,138.39,1,1,1.000000
248,4,1056.04,160.39,224.05,132.02,1,1,1.000000
249,4,1119.46,150.03,160.70,114.68,1,1,1.000000
250,4,1185.75,148.66,93.99,117.79,1,1,1.000000
282,7,0.01,485.42,201.82,145.78,1,1,1.000000
283,7,0.00,482.12,288.37,160.92,1,1,1.000000
284,7,0.15,469.49,330.70,173.99,1,1,1.000000
285,7,0.54,467.33,419.75,176.46,1,1,1.000000
286,7,0.52,459.23,452.91,183.31,1,1,1.000000
287,7,0.44,450.18,511.92,197.21,1,1,1.000000
288,7,0.00,441.02,593.99,195.92,1,1,1.000000
289,7,0.00,435.76,649.40,231.16,1,1,1.000000
290,7,36.24,449.99,659.98,174.55,1,1,1.000000
291,7,123.41,453.45,653.79,173.52,1,1,1.000000
292,7,196.82,445.85,635.42,182.80,1,1,1.000000
293,7,287.34,441.01,638.43,186.86,1,1,1.000000
294,7,327.33,470.40,691.15,179.55,1,1,1.000000
295,7,374.86,465.00,752.05,229.19,1,1,1.000000
296,7,456.58,464.67,768.00,252.98,1,1,1.000000
297,7,562.04,487.56,715.49,232.33,1,1,1.000000
298,7,656.29,483.76,621.17,234.17,1,1,1.000000
299,7,714.06,469.15,563.40,249.67,1,1,1.000000
300,7,790.90,453.39,487.66,262.81,1,1,1.000000
301,7,861.99,450.14,417.92,265.58,1,1,1.000000
302,7,939.48,457.48,340.62,239.68,1,1,1.000000
303,7,1013.46,467.88,266.59,224.13,1,1,1.000000
304,7,1078.12,485.64,201.99,195.96,1,1,1.000000
304,8,51.91,634.81,252.89,85.14,1,1,1.000000
305,7,1149.06,518.62,130.74,149.11,1,1,1.000000
305,8,40.59,616.83,295.27,103.05,1,1,1.000000
306,8,60.53,608.03,301.31,111.88,1,1,1.000000
307,8,86.14,598.81,302.68,121.08,1,1,1.000000
308,8,87.17,593.76,322.22,126.19,1,1,1.000000
309,8,101.96,587.03,334.09,132.63,1,1,1.000000
310,8,102.91,574.16,369.15,145.61,1,1,1.000000
311,8,121.72,562.53,377.49,157.17,1,1,1.000000
312,8,119.97,551.12,420.20,168.21,1,1,1.000000
313,8,109.09,542.62,461.32,176.57,1,1,1.000000
314,8,157.98,530.71,455.02,189.04,1,1,1.000000
315,8,169.74,527.40,481.98,192.13,1,1,1.000000
316,8,200.79,517.84,492.66,201.58,1,1,1.000000
317,8,246.38,503.19,486.93,215.77,1,1,1.000000
318,8,286.39,486.44,486.87,217.57,1,1,1.000000
318,10,0.42,494.70,122.51,111.15,1,1,1.000000
319,8,322.22,473.21,497.89,189.20,1,1,1.000000
319,10,0.00,487.24,154.00,139.38,1,1,1.000000
320,8,363.76,462.76,494.36,188.30,1,1,1.000000
320,10,0.00,482.35,179.68,137.99,1,1,1.000000
321,8,390.51,451.41,527.27,195.70,1,1,1.000000
321,10,0.28,476.27,205.51,139.84,1,1,1.000000
322,8,408.64,435.83,576.60,233.86,1,1,1.000000
322,10,0.25,468.55,262.20,151.83,1,1,1.000000
323,8,470.71,429.46,586.71,240.15,1,1,1.000000
323,10,0.86,458.43,311.77,140.91,1,1,1.000000
324,8,546.61,418.26,602.96,212.07,1,1,1.000000
324,10,0.45,440.37,370.08,162.04,1,1,1.000000
325,8,591.04,412.81,621.86,158.68,1,1,1.000000
325,10,0.23,426.38,412.46,175.63,1,1,1.000000
326,8,640.20,402.13,637.56,154.72,1,1,1.000000
326,10,0.53,406.09,459.27,175.59,1,1,1.000000
327,8,691.54,385.49,588.10,160.44,1,1,1.000000
327,10,0.55,384.95,496.48,192.08,1,1,1.000000
328,8,736.72,376.12,542.46,152.54,1,1,1.000000
328,10,0.00,364.41,540.27,192.83,1,1,1.000000
329,8,801.65,357.57,477.54,178.53,1,1,1.000000
329,10,3.17,348.68,567.91,229.57,1,1,1.000000
330,8,866.11,347.34,414.13,197.13,1,1,1.000000
330,10,0.00,334.24,632.93,269.49,1,1,1.000000
331,8,932.91,361.11,347.79,166.26,1,1,1.000000
331,10,130.53,325.69,551.00,230.40,1,1,1.000000
332,8,979.83,364.57,300.53,132.75,1,1,1.000000
332,10,201.50,307.51,546.60,172.45,1,1,1.000000
333,8,1023.43,363.07,255.79,101.63,1,1,1.000000
333,10,283.58,283.58,534.30,181.75,1,1,1.000000
334,8,1067.73,354.47,211.73,111.55,1,1,1.000000
334,10,297.98,270.03,601.05,217.94,1,1,1.000000
334,11,0.13,236.69,94.81,95.81,1,1,1.000000
335,8,1126.71,352.77,152.98,86.22,1,1,1.000000
335,10,411.83,259.89,567.19,207.94,1,1,1.000000
335,11,0.56,224.79,117.44,113.62,1,1,1.000000
336,8,1167.77,352.70,111.94,84.57,1,1,1.000000
336,10,488.72,251.46,576.65,180.81,1,1,1.000000
336,11,0.62,211.57,153.07,127.61,1,1,1.000000
337,10,562.89,235.63,624.47,162.19,1,1,1.000000
337,11,0.51,202.12,185.04,146.02,1,1,1.000000
338,10,657.69,233.31,620.01,210.89,1,1,1.000000
338,11,1.07,191.92,214.62,172.41,1,1,1.000000
339,10,734.59,260.13,545.02,222.73,1,1,1.000000
339,11,0.88,188.46,243.74,173.80,1,1,1.000000
340,10,852.01,253.09,429.14,239.19,1,1,1.000000
340,11,0.54,180.40,280.50,186.82,1,1,1.000000
341,10,959.97,287.30,319.95,200.69,1,1,1.000000
341,11,0.20,178.10,327.30,191.22,1,1,1.000000
342,10,1042.92,321.85,237.04,153.68,1,1,1.000000
342,11,0.11,173.02,364.28,200.90,1,1,1.000000
343,11,0.59,164.67,410.35,212.99,1,1,1.000000
344,11,0.17,152.40,459.65,228.48,1,1,1.000000
345,11,0.75,146.89,491.19,233.93,1,1,1.000000
346,11,0.01,136.66,539.70,249.11,1,1,1.000000
346,12,0.56,492.02,100.27,96.37,1,1,1.000000
347,11,0.13,120.50,586.30,256.77,1,1,1.000000
347,12,0.34,480.03,136.08,119.61,1,1,1.000000
348,11,0.00,111.30,635.53,266.07,1,1,1.000000
348,12,0.39,476.27,175.38,135.97,1,1,1.000000
349,11,0.00,102.08,690.19,294.46,1,1,1.000000
349,12,0.69,475.14,228.09,151.57,1,1,1.000000
350,11,0.00,92.80,760.38,361.04,1,1,1.000000
350,12,0.42,463.69,277.62,161.09,1,1,1.000000
351,11,1.51,82.31,827.27,358.70,1,1,1.000000
351,12,0.96,446.23,331.06,179.21,1,1,1.000000
352,11,185.38,71.07,732.58,340.77,1,1,1.000000
352,12,0.25,428.73,393.82,175.26,1,1,1.000000
353,11,297.23,58.09,714.31,292.73,1,1,1.000000
353,12,0.80,426.02,468.02,161.11,1,1,1.000000
354,11,478.74,23.71,790.17,250.46,1,1,1.000000
354,12,39.26,411.30,576.76,149.39,1,1,1.000000
355,11,546.31,1.77,729.86,251.99,1,1,1.000000
355,12,62.77,386.32,623.22,158.14,1,1,1.000000
356,11,634.33,0.00,643.17,212.86,1,1,1.000000
356,12,112.83,390.19,639.58,174.11,1,1,1.000000
357,11,722.77,0.18,555.13,190.08,1,1,1.000000
357,12,161.79,378.51,651.60,163.69,1,1,1.000000
358,11,793.46,0.22,486.04,184.95,1,1,1.000000
358,12,233.14,378.82,624.50,166.71,1,1,1.000000
359,11,879.60,0.38,400.29,178.21,1,1,1.000000
359,12,329.76,384.81,592.66,169.49,1,1,1.000000
360,11,952.94,2.56,327.20,164.01,1,1,1.000000
360,12,389.76,362.77,590.52,196.04,1,1,1.000000
360,13,0.04,579.51,145.44,117.24,1,1,1.000000
361,11,1038.85,2.15,240.94,146.88,1,1,1.000000
361,12,452.21,356.28,601.13,208.61,1,1,1.000000
361,13,0.13,570.76,174.61,138.59,1,1,1.000000
362,11,1103.58,2.64,175.66,130.01,1,1,1.000000
362,12,504.57,359.38,608.66,224.22,1,1,1.000000
362,13,0.00,570.56,202.60,149.16,1,1,1.000000
362,14,386.89,684.71,242.64,34.79,1,1,1.000000
363,11,1154.33,1.53,125.23,127.06,1,1,1.000000
363,12,541.67,377.81,640.94,237.32,1,1,1.000000
363,13,0.20,568.89,235.77,150.16,1,1,1.000000
363,14,381.05,683.83,298.55,35.81,1,1,1.000000
364,12,570.44,404.31,705.83,252.05,1,1,1.000000
364,13,0.00,577.04,263.81,141.86,1,1,1.000000
364,14,408.69,686.07,275.20,33.45,1,1,1.000000
365,12,599.38,423.48,678.34,245.02,1,1,1.000000
365,13,0.00,586.26,275.53,132.97,1,1,1.000000
366,12,627.45,430.96,650.49,247.50,1,1,1.000000
366,13,0.49,600.52,287.92,118.87,1,1,1.000000
367,12,667.63,440.76,609.29,246.93,1,1,1.000000
367,13,1.44,607.19,300.20,111.96,1,1,1.000000
368,12,707.44,448.39,571.47,238.99,1,1,1.000000
368,13,2.53,609.62,312.49,109.45,1,1,1.000000
369,12,727.87,442.82,549.53,252.90,1,1,1.000000
369,13,1.76,607.74,325.85,112.00,1,1,1.000000
370,12,760.90,435.85,516.85,259.40,1,1,1.000000
370,13,0.91,600.09,353.08,119.85,1,1,1.000000
371,12,796.89,434.45,482.10,264.51,1,1,1.000000
371,13,0.14,588.79,381.35,130.74,1,1,1.000000
372,12,825.91,432.30,453.02,262.46,1,1,1.000000
372,13,0.00,587.02,401.84,132.40,1,1,1.000000
373,12,846.48,439.95,432.89,243.60,1,1,1.000000
373,13,1.89,586.04,412.63,133.47,1,1,1.000000
374,12,872.05,450.49,408.03,234.00,1,1,1.000000
374,13,1.32,591.39,425.72,128.05,1,1,1.000000
375,12,888.75,457.47,391.52,220.69,1,1,1.000000
375,13,1.10,595.15,440.48,124.65,1,1,1.000000
376,12,909.69,473.03,370.52,206.97,1,1,1.000000
376,13,2.21,599.06,458.60,120.42,1,1,1.000000
377,12,931.91,486.57,347.81,185.38,1,1,1.000000
377,13,3.86,603.38,470.28,116.63,1,1,1.000000
378,12,968.51,494.43,311.16,160.50,1,1,1.000000
378,13,1.78,598.16,505.34,122.30,1,1,1.000000
379,12,998.28,493.09,281.35,153.93,1,1,1.000000
379,13,0.31,581.25,532.90,138.56,1,1,1.000000
380,12,1012.09,480.11,267.91,159.29,1,1,1.000000
380,13,0.00,561.08,561.52,158.54,1,1,1.000000
381,12,1036.61,467.61,243.65,193.65,1,1,1.000000
381,13,0.00,537.97,588.29,181.43,1,1,1.000000
382,12,1066.07,465.19,214.15,172.37,1,1,1.000000
382,13,1.03,527.32,618.53,192.42,1,1,1.000000
383,12,1123.23,472.61,157.05,153.41,1,1,1.000000
383,13,19.84,509.15,643.05,210.93,1,1,1.000000
384,12,1165.37,488.50,115.44,142.01,1,1,1.000000
384,13,35.62,497.10,675.39,222.51,1,1,1.000000
385,13,37.60,483.61,712.78,235.59,1,1,1.000000
386,13,56.80,464.98,748.18,254.44,1,1,1.000000
387,13,220.05,452.59,645.21,260.86,1,1,1.000000
388,13,269.81,447.69,661.63,192.00,1,1,1.000000
389,13,362.40,445.69,636.23,155.35,1,1,1.000000
390,13,441.46,441.89,649.53,150.05,1,1,1.000000
391,13,506.95,428.45,754.64,156.66,1,1,1.000000
392,13,594.85,424.37,684.19,179.97,1,1,1.000000
393,13,667.53,419.29,611.13,199.31,1,1,1.000000
394,13,730.74,420.06,547.03,216.36,1,1,1.000000
395,13,816.43,428.23,462.23,196.87,1,1,1.000000
396,13,871.14,455.20,408.31,180.73,1,1,1.000000
397,13,924.65,452.70,354.91,175.12,1,1,1.000000
398,13,972.33,440.07,307.96,169.06,1,1,1.000000
399,13,1038.78,436.12,241.25,175.38,1,1,1.000000
400,13,1096.83,438.61,183.71,138.19,1,1,1.000000
401,13,1084.41,434.12,196.60,158.10,1,1,1.000000
423,17,205.88,652.08,190.60,67.81,1,1,1.000000
424,17,208.50,647.33,216.22,72.47,1,1,1.000000
425,17,206.99,640.64,249.72,79.24,1,1,1.000000
425,18,0.32,590.35,124.44,116.26,1,1,1.000000
426,17,210.63,635.97,279.44,83.90,1,1,1.000000
426,18,0.16,567.97,171.09,144.16,1,1,1.000000
427,17,215.40,631.48,300.48,88.57,1,1,1.000000
427,18,0.00,549.64,206.09,169.45,1,1,1.000000
428,17,250.52,616.62,299.39,103.19,1,1,1.000000
428,18,0.00,526.93,247.20,193.48,1,1,1.000000
429,17,267.23,599.73,313.29,120.12,1,1,1.000000
429,18,0.00,511.89,288.25,207.72,1,1,1.000000
430,17,283.76,579.37,324.36,140.11,1,1,1.000000
430,18,0.00,502.43,324.11,216.86,1,1,1.000000
431,17,314.38,567.28,329.46,152.04,1,1,1.000000
431,18,0.00,496.18,362.86,223.69,1,1,1.000000
432,17,345.28,556.75,335.08,162.52,1,1,1.000000
432,18,0.00,484.80,401.65,234.56,1,1,1.000000
433,17,376.84,551.53,340.26,168.10,1,1,1.000000
433,18,4.71,473.03,440.62,246.52,1,1,1.000000
434,17,397.91,549.78,345.05,169.78,1,1,1.000000
434,18,14.39,459.20,470.44,258.92,1,1,1.000000
435,17,416.67,546.90,360.22,172.64,1,1,1.000000
435,18,0.93,440.92,517.76,277.62,1,1,1.000000
436,17,435.11,544.40,388.09,175.62,1,1,1.000000
436,18,1.03,420.07,558.08,299.17,1,1,1.000000
437,17,441.19,534.55,416.29,183.52,1,1,1.000000
437,18,3.37,400.02,595.59,309.41,1,1,1.000000
437,19,0.48,330.85,141.96,86.93,1,1,1.000000
438,17,440.59,528.97,446.08,190.83,1,1,1.000000
438,18,105.02,384.95,531.50,282.32,1,1,1.000000
438,19,0.14,321.23,181.73,106.92,1,1,1.000000
439,17,472.08,517.55,456.82,186.49,1,1,1.000000
439,18,164.37,371.57,517.02,261.98,1,1,1.000000
439,19,0.70,314.57,226.20,117.66,1,1,1.000000
440,17,521.81,507.70,461.09,165.78,1,1,1.000000
440,18,203.73,357.60,516.89,276.21,1,1,1.000000
440,19,0.53,306.60,260.33,121.44,1,1,1.000000
441,17,561.05,496.69,483.86,163.71,1,1,1.000000
441,18,286.86,344.87,492.00,280.08,1,1,1.000000
441,19,0.45,293.80,303.53,135.52,1,1,1.000000
442,17,607.59,490.94,508.57,181.25,1,1,1.000000
442,18,355.61,327.50,482.04,271.62,1,1,1.000000
442,19,1.35,280.16,347.60,150.40,1,1,1.000000
443,17,678.75,480.97,518.52,191.16,1,1,1.000000
443,18,401.65,304.45,507.07,246.69,1,1,1.000000
443,19,1.41,269.51,400.47,146.28,1,1,1.000000
444,17,726.65,468.37,550.52,183.43,1,1,1.000000
444,18,474.37,283.07,478.76,217.00,1,1,1.000000
444,19,2.20,258.31,452.30,150.66,1,1,1.000000
445,17,806.52,465.93,472.14,156.08,1,1,1.000000
445,18,548.25,257.68,491.54,208.43,1,1,1.000000
445,19,2.17,250.77,513.33,134.42,1,1,1.000000
446,17,848.92,458.71,430.41,129.11,1,1,1.000000
446,18,600.41,233.56,503.73,208.80,1,1,1.000000
446,19,2.99,241.44,555.16,148.81,1,1,1.000000
446,21,0.53,557.88,392.83,162.44,1,1,1.000000
447,17,935.55,461.59,342.70,132.91,1,1,1.000000
447,18,715.74,202.10,560.57,190.02,1,1,1.000000
447,19,108.64,217.13,543.98,166.06,1,1,1.000000
447,21,1.47,531.74,343.75,186.13,1,1,1.000000
448,17,1003.27,459.81,276.62,134.36,1,1,1.000000
448,18,835.14,191.15,444.85,182.01,1,1,1.000000
448,19,157.73,213.88,527.50,159.45,1,1,1.000000
448,21,0.03,527.14,366.73,184.43,1,1,1.000000
448,22,237.52,651.34,331.55,68.13,1,1,1.000000
448,23,767.41,315.40,221.30,146.24,1,1,1.000000
449,17,1064.98,478.17,214.68,111.80,1,1,1.000000
449,18,803.98,181.88,474.26,237.69,1,1,1.000000
449,19,162.62,209.32,575.02,192.80,1,1,1.000000
449,21,0.00,526.36,381.97,189.71,1,1,1.000000
449,22,301.04,641.04,334.05,78.27,1,1,1.000000
449,24,0.00,28.69,106.62,162.82,1,1,1.000000
449,25,73.58,617.70,322.48,101.14,1,1,1.000000
450,18,871.37,179.79,408.30,225.91,1,1,1.000000
450,19,188.74,201.51,599.85,215.63,1,1,1.000000
450,21,0.19,529.26,413.76,186.60,1,1,1.000000
450,22,319.85,642.92,369.32,76.48,1,1,1.000000
450,25,88.82,623.70,317.57,95.29,1,1,1.000000
451,18,901.21,178.69,378.90,210.18,1,1,1.000000
451,19,241.82,197.62,591.06,221.41,1,1,1.000000
451,21,0.94,528.80,444.09,185.84,1,1,1.000000
451,22,341.56,639.48,442.04,79.54,1,1,1.000000
451,25,87.75,636.07,365.62,83.03,1,1,1.000000
452,18,940.93,198.59,338.20,165.57,1,1,1.000000
452,19,325.22,190.18,553.01,206.21,1,1,1.000000
452,21,1.49,527.71,503.02,165.90,1,1,1.000000
452,22,367.49,642.14,461.32,76.87,1,1,1.000000
452,25,93.88,646.97,368.91,72.03,1,1,1.000000
453,18,1008.13,224.65,271.28,116.48,1,1,1.000000
453,19,368.92,179.63,555.76,204.48,1,1,1.000000
453,21,2.07,522.24,536.65,144.57,1,1,1.000000
453,22,398.13,649.52,449.61,69.45,1,1,1.000000
453,25,55.16,653.79,415.38,65.39,1,1,1.000000
454,18,1074.09,233.48,205.24,105.29,1,1,1.000000
454,19,409.30,171.16,569.44,166.17,1,1,1.000000
454,21,33.15,512.12,567.03,165.66,1,1,1.000000
454,22,374.90,651.52,571.38,67.62,1,1,1.000000
455,18,1160.59,255.94,118.99,91.11,1,1,1.000000
455,19,475.75,164.34,547.45,183.08,1,1,1.000000
455,21,39.67,506.46,603.14,193.46,1,1,1.000000
455,22,210.59,646.79,802.94,72.38,1,1,1.000000
456,19,509.39,150.66,577.39,196.29,1,1,1.000000
456,21,46.17,497.04,652.65,214.53,1,1,1.000000
456,22,484.06,637.15,198.47,82.55,1,1,1.000000
456,25,203.18,654.21,318.50,65.41,1,1,1.000000
457,19,556.66,144.00,610.08,221.07,1,1,1.000000
457,21,147.13,485.68,613.83,210.49,1,1,1.000000
457,22,309.07,638.41,379.80,81.16,1,1,1.000000
457,30,712.58,675.30,368.88,44.00,1,1,1.000000
458,19,619.44,133.00,624.29,208.68,1,1,1.000000
458,21,223.51,493.13,606.61,143.29,1,1,1.000000
458,22,336.39,634.65,409.03,84.81,1,1,1.000000
458,30,732.14,670.62,389.40,48.70,1,1,1.000000
459,19,765.15,126.62,514.98,137.23,1,1,1.000000
459,21,302.71,479.85,600.81,134.14,1,1,1.000000
459,22,375.83,625.45,391.83,94.10,1,1,1.000000
459,30,761.81,661.95,395.74,57.73,1,1,1.000000
460,19,716.52,113.22,560.83,197.77,1,1,1.000000
460,21,368.73,456.46,649.95,150.96,1,1,1.000000
460,22,419.87,621.00,404.49,98.75,1,1,1.000000
460,30,822.60,650.42,269.47,69.10,1,1,1.000000
461,19,773.28,103.66,505.42,159.41,1,1,1.000000
461,21,412.99,450.11,684.89,170.62,1,1,1.000000
461,22,417.19,621.62,456.91,97.73,1,1,1.000000
462,19,828.48,85.99,450.40,163.83,1,1,1.000000
462,21,523.44,461.77,673.09,177.77,1,1,1.000000
462,22,441.11,621.68,482.32,97.84,1,1,1.000000
463,19,886.38,75.26,392.86,162.68,1,1,1.000000
463,21,554.79,461.90,722.75,205.44,1,1,1.000000
463,22,496.51,616.56,491.46,103.19,1,1,1.000000
464,19,949.46,85.73,329.97,130.75,1,1,1.000000
464,21,647.18,445.48,630.73,228.83,1,1,1.000000
464,22,551.82,598.68,482.03,120.83,1,1,1.000000
465,19,1018.09,86.31,262.48,121.02,1,1,1.000000
465,21,698.97,431.15,579.17,251.36,1,1,1.000000
465,22,595.48,599.71,489.87,119.64,1,1,1.000000
466,19,1097.44,82.99,182.56,123.44,1,1,1.000000
466,21,778.62,435.30,500.92,225.49,1,1,1.000000
466,22,649.89,617.11,472.19,102.97,1,1,1.000000
467,19,1170.27,71.83,109.33,120.38,1,1,1.000000
467,21,837.01,449.44,442.72,197.71,1,1,1.000000
467,22,705.64,638.03,450.68,81.71,1,1,1.000000
468,21,928.20,481.30,351.09,121.06,1,1,1.000000
468,22,761.54,635.83,422.10,84.03,1,1,1.000000
468,34,0.34,655.08,230.47,64.72,1,1,1.000000
469,21,1026.27,471.68,253.61,118.59,1,1,1.000000
469,22,812.00,625.44,407.71,94.30,1,1,1.000000
469,34,0.35,638.94,266.98,81.04,1,1,1.000000
470,21,1077.81,452.05,202.61,111.79,1,1,1.000000
470,22,838.29,609.33,440.64,110.25,1,1,1.000000
470,34,0.81,627.86,288.18,92.15,1,1,1.000000
471,21,1150.88,440.03,129.03,100.13,1,1,1.000000
471,22,868.47,599.77,408.33,120.07,1,1,1.000000
471,34,1.22,626.81,316.03,93.17,1,1,1.000000
472,22,913.75,606.91,366.92,113.31,1,1,1.000000
472,34,1.65,627.81,351.34,92.32,1,1,1.000000
473,22,956.54,617.24,322.64,102.60,1,1,1.000000
473,34,2.72,633.79,381.29,86.17,1,1,1.000000
474,22,1017.66,650.10,263.02,69.85,1,1,1.000000
474,34,35.16,638.49,385.44,81.32,1,1,1.000000
475,34,70.77,646.16,399.58,73.36,1,1,1.000000
476,34,102.40,651.24,389.34,68.03,1,1,1.000000
477,34,130.40,642.39,405.56,76.99,1,1,1.000000
478,34,189.20,631.16,382.94,88.53,1,1,1.000000
479,34,245.18,620.05,367.47,99.69,1,1,1.000000
480,34,266.88,619.97,374.19,99.96,1,1,1.000000
481,34,292.19,617.25,396.12,102.57,1,1,1.000000
482,34,340.79,614.00,412.38,105.82,1,1,1.000000
483,34,359.94,609.22,448.72,110.94,1,1,1.000000
484,34,375.03,604.57,494.70,115.62,1,1,1.000000
485,34,391.25,604.87,534.00,115.41,1,1,1.000000
486,34,355.35,606.17,615.45,114.18,1,1,1.000000
487,34,406.22,603.03,615.89,117.08,1,1,1.000000
488,34,456.67,598.03,633.52,121.37,1,1,1.000000
489,34,505.97,590.62,649.05,127.64,1,1,1.000000
490,34,547.19,582.22,673.75,130.83,1,1,1.000000
491,34,595.15,576.00,684.50,144.42,1,1,1.000000
492,34,638.48,571.55,641.18,149.19,1,1,1.000000
493,34,709.78,572.88,570.44,147.48,1,1,1.000000
494,34,790.90,570.31,487.95,150.10,1,1,1.000000
495,34,824.82,568.94,454.05,150.77,1,1,1.000000
496,34,866.25,549.60,413.97,170.17,1,1,1.000000
496,35,0.00,568.12,122.97,100.30,1,1,1.000000
497,34,905.05,529.00,375.88,189.48,1,1,1.000000
497,35,0.00,559.04,164.28,123.32,1,1,1.000000
498,34,964.21,522.13,316.00,188.69,1,1,1.000000
498,35,0.54,552.99,204.56,132.12,1,1,1.000000
499,34,1026.06,529.43,254.32,179.38,1,1,1.000000
499,35,0.21,544.77,247.12,148.31,1,1,1.000000
500,34,1072.81,528.30,208.23,189.44,1,1,1.000000
500,35,0.00,537.46,294.92,159.95,1,1,1.000000
501,35,0.00,519.47,332.82,182.47,1,1,1.000000
502,35,0.00,505.58,374.46,208.52,1,1,1.000000
503,35,0.08,500.57,426.79,198.71,1,1,1.000000
504,35,0.00,498.46,486.25,212.24,1,1,1.000000
505,35,0.00,492.55,573.57,169.99,1,1,1.000000
506,35,80.08,491.22,555.57,160.86,1,1,1.000000
507,35,114.65,477.34,627.21,191.35,1,1,1.000000
508,35,328.78,500.11,547.94,134.36,1,1,1.000000
509,35,403.96,508.56,726.67,172.65,1,1,1.000000
510,35,609.98,511.45,668.47,207.89,1,1,1.000000
511,35,716.16,565.11,563.60,154.34,1,1,1.000000
512,35,951.06,605.29,329.03,113.76,1,1,1.000000
650,44,1231.69,211.65,48.28,78.11,1,1,1.000000
695,47,119.78,664.50,335.92,55.32,1,1,1.000000
696,47,120.37,648.97,380.38,70.82,1,1,1.000000
697,47,144.54,636.77,399.65,83.18,1,1,1.000000
698,47,170.89,619.62,414.52,100.27,1,1,1.000000
699,47,145.41,613.03,479.36,106.95,1,1,1.000000
700,47,221.45,608.60,458.95,111.21,1,1,1.000000
701,47,259.97,599.62,454.96,119.98,1,1,1.000000
702,47,273.72,594.08,495.98,125.45,1,1,1.000000
703,47,247.10,579.75,567.38,139.75,1,1,1.000000
704,47,314.42,579.46,538.13,139.40,1,1,1.000000
705,47,348.70,583.15,557.00,135.83,1,1,1.000000
706,47,399.17,573.26,544.26,146.64,1,1,1.000000
707,47,456.34,557.66,571.82,162.49,1,1,1.000000
708,47,494.20,555.59,587.08,164.09,1,1,1.000000
709,47,537.69,548.53,596.21,171.70,1,1,1.000000
710,47,569.75,576.32,628.54,143.26,1,1,1.000000
711,47,623.44,591.96,597.54,127.92,1,1,1.000000
712,47,675.39,590.73,584.74,129.00,1,1,1.000000
713,47,734.03,579.74,543.77,139.95,1,1,1.000000
714,47,789.71,563.06,489.31,156.58,1,1,1.000000
715,47,833.82,550.44,446.90,169.75,1,1,1.000000
716,47,881.60,548.18,399.80,171.58,1,1,1.000000
717,47,929.04,559.35,351.51,160.81,1,1,1.000000
718,47,989.15,578.16,291.85,141.94,1,1,1.000000
719,47,1053.99,590.48,226.45,129.62,1,1,1.000000
720,47,1107.02,611.48,174.14,108.15,1,1,1.000000
778,51,32.65,0.00,344.99,34.19,1,1,1.000000
779,51,79.22,0.00,348.27,31.63,1,1,1.000000
780,51,125.80,0.12,334.21,44.77,1,1,1.000000
781,51,158.40,0.03,342.66,51.47,1,1,1.000000
782,51,187.26,0.00,341.02,59.89,1,1,1.000000
783,51,202.69,0.00,350.72,73.07,1,1,1.000000
784,51,219.14,0.11,377.07,77.01,1,1,1.000000
785,51,245.39,0.31,382.83,86.23,1,1,1.000000
786,51,276.44,0.19,411.27,99.58,1,1,1.000000
787,51,312.27,0.27,446.36,120.05,1,1,1.000000
788,51,375.51,0.44,400.86,124.02,1,1,1.000000
789,51,415.74,0.48,397.56,140.57,1,1,1.000000
790,51,476.95,0.72,396.02,162.85,1,1,1.000000
791,51,520.41,0.76,419.26,177.09,1,1,1.000000
792,51,576.98,1.06,406.88,198.08,1,1,1.000000
793,51,636.69,1.38,416.60,216.83,1,1,1.000000
794,51,676.86,1.40,438.03,234.91,1,1,1.000000
795,51,700.25,0.71,473.63,256.47,1,1,1.000000
796,51,681.18,0.69,550.69,283.18,1,1,1.000000
797,51,719.15,1.06,557.03,307.78,1,1,1.000000
798,51,755.34,0.41,524.93,335.29,1,1,1.000000
799,51,775.10,0.25,504.45,344.53,1,1,1.000000
800,51,806.56,0.00,473.38,359.81,1,1,1.000000
801,51,847.31,16.66,433.29,359.18,1,1,1.000000
802,51,872.80,40.16,406.97,330.59,1,1,1.000000
804,52,994.36,122.97,286.42,254.54,1,1,1.000000
805,52,1006.69,144.92,274.12,241.83,1,1,1.000000
806,52,1027.51,168.81,252.81,227.29,1,1,1.000000
807,52,1044.03,186.86,236.17,200.90,1,1,1.000000
808,52,1088.28,215.50,191.86,171.07,1,1,1.000000
809,52,1156.58,224.52,123.46,145.73,1,1,1.000000
810,52,1168.20,224.88,111.60,143.90,1,1,1.000000
918,57,0.00,243.93,86.51,130.12,1,1,1.000000
918,58,0.00,45.41,87.41,156.73,1,1,1.000000
919,57,0.19,226.95,109.80,166.37,1,1,1.000000
919,58,0.00,28.56,118.29,185.82,1,1,1.000000
920,57,0.00,213.28,113.26,200.74,1,1,1.000000
920,58,0.00,9.65,146.22,217.63,1,1,1.000000
921,57,0.00,200.80,111.29,234.93,1,1,1.000000
921,58,0.00,0.91,181.95,224.67,1,1,1.000000
922,57,0.00,190.28,121.57,262.18,1,1,1.000000
922,58,0.00,0.42,217.74,231.55,1,1,1.000000
923,57,0.00,173.09,140.39,292.92,1,1,1.000000
923,58,0.00,0.69,246.36,234.23,1,1,1.000000
923,63,1.14,642.84,221.64,76.73,1,1,1.000000
924,57,0.59,164.59,194.11,326.85,1,1,1.000000
924,58,0.17,1.10,273.24,227.03,1,1,1.000000
924,63,0.71,634.66,273.70,85.01,1,1,1.000000
925,57,0.69,154.67,179.92,375.25,1,1,1.000000
925,58,0.13,1.16,309.11,246.91,1,1,1.000000
925,63,1.98,627.56,320.77,91.96,1,1,1.000000
926,57,2.32,142.91,199.22,367.71,1,1,1.000000
926,58,0.00,1.14,321.12,264.29,1,1,1.000000
926,63,2.23,618.65,362.59,101.17,1,1,1.000000
927,57,99.45,135.42,120.14,362.30,1,1,1.000000
927,58,0.28,0.98,348.10,239.25,1,1,1.000000
927,63,2.80,606.89,417.49,112.35,1,1,1.000000
928,57,142.97,131.89,90.10,311.78,1,1,1.000000
928,58,28.60,1.19,329.10,182.46,1,1,1.000000
928,63,4.17,598.98,464.88,120.95,1,1,1.000000
929,57,131.17,119.80,122.73,313.65,1,1,1.000000
929,58,29.03,0.93,339.55,169.61,1,1,1.000000
929,63,21.29,598.51,496.90,121.39,1,1,1.000000
930,57,154.37,114.42,121.66,275.28,1,1,1.000000
930,58,60.14,1.03,323.39,200.28,1,1,1.000000
930,63,5.32,601.02,559.90,117.73,1,1,1.000000
931,57,94.95,99.19,204.60,265.12,1,1,1.000000
931,58,90.08,0.48,297.45,99.45,1,1,1.000000
931,63,88.57,603.24,525.42,109.76,1,1,1.000000
932,57,88.72,95.67,236.15,241.24,1,1,1.000000
932,58,118.58,0.30,270.01,103.59,1,1,1.000000
932,63,143.89,600.85,515.65,106.52,1,1,1.000000
933,57,87.17,85.71,269.36,247.99,1,1,1.000000
933,58,160.15,0.12,223.36,96.74,1,1,1.000000
933,63,206.31,595.96,503.15,105.67,1,1,1.000000
934,57,85.10,75.49,289.86,181.83,1,1,1.000000
934,63,269.56,600.30,479.85,92.66,1,1,1.000000
935,57,81.37,65.90,320.81,204.87,1,1,1.000000
935,63,317.67,585.62,489.37,103.14,1,1,1.000000
936,57,76.17,53.15,346.96,213.06,1,1,1.000000
936,63,382.62,578.69,473.18,112.37,1,1,1.000000
936,66,0.44,381.63,87.06,90.00,1,1,1.000000
937,57,69.88,46.40,358.67,213.84,1,1,1.000000
937,63,434.39,579.77,470.78,113.38,1,1,1.000000
937,66,0.40,375.97,121.04,97.40,1,1,1.000000
938,57,60.19,35.92,365.77,210.83,1,1,1.000000
938,63,486.62,579.30,464.82,120.42,1,1,1.000000
938,66,0.24,369.78,155.88,103.54,1,1,1.000000
939,57,48.88,27.47,363.53,211.81,1,1,1.000000
939,63,537.46,580.07,455.81,122.00,1,1,1.000000
939,66,0.12,369.64,192.31,105.77,1,1,1.000000
940,57,38.57,18.03,364.31,217.28,1,1,1.000000
940,63,592.96,583.85,442.96,120.34,1,1,1.000000
940,66,0.00,357.83,227.95,120.16,1,1,1.000000
941,57,22.91,6.06,358.13,223.98,1,1,1.000000
941,63,640.71,590.40,430.14,120.43,1,1,1.000000
941,66,0.38,366.15,262.35,118.12,1,1,1.000000
942,57,8.00,2.63,358.27,215.95,1,1,1.000000
942,63,673.59,585.32,453.24,130.40,1,1,1.000000
942,66,0.34,371.71,294.23,119.95,1,1,1.000000
943,57,2.37,1.45,353.59,207.28,1,1,1.000000
943,63,712.97,582.88,465.78,137.15,1,1,1.000000
943,66,0.25,381.21,321.85,109.87,1,1,1.000000
944,57,1.85,1.07,366.14,199.43,1,1,1.000000
944,63,764.35,590.97,469.64,129.33,1,1,1.000000
944,66,0.00,384.74,347.31,110.41,1,1,1.000000
945,57,1.86,0.98,363.60,190.49,1,1,1.000000
945,63,802.67,602.26,469.98,117.91,1,1,1.000000
945,66,0.29,390.08,371.25,114.29,1,1,1.000000
946,57,0.87,0.82,354.99,184.05,1,1,1.000000
946,63,845.82,622.65,432.18,97.52,1,1,1.000000
946,66,0.21,394.48,395.70,123.92,1,1,1.000000
947,57,0.71,1.15,329.76,192.69,1,1,1.000000
947,63,893.32,634.53,385.37,85.51,1,1,1.000000
947,66,1.35,399.32,421.18,125.68,1,1,1.000000
948,57,0.65,1.10,300.18,176.86,1,1,1.000000
948,63,944.23,647.89,334.56,72.12,1,1,1.000000
948,66,0.79,406.31,452.35,127.02,1,1,1.000000
949,57,0.63,1.19,271.27,176.13,1,1,1.000000
949,63,992.21,656.17,287.28,63.67,1,1,1.000000
949,66,5.89,410.90,500.63,131.65,1,1,1.000000
950,57,1.01,1.09,244.08,166.89,1,1,1.000000
950,63,1032.23,658.94,246.62,61.03,1,1,1.000000
950,66,77.64,414.23,447.73,129.24,1,1,1.000000
950,68,0.00,456.02,165.28,79.95,1,1,1.000000
951,57,1.22,0.89,234.73,156.24,1,1,1.000000
951,63,1061.33,653.36,218.99,66.61,1,1,1.000000
951,66,123.59,410.32,433.90,140.82,1,1,1.000000
951,68,0.33,457.13,178.18,78.96,1,1,1.000000
952,57,0.20,0.47,233.12,122.23,1,1,1.000000
952,63,1135.89,648.59,144.01,71.10,1,1,1.000000
952,66,226.24,427.72,399.85,131.54,1,1,1.000000
952,68,0.71,449.26,222.15,90.47,1,1,1.000000
953,57,1.28,0.37,233.23,108.01,1,1,1.000000
953,66,259.90,450.69,415.92,102.37,1,1,1.000000
953,68,0.37,445.90,255.78,95.13,1,1,1.000000
954,57,5.15,0.54,234.24,95.75,1,1,1.000000
954,66,280.51,449.83,445.97,102.88,1,1,1.000000
954,68,0.31,437.49,294.35,100.77,1,1,1.000000
955,57,59.31,0.42,183.54,79.51,1,1,1.000000
955,66,330.88,445.30,454.26,98.01,1,1,1.000000
955,68,0.54,430.82,360.64,94.53,1,1,1.000000
956,66,394.36,437.81,451.75,101.34,1,1,1.000000
956,68,0.81,417.79,375.86,92.16,1,1,1.000000
957,66,487.37,428.76,424.54,101.85,1,1,1.000000
957,68,0.94,405.25,420.06,93.63,1,1,1.000000
958,66,544.16,418.97,430.89,98.80,1,1,1.000000
958,68,41.19,394.01,423.50,88.31,1,1,1.000000
959,66,618.11,400.17,429.72,110.88,1,1,1.000000
959,68,121.98,379.61,383.95,82.64,1,1,1.000000
960,66,667.13,386.58,469.27,120.11,1,1,1.000000
960,68,171.19,368.86,376.83,81.19,1,1,1.000000
960,69,0.30,452.52,177.32,115.26,1,1,1.000000
961,66,729.58,384.11,481.23,124.04,1,1,1.000000
961,68,218.27,357.72,369.87,81.82,1,1,1.000000
961,69,0.81,443.61,223.60,112.66,1,1,1.000000
962,66,826.79,399.39,451.00,117.25,1,1,1.000000
962,68,266.60,348.74,356.64,84.20,1,1,1.000000
962,69,1.17,429.76,268.44,125.36,1,1,1.000000
962,70,336.33,625.35,187.79,94.53,1,1,1.000000
963,66,882.97,400.16,395.62,119.55,1,1,1.000000
963,68,307.17,343.38,345.49,84.75,1,1,1.000000
963,69,2.04,420.19,294.47,136.72,1,1,1.000000
963,70,354.08,630.57,181.91,89.48,1,1,1.000000
963,71,0.27,264.74,170.44,65.10,1,1,1.000000
964,66,927.00,400.49,352.03,119.57,1,1,1.000000
964,68,331.78,338.17,342.27,89.29,1,1,1.000000
964,69,3.26,412.95,320.16,154.37,1,1,1.000000
964,70,360.09,628.57,194.19,91.50,1,1,1.000000
964,71,0.06,260.09,200.77,65.77,1,1,1.000000
965,66,972.72,396.18,306.38,119.76,1,1,1.000000
965,68,356.13,334.79,337.82,96.12,1,1,1.000000
965,69,30.56,405.88,308.01,142.77,1,1,1.000000
965,70,374.42,627.26,198.50,92.33,1,1,1.000000
965,71,0.36,257.92,223.72,68.28,1,1,1.000000
965,72,1.05,608.15,198.70,111.26,1,1,1.000000
966,66,1000.54,390.76,278.92,119.26,1,1,1.000000
966,68,379.75,335.71,334.18,99.59,1,1,1.000000
966,69,20.54,400.45,332.03,151.76,1,1,1.000000
966,70,377.06,628.67,211.47,90.97,1,1,1.000000
966,71,0.85,258.11,245.67,74.43,1,1,1.000000
966,72,1.72,613.75,214.02,105.69,1,1,1.000000
967,66,1033.12,387.50,246.69,123.45,1,1,1.000000
967,68,404.68,340.78,322.39,100.10,1,1,1.000000
967,69,47.33,394.85,314.84,147.41,1,1,1.000000
967,70,386.01,631.73,219.47,87.79,1,1,1.000000
967,71,1.30,259.43,255.35,76.16,1,1,1.000000
967,72,3.07,615.65,230.50,101.05,1,1,1.000000
968,66,1067.29,389.37,212.51,117.12,1,1,1.000000
968,68,414.21,349.30,325.40,96.77,1,1,1.000000
968,69,54.76,394.27,317.20,143.19,1,1,1.000000
968,70,387.01,638.76,225.31,80.86,1,1,1.000000
968,71,1.28,262.59,262.27,76.99,1,1,1.000000
968,72,3.10,622.45,237.09,96.22,1,1,1.000000
968,75,0.63,579.56,52.15,52.39,1,1,1.000000
968,77,43.58,636.13,94.85,84.05,1,1,1.000000
969,66,1096.84,395.20,182.70,108.80,1,1,1.000000
969,68,421.95,357.05,327.25,94.03,1,1,1.000000
969,69,65.50,393.67,307.82,147.20,1,1,1.000000
969,70,377.31,643.01,239.14,76.58,1,1,1.000000
969,71,1.15,267.08,261.83,78.46,1,1,1.000000
969,75,0.63,585.03,49.94,54.61,1,1,1.000000
969,77,46.74,635.05,97.70,84.95,1,1,1.000000
970,66,1120.80,403.94,158.77,101.88,1,1,1.000000
970,68,428.55,358.72,334.01,108.61,1,1,1.000000
970,69,78.57,397.36,294.73,150.90,1,1,1.000000
970,70,373.47,639.00,253.21,80.56,1,1,1.000000
970,71,0.88,272.04,258.31,85.06,1,1,1.000000
970,75,0.34,594.85,43.96,52.65,1,1,1.000000
970,83,458.66,508.93,81.55,76.30,1,1,1.000000
970,72,66.19,634.13,172.50,84.91,1,1,1.000000
971,66,1142.13,414.40,137.68,90.19,1,1,1.000000
971,68,434.69,365.21,326.09,114.11,1,1,1.000000
971,69,56.35,401.96,311.62,169.14,1,1,1.000000
971,70,363.53,653.97,262.91,65.82,1,1,1.000000
971,71,0.95,277.34,253.18,90.67,1,1,1.000000
971,83,445.56,516.39,82.23,77.77,1,1,1.000000
971,72,56.21,635.03,182.29,83.62,1,1,1.000000
971,77,57.58,636.76,97.63,82.67,1,1,1.000000
972,66,1163.08,425.11,117.10,78.81,1,1,1.000000
972,68,439.76,372.35,330.12,106.33,1,1,1.000000
972,69,40.14,405.00,333.03,187.28,1,1,1.000000
972,70,362.89,652.28,273.55,67.23,1,1,1.000000
972,71,0.80,281.78,251.50,89.18,1,1,1.000000
972,84,533.74,0.00,277.46,50.21,1,1,1.000000
972,77,63.42,632.91,101.19,86.50,1,1,1.000000
973,66,1190.30,434.69,89.75,66.73,1,1,1.000000
973,68,449.40,385.01,332.80,101.61,1,1,1.000000
973,69,4.75,408.83,369.69,198.20,1,1,1.000000
973,70,385.54,658.83,263.41,61.24,1,1,1.000000
973,71,0.84,286.13,257.83,88.08,1,1,1.000000
973,84,535.42,0.00,307.85,66.23,1,1,1.000000
973,77,2.05,628.45,186.92,90.93,1,1,1.000000
973,83,426.37,536.59,83.06,74.81,1,1,1.000000
973,72,87.90,636.87,98.98,82.57,1,1,1.000000
974,66,1217.71,441.38,62.42,59.80,1,1,1.000000
974,68,464.42,393.79,334.09,95.87,1,1,1.000000
974,69,28.30,409.89,355.90,205.01,1,1,1.000000
974,70,426.34,658.74,235.35,61.21,1,1,1.000000
974,71,0.84,290.02,271.02,83.09,1,1,1.000000
974,84,524.52,0.14,339.78,73.49,1,1,1.000000
974,77,1.28,638.23,206.50,80.48,1,1,1.000000
974,72,1.27,634.79,256.31,85.02,1,1,1.000000
975,68,472.09,406.93,341.93,85.88,1,1,1.000000
975,69,39.29,412.70,361.70,197.83,1,1,1.000000
975,70,447.07,662.48,227.55,57.36,1,1,1.000000
975,71,1.69,293.97,288.00,81.37,1,1,1.000000
975,84,518.48,0.16,377.24,85.91,1,1,1.000000
975,72,4.00,650.51,259.31,69.05,1,1,1.000000
975,88,152.35,654.42,121.67,65.43,1,1,1.000000
975,75,0.26,621.76,73.40,63.62,1,1,1.000000
976,68,488.27,414.75,344.41,86.75,1,1,1.000000
976,69,78.70,409.52,337.85,190.81,1,1,1.000000
976,70,476.83,660.21,216.58,59.48,1,1,1.000000
976,71,1.79,293.81,305.23,90.35,1,1,1.000000
976,84,541.43,0.03,399.39,94.55,1,1,1.000000
976,72,4.60,651.37,281.97,68.13,1,1,1.000000
976,75,0.31,622.45,85.76,68.91,1,1,1.000000
977,68,500.23,419.49,352.82,86.22,1,1,1.000000
977,69,83.55,402.48,355.71,192.80,1,1,1.000000
977,70,501.03,657.44,208.81,62.25,1,1,1.000000
977,71,3.69,295.02,319.92,94.61,1,1,1.000000
977,84,575.03,0.06,401.54,103.88,1,1,1.000000
977,72,21.08,650.56,275.37,69.19,1,1,1.000000
977,75,0.66,625.32,102.92,70.67,1,1,1.000000
978,68,520.58,421.89,353.38,91.22,1,1,1.000000
978,69,126.29,399.00,328.11,168.90,1,1,1.000000
978,70,519.92,657.53,213.53,62.16,1,1,1.000000
978,71,22.57,296.61,320.15,92.45,1,1,1.000000
978,84,615.65,1.34,404.57,111.12,1,1,1.000000
978,72,14.58,641.34,313.59,78.03,1,1,1.000000
978,75,0.77,624.73,121.48,78.12,1,1,1.000000
979,68,546.39,424.86,350.74,92.57,1,1,1.000000
979,69,148.72,395.08,325.33,163.08,1,1,1.000000
979,70,538.10,657.86,209.84,61.88,1,1,1.000000
979,71,37.28,296.28,321.63,96.73,1,1,1.000000
979,84,657.24,3.02,409.71,116.96,1,1,1.000000
979,72,49.82,641.35,298.80,78.17,1,1,1.000000
979,75,0.92,625.47,139.70,90.46,1,1,1.000000
979,91,0.29,535.24,141.98,99.73,1,1,1.000000
980,68,573.50,429.20,346.89,89.33,1,1,1.000000
980,69,187.70,390.57,304.16,153.63,1,1,1.000000
980,70,551.92,657.49,212.01,62.25,1,1,1.000000
980,71,37.77,297.14,338.84,108.43,1,1,1.000000
980,84,687.46,8.10,422.26,118.02,1,1,1.000000
980,72,73.27,639.71,311.79,79.66,1,1,1.000000
980,75,0.97,626.67,154.52,90.72,1,1,1.000000
980,91,0.51,534.80,165.50,102.61,1,1,1.000000
981,68,593.32,432.64,351.55,86.24,1,1,1.000000
981,69,196.21,388.23,311.38,153.48,1,1,1.000000
981,70,561.14,655.73,224.97,64.00,1,1,1.000000
981,71,51.87,296.31,345.72,116.63,1,1,1.000000
981,84,734.53,15.76,427.77,113.17,1,1,1.000000
981,72,96.37,632.86,314.83,86.65,1,1,1.000000
981,75,1.06,627.27,180.70,88.99,1,1,1.000000
981,91,0.78,533.49,191.00,110.78,1,1,1.000000
981,93,0.00,0.00,158.42,39.24,1,1,1.000000
982,68,616.75,430.34,354.30,90.57,1,1,1.000000
982,69,207.17,385.03,325.13,161.18,1,1,1.000000
982,70,573.65,654.51,235.28,65.28,1,1,1.000000
982,71,78.69,294.83,340.98,121.30,1,1,1.000000
982,84,771.05,19.26,445.43,114.64,1,1,1.000000
982,72,1.51,624.35,440.70,94.93,1,1,1.000000
982,75,0.15,627.22,197.98,90.46,1,1,1.000000
982,91,0.62,529.99,221.60,112.09,1,1,1.000000
982,93,0.00,0.00,146.26,53.54,1,1,1.000000
983,68,639.88,426.96,349.94,93.71,1,1,1.000000
983,69,229.46,380.68,316.60,167.58,1,1,1.000000
983,70,580.77,651.23,255.85,68.64,1,1,1.000000
983,71,106.13,293.23,333.16,117.46,1,1,1.000000
983,84,811.44,19.44,460.27,115.62,1,1,1.000000
983,72,1.16,611.54,473.58,107.89,1,1,1.000000
983,75,0.15,623.02,226.94,95.42,1,1,1.000000
983,91,0.27,525.46,255.01,120.71,1,1,1.000000
983,93,0.17,0.00,125.83,60.86,1,1,1.000000
984,68,661.42,423.53,359.79,97.61,1,1,1.000000
984,69,251.27,373.76,316.19,168.95,1,1,1.000000
984,70,590.04,647.22,269.72,72.45,1,1,1.000000
984,71,151.47,287.04,312.36,111.70,1,1,1.000000
984,84,848.86,17.60,429.81,115.83,1,1,1.000000
984,72,1.17,599.05,506.65,120.63,1,1,1.000000
984,91,0.28,513.46,284.11,132.11,1,1,1.000000
984,93,0.00,0.00,120.75,63.31,1,1,1.000000
985,68,688.02,423.25,362.40,94.95,1,1,1.000000
985,69,280.03,366.01,319.95,160.19,1,1,1.000000
985,70,592.75,638.24,283.08,81.09,1,1,1.000000
985,71,182.95,282.25,307.19,104.86,1,1,1.000000
985,84,894.16,16.05,384.63,114.95,1,1,1.000000
985,72,2.26,596.97,531.24,122.14,1,1,1.000000
985,91,0.99,504.88,313.17,138.24,1,1,1.000000
985,93,0.05,0.29,107.19,63.29,1,1,1.000000
986,68,712.88,423.60,363.72,91.69,1,1,1.000000
986,69,319.01,353.96,302.18,147.84,1,1,1.000000
986,70,578.15,630.22,315.72,88.67,1,1,1.000000
986,71,211.76,275.77,299.78,106.42,1,1,1.000000
986,84,926.63,10.13,351.93,116.49,1,1,1.000000
986,72,4.88,590.42,554.94,128.61,1,1,1.000000
986,91,1.80,496.18,339.62,152.06,1,1,1.000000
986,93,0.18,1.12,107.06,64.91,1,1,1.000000
986,75,3.27,592.95,297.18,126.05,1,1,1.000000
987,68,731.80,422.73,376.07,88.67,1,1,1.000000
987,69,343.28,343.71,305.22,135.65,1,1,1.000000
987,70,603.56,620.94,316.69,97.38,1,1,1.000000
987,71,246.95,266.14,290.49,103.64,1,1,1.000000
987,84,980.68,3.38,298.27,112.64,1,1,1.000000
987,72,147.42,578.67,442.53,139.44,1,1,1.000000
987,91,1.36,482.66,367.61,166.36,1,1,1.000000
987,93,0.25,0.39,109.55,70.82,1,1,1.000000
987,94,0.22,246.32,79.63,64.33,1,1,1.000000
987,75,4.62,574.11,321.19,144.44,1,1,1.000000
988,68,754.51,421.05,383.38,89.34,1,1,1.000000
988,69,379.42,331.25,283.86,133.78,1,1,1.000000
988,70,614.35,613.20,323.63,101.22,1,1,1.000000
988,71,273.36,255.92,285.76,103.06,1,1,1.000000
988,84,1036.06,2.89,243.18,107.67,1,1,1.000000
988,72,164.26,566.09,450.17,151.38,1,1,1.000000
988,91,2.43,468.94,393.16,180.57,1,1,1.000000
988,93,0.33,0.22,102.86,69.16,1,1,1.000000
988,94,0.49,240.15,106.02,72.07,1,1,1.000000
988,75,4.72,563.24,342.26,155.12,1,1,1.000000
989,68,763.78,414.17,409.63,91.52,1,1,1.000000
989,69,400.80,315.68,286.91,138.53,1,1,1.000000
989,70,640.19,599.18,317.70,90.20,1,1,1.000000
989,71,287.20,245.14,298.22,99.95,1,1,1.000000
989,84,1058.28,5.32,220.94,92.16,1,1,1.000000
989,72,202.77,548.60,435.06,169.57,1,1,1.000000
989,91,2.27,459.71,418.27,157.02,1,1,1.000000
989,94,0.27,227.53,132.57,79.10,1,1,1.000000
989,75,11.79,547.01,358.97,168.98,1,1,1.000000
989,96,362.45,653.36,251.87,66.03,1,1,1.000000
989,97,0.26,102.99,99.71,72.22,1,1,1.000000
989,98,0.07,430.25,64.84,81.11,1,1,1.000000
990,68,802.38,411.24,394.31,90.52,1,1,1.000000
990,69,428.74,306.00,283.19,128.79,1,1,1.000000
990,70,657.75,592.16,315.81,85.84,1,1,1.000000
990,71,296.62,236.56,310.83,106.72,1,1,1.000000
990,84,1126.22,1.60,153.23,81.69,1,1,1.000000
990,72,216.10,537.23,447.29,180.50,1,1,1.000000
990,91,2.85,446.11,444.08,148.78,1,1,1.000000
990,94,0.44,220.42,162.89,80.36,1,1,1.000000
990,75,36.34,533.50,356.87,182.68,1,1,1.000000
990,96,373.51,634.83,275.33,84.07,1,1,1.000000
990,97,0.25,98.06,112.36,71.50,1,1,1.000000
990,98,0.30,420.61,82.75,83.71,1,1,1.000000
991,68,848.93,403.99,397.53,99.63,1,1,1.000000
991,69,446.35,281.60,314.23,134.15,1,1,1.000000
991,70,679.05,573.07,337.12,97.61,1,1,1.000000
991,71,320.77,226.57,313.14,106.34,1,1,1.000000
991,72,303.67,518.59,392.93,157.59,1,1,1.000000
991,91,157.60,423.19,323.99,106.74,1,1,1.000000
991,94,0.07,196.09,178.71,89.66,1,1,1.000000
991,75,116.09,511.28,300.39,171.23,1,1,1.000000
991,96,403.08,615.36,266.83,102.33,1,1,1.000000
991,97,0.44,78.29,149.46,86.59,1,1,1.000000
991,98,1.02,404.95,119.75,93.33,1,1,1.000000
991,83,269.24,640.78,136.18,79.09,1,1,1.000000
992,68,905.61,386.22,372.94,114.66,1,1,1.000000
992,69,476.82,261.85,335.06,133.37,1,1,1.000000
992,70,724.38,556.08,344.87,99.65,1,1,1.000000
992,71,400.46,196.26,295.12,117.57,1,1,1.000000
992,72,402.01,508.01,369.40,105.89,1,1,1.000000
992,91,227.17,401.95,324.33,107.14,1,1,1.000000
992,94,0.89,181.35,217.38,91.21,1,1,1.000000
992,75,191.03,499.00,229.27,141.23,1,1,1.000000
992,96,471.73,600.56,265.30,95.24,1,1,1.000000
992,97,0.19,60.86,190.47,97.74,1,1,1.000000
992,98,0.81,383.18,167.27,108.99,1,1,1.000000
992,102,2.91,400.92,551.63,170.31,1,1,1.000000
992,83,218.31,612.21,235.48,106.95,1,1,1.000000
993,68,928.35,382.85,350.40,127.27,1,1,1.000000
993,69,525.18,252.82,314.99,126.62,1,1,1.000000
993,70,771.11,548.33,288.15,91.46,1,1,1.000000
993,71,425.61,190.72,302.88,94.84,1,1,1.000000
993,72,402.84,498.54,407.02,96.55,1,1,1.000000
993,91,202.03,384.86,373.57,148.70,1,1,1.000000
993,94,0.77,174.18,266.02,78.04,1,1,1.000000
993,75,163.94,481.15,279.78,169.47,1,1,1.000000
993,96,495.78,597.37,293.10,86.48,1,1,1.000000
993,97,0.04,51.61,227.80,104.30,1,1,1.000000
993,98,0.42,368.28,200.04,115.29,1,1,1.000000
993,102,1.94,385.66,565.21,177.63,1,1,1.000000
993,83,222.21,585.81,259.28,133.15,1,1,1.000000
993,105,1.00,475.04,277.79,88.87,1,1,1.000000
994,68,963.31,380.58,315.56,144.51,1,1,1.000000
994,69,541.34,243.80,325.31,126.08,1,1,1.000000
994,70,827.61,545.43,278.65,82.52,1,1,1.000000
994,71,452.39,181.62,303.16,105.31,1,1,1.000000
994,72,440.81,491.76,376.70,93.87,1,1,1.000000
994,94,1.98,167.79,304.88,82.36,1,1,1.000000
994,75,183.91,470.85,332.12,174.72,1,1,1.000000
994,96,506.02,590.90,303.01,89.71,1,1,1.000000
994,97,3.95,42.83,253.46,103.85,1,1,1.000000
994,98,0.19,355.34,215.92,131.27,1,1,1.000000
994,102,0.46,376.25,596.08,184.55,1,1,1.000000
994,83,236.56,581.69,268.62,137.07,1,1,1.000000
994,105,1.16,457.29,302.31,105.19,1,1,1.000000
994,77,14.41,639.86,239.04,78.60,1,1,1.000000
995,68,981.79,387.70,297.09,97.20,1,1,1.000000
995,69,566.05,238.66,317.71,118.76,1,1,1.000000
995,70,784.53,542.41,342.04,105.53,1,1,1.000000
995,71,479.81,171.67,301.38,106.73,1,1,1.000000
995,72,446.83,483.70,403.68,100.42,1,1,1.000000
995,94,2.49,159.63,336.80,98.66,1,1,1.000000
995,75,203.28,461.64,341.76,181.36,1,1,1.000000
995,96,475.83,584.48,348.99,114.71,1,1,1.000000
995,97,36.87,36.54,250.48,97.22,1,1,1.000000
995,98,0.35,349.16,241.64,139.94,1,1,1.000000
995,83,231.32,574.70,297.08,144.38,1,1,1.000000
995,105,2.66,459.61,326.50,99.45,1,1,1.000000
995,91,252.41,372.69,375.17,111.10,1,1,1.000000
996,68,1014.03,398.16,265.03,86.25,1,1,1.000000
996,69,585.89,231.41,325.60,110.61,1,1,1.000000
996,70,850.28,539.69,292.08,80.31,1,1,1.000000
996,71,500.66,166.76,304.29,97.66,1,1,1.000000
996,72,484.10,479.64,391.39,100.74,1,1,1.000000
996,94,58.51,152.80,305.98,91.02,1,1,1.000000
996,75,251.93,452.88,314.59,154.47,1,1,1.000000
996,96,504.33,576.81,384.76,110.83,1,1,1.000000
996,97,66.85,28.12,245.61,94.47,1,1,1.000000
996,98,1.33,341.82,257.36,124.12,1,1,1.000000
996,83,252.37,564.53,304.31,154.32,1,1,1.000000
996,105,3.96,457.53,352.23,98.56,1,1,1.000000
996,113,498.44,539.91,642.43,147.25,1,1,1.000000
996,114,0.12,292.47,72.71,81.52,1,1,1.000000
996,115,704.79,692.46,341.12,27.33,1,1,1.000000
996,116,42.53,621.28,237.07,96.59,1,1,1.000000
996,91,283.72,362.82,368.69,110.24,1,1,1.000000
997,68,1044.91,400.02,234.11,85.61,1,1,1.000000
997,69,610.45,225.06,329.44,100.26,1,1,1.000000
997,70,826.13,537.81,335.59,84.97,1,1,1.000000
997,71,520.15,159.85,312.11,97.89,1,1,1.000000
997,72,519.43,474.62,394.09,113.78,1,1,1.000000
997,94,89.69,150.29,305.52,86.05,1,1,1.000000
997,75,253.43,445.32,332.81,155.65,1,1,1.000000
997,96,533.89,578.55,366.39,117.35,1,1,1.000000
997,97,92.08,20.43,242.48,93.47,1,1,1.000000
997,98,1.39,334.28,279.40,131.52,1,1,1.000000
997,83,259.70,557.51,326.92,160.16,1,1,1.000000
997,105,9.57,457.25,362.89,93.64,1,1,1.000000
997,114,0.77,287.22,91.22,96.97,1,1,1.000000
997,115,725.38,685.64,365.16,34.27,1,1,1.000000
997,116,61.33,611.61,231.30,106.43,1,1,1.000000
997,91,311.02,355.81,367.32,111.18,1,1,1.000000
998,68,1079.12,405.95,200.67,79.41,1,1,1.000000
998,69,631.37,220.14,335.94,89.88,1,1,1.000000
998,70,857.02,535.87,326.62,76.58,1,1,1.000000
998,71,536.77,154.09,322.53,102.84,1,1,1.000000
998,72,532.33,468.82,408.52,104.75,1,1,1.000000
998,94,126.59,145.88,291.21,82.79,1,1,1.000000
998,75,292.52,436.67,313.78,141.95,1,1,1.000000
998,96,546.99,572.78,385.65,93.51,1,1,1.000000
998,97,96.67,14.64,259.90,101.21,1,1,1.000000
998,98,2.39,329.86,295.97,139.36,1,1,1.000000
998,83,271.50,553.52,330.40,164.81,1,1,1.000000
998,105,30.83,450.83,359.74,94.76,1,1,1.000000
998,114,0.89,280.24,112.72,109.22,1,1,1.000000
998,115,824.22,681.55,285.52,38.08,1,1,1.000000
998,116,19.85,606.35,294.32,111.72,1,1,1.000000
998,91,350.59,349.58,351.74,115.92,1,1,1.000000
998,118,0.30,178.13,74.87,72.81,1,1,1.000000
999,68,1114.39,407.42,165.06,75.43,1,1,1.000000
999,69,655.26,216.11,337.81,85.58,1,1,1.000000
999,70,857.17,533.82,342.38,76.39,1,1,1.000000
999,71,556.01,148.23,330.56,106.73,1,1,1.000000
999,72,554.80,463.57,417.26,118.17,1,1,1.000000
999,94,148.91,141.77,300.91,84.29,1,1,1.000000
999,75,348.34,425.43,279.16,112.59,1,1,1.000000
999,96,594.84,569.44,356.99,90.02,1,1,1.000000
999,97,110.29,8.99,269.22,110.94,1,1,1.000000
999,98,3.16,325.66,319.27,137.81,1,1,1.000000
999,83,274.44,541.48,356.80,176.60,1,1,1.000000
999,105,37.24,434.17,379.03,112.50,1,1,1.000000
999,114,0.95,278.47,131.25,119.53,1,1,1.000000
999,115,857.19,673.35,283.34,46.36,1,1,1.000000
999,116,47.83,600.69,285.39,116.77,1,1,1.000000
999,91,354.05,342.70,379.49,121.90,1,1,1.000000
999,118,0.17,167.49,115.30,92.07,1,1,1.000000
1000,68,1142.63,406.46,137.02,70.73,1,1,1.000000
1000,69,672.67,210.95,354.05,84.20,1,1,1.000000
1000,70,879.54,533.14,352.73,74.73,1,1,1.000000
1000,71,579.56,140.57,330.67,112.52,1,1,1.000000
1000,72,591.63,462.01,411.75,128.10,1,1,1.000000
1000,94,174.07,137.80,295.05,85.17,1,1,1.000000
1000,75,437.30,421.87,215.95,108.10,1,1,1.000000
1000,96,611.88,560.99,375.39,96.63,1,1,1.000000
1000,97,127.61,4.13,271.43,116.58,1,1,1.000000
1000,98,4.30,323.95,340.86,145.68,1,1,1.000000
1000,83,309.77,531.53,340.72,185.94,1,1,1.000000
1000,105,61.09,446.54,405.32,103.08,1,1,1.000000
1000,114,0.79,277.40,148.80,118.31,1,1,1.000000
1000,115,887.65,667.42,321.88,52.36,1,1,1.000000
1000,116,51.68,597.94,297.78,119.42,1,1,1.000000
1000,91,376.66,338.25,381.69,130.07,1,1,1.000000
1000,118,0.64,162.96,145.19,110.78,1,1,1.000000
1000,119,36.44,419.79,223.66,84.55,1,1,1.000000
1001,68,1173.86,403.38,105.87,69.28,1,1,1.000000
1001,69,695.65,205.90,363.91,86.54,1,1,1.000000
1001,70,898.37,532.13,350.27,79.25,1,1,1.000000
1001,71,598.24,129.99,339.64,123.22,1,1,1.000000
1001,94,184.18,133.71,309.43,90.14,1,1,1.000000
1001,75,444.55,417.32,221.84,110.74,1,1,1.000000
1001,96,643.99,561.27,372.39,98.68,1,1,1.000000
1001,97,162.22,2.20,266.82,110.51,1,1,1.000000
1001,98,27.26,322.12,336.16,139.34,1,1,1.000000
1001,105,53.76,445.87,435.65,109.78,1,1,1.000000
1001,114,0.68,276.35,167.67,118.26,1,1,1.000000
1001,115,923.06,665.44,345.67,54.11,1,1,1.000000
1001,116,106.44,594.15,259.42,119.50,1,1,1.000000
1001,91,406.18,334.38,379.79,138.68,1,1,1.000000
1001,118,0.36,157.41,187.19,116.23,1,1,1.000000
1001,119,53.83,418.14,227.25,85.62,1,1,1.000000
1001,113,319.70,460.74,718.11,251.18,1,1,1.000000
1002,68,1192.23,399.52,87.57,62.15,1,1,1.000000
1002,69,716.75,202.40,375.15,90.73,1,1,1.000000
1002,70,983.72,530.94,285.48,72.82,1,1,1.000000
1002,71,621.02,130.27,340.77,119.26,1,1,1.000000
1002,94,206.43,131.52,318.09,103.32,1,1,1.000000
1002,75,431.28,413.09,253.13,120.04,1,1,1.000000
1002,96,667.79,548.13,391.37,113.17,1,1,1.000000
1002,97,195.39,0.32,263.44,105.20,1,1,1.000000
1002,98,55.39,321.27,333.45,134.34,1,1,1.000000
1002,105,77.78,449.02,425.93,107.83,1,1,1.000000
1002,114,0.83,279.47,191.99,117.15,1,1,1.000000
1002,115,943.38,663.65,333.91,55.99,1,1,1.000000
1002,116,96.31,594.95,287.45,122.85,1,1,1.000000
1002,91,438.19,330.51,374.36,140.57,1,1,1.000000
1002,118,0.34,155.08,227.81,121.01,1,1,1.000000
1002,119,1.88,419.15,300.72,108.58,1,1,1.000000
1002,123,417.30,676.01,144.97,43.97,1,1,1.000000
1002,72,656.75,458.93,409.68,116.42,1,1,1.000000
1002,83,364.88,526.66,317.90,148.73,1,1,1.000000
1003,68,1214.14,395.03,65.79,63.54,1,1,1.000000
1003,69,733.67,197.50,391.26,97.60,1,1,1.000000
1003,70,1022.86,528.16,254.34,79.69,1,1,1.000000
1003,71,642.06,129.54,345.87,114.44,1,1,1.000000
1003,94,200.19,129.67,353.17,102.85,1,1,1.000000
1003,75,477.33,411.13,224.30,99.19,1,1,1.000000
1003,96,696.62,547.88,401.06,127.37,1,1,1.000000
1003,97,223.00,0.20,253.44,106.12,1,1,1.000000
1003,98,88.42,318.87,322.99,126.56,1,1,1.000000
1003,105,111.39,450.37,471.96,116.42,1,1,1.000000
1003,114,0.35,281.15,217.86,114.35,1,1,1.000000
1003,115,965.98,661.60,312.77,58.08,1,1,1.000000
1003,116,159.23,591.73,237.66,100.17,1,1,1.000000
1003,91,458.59,326.73,383.08,136.07,1,1,1.000000
1003,118,0.68,149.01,268.42,130.85,1,1,1.000000
1003,119,30.93,417.39,289.76,105.00,1,1,1.000000
1003,123,431.97,657.91,145.03,61.92,1,1,1.000000
1003,72,682.22,459.97,414.44,96.64,1,1,1.000000
1003,83,364.90,514.33,349.20,162.62,1,1,1.000000
1004,69,753.19,192.80,400.87,101.06,1,1,1.000000
1004,70,1052.35,519.53,226.40,99.66,1,1,1.000000
1004,71,669.45,124.65,342.82,116.03,1,1,1.000000
1004,94,216.28,128.80,362.70,102.66,1,1,1.000000
1004,75,506.14,406.97,220.24,97.25,1,1,1.000000
1004,96,728.57,547.45,412.33,121.72,1,1,1.000000
1004,97,249.16,0.24,253.45,101.15,1,1,1.000000
1004,98,122.34,315.58,312.18,120.75,1,1,1.000000
1004,105,151.01,457.73,432.29,103.68,1,1,1.000000
1004,114,1.16,279.79,241.97,127.40,1,1,1.000000
1004,115,986.12,661.64,292.59,58.08,1,1,1.000000
1004,116,133.98,591.64,275.92,125.78,1,1,1.000000
1004,91,495.09,324.10,374.28,125.61,1,1,1.000000
1004,118,0.08,148.93,293.60,130.16,1,1,1.000000
1004,119,65.05,415.61,273.71,106.15,1,1,1.000000
1004,123,453.49,664.71,132.00,55.16,1,1,1.000000
1004,72,693.78,457.74,433.57,94.78,1,1,1.000000
1004,83,376.54,511.51,373.97,151.59,1,1,1.000000
1005,69,775.48,189.34,408.34,105.14,1,1,1.000000
1005,70,1084.49,520.40,195.08,93.49,1,1,1.000000
1005,71,687.77,118.62,350.90,115.09,1,1,1.000000
1005,94,254.11,127.67,351.81,108.17,1,1,1.000000
1005,75,513.62,406.20,233.43,92.78,1,1,1.000000
1005,96,756.24,524.53,516.98,155.65,1,1,1.000000
1005,97,268.58,0.00,260.85,97.85,1,1,1.000000
1005,98,153.79,312.81,301.74,112.43,1,1,1.000000
1005,105,214.07,463.40,385.54,98.32,1,1,1.000000
1005,114,1.18,278.59,261.53,144.21,1,1,1.000000
1005,115,1000.25,659.47,278.70,60.14,1,1,1.000000
1005,116,142.76,593.14,294.38,123.80,1,1,1.000000
1005,91,517.71,322.16,375.82,122.89,1,1,1.000000
1005,118,0.44,144.25,332.04,133.79,1,1,1.000000
1005,119,97.46,415.87,253.94,100.84,1,1,1.000000
1005,123,452.94,672.78,147.25,47.30,1,1,1.000000
1005,72,717.69,454.75,441.54,98.41,1,1,1.000000
1005,83,416.73,508.88,352.15,132.79,1,1,1.000000
1005,126,0.45,460.74,119.56,79.93,1,1,1.000000
1006,69,798.69,186.87,415.24,110.73,1,1,1.000000
1006,70,1130.42,520.15,149.06,69.36,1,1,1.000000
1006,71,706.73,116.32,350.84,119.39,1,1,1.000000
1006,94,306.37,122.23,328.88,101.60,1,1,1.000000
1006,75,527.44,401.82,241.57,84.47,1,1,1.000000
1006,96,788.60,552.96,413.45,118.28,1,1,1.000000
1006,97,288.33,0.00,261.47,90.27,1,1,1.000000
1006,98,182.12,308.07,298.22,110.53,1,1,1.000000
1006,105,234.98,469.00,382.67,96.65,1,1,1.000000
1006,114,1.14,275.66,284.85,140.41,1,1,1.000000
1006,115,978.39,663.88,300.76,55.77,1,1,1.000000
1006,116,195.69,593.97,242.52,96.80,1,1,1.000000
1006,91,537.93,319.07,378.05,104.74,1,1,1.000000
1006,119,121.68,415.88,240.70,97.16,1,1,1.000000
1006,123,431.75,672.33,180.64,47.71,1,1,1.000000
1006,72,743.01,453.32,452.66,100.38,1,1,1.000000
1006,83,439.33,505.35,352.64,141.16,1,1,1.000000
1006,126,0.17,459.26,142.74,91.35,1,1,1.000000
1006,127,1.18,542.74,191.67,135.04,1,1,1.000000
1006,128,388.26,671.93,227.59,48.04,1,1,1.000000
1007,69,819.02,186.99,418.33,108.35,1,1,1.000000
1007,70,1140.50,519.11,139.09,77.16,1,1,1.000000
1007,71,728.45,113.28,360.06,116.78,1,1,1.000000
1007,94,338.04,119.92,324.44,100.46,1,1,1.000000
1007,75,538.80,396.67,249.83,86.23,1,1,1.000000
1007,96,813.38,553.42,417.63,94.25,1,1,1.000000
1007,97,306.45,0.00,266.21,88.79,1,1,1.000000
1007,98,196.60,305.86,303.75,109.40,1,1,1.000000
1007,105,247.33,470.43,394.12,99.41,1,1,1.000000
1007,114,2.30,273.99,302.26,141.42,1,1,1.000000
1007,115,996.73,668.20,282.46,51.40,1,1,1.000000
1007,116,203.40,594.03,240.05,106.85,1,1,1.000000
1007,91,562.98,317.80,381.95,100.46,1,1,1.000000
1007,119,119.95,414.46,256.65,95.43,1,1,1.000000
1007,123,462.87,666.80,157.63,53.31,1,1,1.000000
1007,72,767.63,451.13,459.88,109.45,1,1,1.000000
1007,83,465.26,506.29,322.09,131.92,1,1,1.000000
1007,126,0.00,456.54,127.79,92.89,1,1,1.000000
1007,127,1.65,546.59,197.48,121.19,1,1,1.000000
1007,118,3.09,134.17,390.87,164.43,1,1,1.000000
1008,69,843.58,189.03,421.81,100.17,1,1,1.000000
1008,71,751.63,110.42,360.26,120.70,1,1,1.000000
1008,94,372.28,117.69,314.53,104.17,1,1,1.000000
1008,75,536.05,396.48,267.50,81.61,1,1,1.000000
1008,96,830.17,550.36,445.56,100.72,1,1,1.000000
1008,97,319.18,0.00,278.00,89.06,1,1,1.000000
1008,98,204.25,303.62,313.45,119.17,1,1,1.000000
1008,105,285.09,469.53,379.09,102.46,1,1,1.000000
1008,114,2.74,272.50,322.18,153.97,1,1,1.000000
1008,115,1015.24,671.58,264.79,48.27,1,1,1.000000
1008,116,219.86,593.59,231.90,94.42,1,1,1.000000
1008,91,585.02,314.58,387.66,100.69,1,1,1.000000
1008,119,127.17,412.03,259.13,96.25,1,1,1.000000
1008,123,464.64,670.22,164.86,49.72,1,1,1.000000
1008,72,803.17,450.65,462.83,112.81,1,1,1.000000
1008,83,489.25,496.21,333.23,139.63,1,1,1.000000
1008,126,0.10,455.64,145.02,100.18,1,1,1.000000
1008,127,1.66,545.00,212.85,124.78,1,1,1.000000
1008,118,2.02,128.43,417.50,170.69,1,1,1.000000
1009,69,865.25,190.14,413.34,98.13,1,1,1.000000
1009,71,771.51,110.63,366.81,118.81,1,1,1.000000
1009,94,388.23,113.74,327.92,105.95,1,1,1.000000
1009,75,522.17,394.65,294.49,82.53,1,1,1.000000
1009,96,847.04,537.52,433.42,114.41,1,1,1.000000
1009,97,339.41,0.00,277.92,87.54,1,1,1.000000
1009,98,213.87,302.50,323.90,126.93,1,1,1.000000
1009,105,277.87,468.07,413.47,115.28,1,1,1.000000
1009,114,0.37,268.46,343.93,165.72,1,1,1.000000
1009,115,1046.14,680.23,233.76,39.61,1,1,1.000000
1009,116,229.58,587.34,231.38,97.63,1,1,1.000000
1009,91,601.05,310.90,401.67,101.38,1,1,1.000000
1009,119,132.19,408.30,264.03,97.60,1,1,1.000000
1009,72,829.79,447.72,448.00,124.04,1,1,1.000000
1009,83,503.68,502.43,333.67,131.90,1,1,1.000000
1009,126,0.49,451.22,138.47,108.51,1,1,1.000000
1009,127,2.33,543.05,217.14,123.00,1,1,1.000000
1009,118,20.74,122.18,439.17,170.06,1,1,1.000000
1009,128,399.39,671.10,233.19,48.79,1,1,1.000000
1010,69,884.17,191.05,394.88,96.37,1,1,1.000000
1010,71,794.65,108.38,373.62,124.45,1,1,1.000000
1010,94,395.69,110.37,347.76,110.24,1,1,1.000000
1010,75,531.86,392.94,297.87,83.69,1,1,1.000000
1010,96,884.22,542.91,396.83,111.40,1,1,1.000000
1010,97,364.44,0.00,284.77,80.61,1,1,1.000000
1010,98,230.30,297.39,327.54,129.39,1,1,1.000000
1010,105,281.90,466.01,440.09,126.18,1,1,1.000000
1010,114,0.53,262.95,364.79,179.07,1,1,1.000000
1010,116,230.36,585.74,236.32,101.39,1,1,1.000000
1010,91,618.08,308.37,408.35,105.95,1,1,1.000000
1010,119,139.57,403.63,265.42,107.43,1,1,1.000000
1010,72,855.30,449.42,422.43,130.71,1,1,1.000000
1010,83,516.64,502.73,345.56,138.84,1,1,1.000000
1010,126,0.57,446.09,144.75,117.30,1,1,1.000000
1010,127,3.81,539.74,223.67,123.68,1,1,1.000000
1010,118,81.88,115.62,405.53,164.94,1,1,1.000000
1010,131,0.12,133.09,60.24,74.14,1,1,1.000000
1010,128,392.80,668.66,257.91,51.77,1,1,1.000000
1010,123,474.97,669.03,174.44,50.82,1,1,1.000000
1011,69,907.75,192.52,371.61,94.91,1,1,1.000000
1011,71,816.17,109.70,378.67,124.70,1,1,1.000000
1011,94,426.41,107.79,342.59,117.99,1,1,1.000000
1011,75,542.74,388.74,297.70,86.63,1,1,1.000000
1011,96,914.64,551.76,365.45,110.28,1,1,1.000000
1011,97,386.38,0.00,278.85,78.30,1,1,1.000000
1011,98,248.22,292.25,330.91,123.18,1,1,1.000000
1011,105,305.36,465.20,439.34,134.73,1,1,1.000000
1011,114,0.72,254.83,383.47,174.83,1,1,1.000000
1011,116,232.32,579.42,246.06,102.76,1,1,1.000000
1011,91,643.56,305.46,432.93,108.37,1,1,1.000000
1011,119,137.46,401.58,279.48,112.75,1,1,1.000000
1011,72,879.27,451.12,399.34,131.68,1,1,1.000000
1011,83,528.11,501.68,358.25,140.69,1,1,1.000000
1011,126,1.18,440.51,152.86,99.73,1,1,1.000000
1011,127,3.55,534.89,232.73,122.39,1,1,1.000000
1011,118,145.89,106.62,392.29,154.15,1,1,1.000000
1011,131,0.40,128.79,74.03,70.79,1,1,1.000000
1011,128,395.35,669.63,254.31,50.03,1,1,1.000000
1012,69,924.46,195.54,355.25,95.67,1,1,1.000000
1012,71,832.70,112.38,380.91,117.09,1,1,1.000000
1012,94,467.50,105.89,329.80,109.43,1,1,1.000000
1012,75,557.13,385.86,287.76,86.47,1,1,1.000000
1012,96,924.40,556.36,355.73,110.29,1,1,1.000000
1012,97,416.38,0.00,271.90,76.66,1,1,1.000000
1012,98,278.55,287.25,321.71,115.97,1,1,1.000000
1012,105,325.41,465.42,548.01,130.08,1,1,1.000000
1012,114,1.83,247.49,407.33,160.57,1,1,1.000000
1012,116,237.74,577.36,248.78,100.36,1,1,1.000000
1012,91,665.81,303.87,417.77,111.79,1,1,1.000000
1012,119,133.07,397.67,289.92,117.01,1,1,1.000000
1012,72,896.46,452.69,382.33,125.61,1,1,1.000000
1012,83,546.89,506.72,334.90,131.18,1,1,1.000000
1012,126,0.79,430.54,156.50,97.02,1,1,1.000000
1012,127,3.39,530.90,242.89,122.18,1,1,1.000000
1012,118,185.05,97.24,387.65,152.03,1,1,1.000000
1012,131,0.67,121.56,89.86,80.83,1,1,1.000000
1012,128,406.80,663.84,249.27,55.87,1,1,1.000000
1012,133,0.08,189.40,58.53,47.98,1,1,1.000000
1013,69,947.97,195.52,331.68,97.75,1,1,1.000000
1013,71,861.40,112.06,379.52,115.99,1,1,1.000000
1013,94,500.35,101.68,330.12,101.87,1,1,1.000000
1013,75,574.56,383.68,281.52,90.24,1,1,1.000000
1013,96,952.20,565.38,327.97,105.71,1,1,1.000000
1013,97,444.68,0.00,273.72,71.96,1,1,1.000000
1013,98,305.13,281.47,316.49,112.62,1,1,1.000000
1013,105,362.54,469.11,527.27,107.96,1,1,1.000000
1013,114,1.60,240.76,427.70,166.24,1,1,1.000000
1013,116,244.81,577.11,251.11,102.00,1,1,1.000000
1013,91,681.37,303.62,432.14,111.74,1,1,1.000000
1013,119,133.81,393.81,303.54,119.73,1,1,1.000000
1013,72,923.77,458.92,355.30,117.89,1,1,1.000000
1013,83,565.31,502.62,339.37,131.26,1,1,1.000000
1013,126,1.83,423.34,162.63,99.54,1,1,1.000000
1013,127,5.80,526.56,253.38,116.30,1,1,1.000000
1013,118,220.47,89.60,381.23,142.15,1,1,1.000000
1013,131,0.00,115.90,96.18,117.70,1,1,1.000000
1013,128,409.55,656.75,253.44,62.75,1,1,1.000000
1014,69,969.40,197.19,310.23,100.85,1,1,1.000000
1014,71,890.11,113.19,384.18,93.54,1,1,1.000000
1014,94,514.89,102.07,344.69,99.29,1,1,1.000000
1014,75,602.70,384.83,278.46,90.96,1,1,1.000000
1014,96,999.17,584.67,281.52,133.24,1,1,1.000000
1014,97,471.33,0.03,274.34,64.89,1,1,1.000000
1014,98,345.44,278.38,309.31,103.22,1,1,1.000000
1014,105,409.48,468.82,535.44,108.58,1,1,1.000000
1014,114,2.33,233.72,447.87,162.80,1,1,1.000000
1014,116,269.52,576.07,261.09,84.91,1,1,1.000000
1014,91,719.29,305.42,445.51,105.02,1,1,1.000000
1014,119,152.34,391.14,308.19,116.55,1,1,1.000000
1014,72,955.49,469.96,323.72,123.18,1,1,1.000000
1014,126,5.35,412.92,179.39,96.28,1,1,1.000000
1014,127,3.90,518.39,279.49,199.16,1,1,1.000000
1014,118,261.20,81.08,376.89,134.09,1,1,1.000000
1014,131,0.47,109.64,105.01,75.74,1,1,1.000000
1014,128,438.18,656.17,242.76,63.20,1,1,1.000000
1014,77,123.67,662.88,84.77,57.58,1,1,1.000000
1014,133,0.47,174.01,97.69,61.43,1,1,1.000000
1015,69,1034.36,201.65,244.89,104.48,1,1,1.000000
1015,71,946.78,109.40,332.14,99.49,1,1,1.000000
1015,94,319.74,77.02,590.72,121.13,1,1,1.000000
1015,75,662.53,379.76,273.16,94.74,1,1,1.000000
1015,97,514.33,0.00,304.89,68.94,1,1,1.000000
1015,98,408.87,276.34,304.04,93.33,1,1,1.000000
1015,105,467.39,472.88,494.45,110.04,1,1,1.000000
1015,114,3.16,229.67,506.60,172.57,1,1,1.000000
1015,116,297.72,573.20,265.82,87.60,1,1,1.000000
1015,91,780.82,311.27,475.67,111.43,1,1,1.000000
1015,119,218.41,388.50,292.77,105.69,1,1,1.000000
1015,72,1023.47,498.81,255.70,121.65,1,1,1.000000
1015,126,6.32,411.18,233.58,94.03,1,1,1.000000
1015,127,2.28,509.67,324.19,209.30,1,1,1.000000
1015,131,0.78,109.38,150.58,128.25,1,1,1.000000
1016,69,1109.89,237.78,169.45,88.38,1,1,1.000000
1016,71,998.00,109.25,282.20,116.58,1,1,1.000000
1016,94,371.88,71.90,625.19,141.13,1,1,1.000000
1016,75,693.06,380.70,290.00,109.27,1,1,1.000000
1016,97,579.40,0.18,299.16,52.41,1,1,1.000000
1016,98,433.06,274.12,328.01,107.76,1,1,1.000000
1016,105,518.03,478.10,511.36,123.16,1,1,1.000000
1016,114,3.77,227.49,547.91,163.68,1,1,1.000000
1016,116,319.47,573.28,259.98,66.60,1,1,1.000000
1016,91,824.78,319.25,451.58,123.10,1,1,1.000000
1016,119,253.14,387.65,283.23,102.14,1,1,1.000000
1016,72,1062.60,504.27,216.88,110.81,1,1,1.000000
1016,126,123.86,403.60,144.03,71.21,1,1,1.000000
1016,127,3.05,501.93,342.21,159.92,1,1,1.000000
1016,131,1.19,108.10,203.68,131.46,1,1,1.000000
1016,123,499.23,659.50,234.30,60.01,1,1,1.000000
1016,96,1120.14,605.12,158.61,90.84,1,1,1.000000
1016,128,360.17,660.53,372.11,59.94,1,1,1.000000
1016,77,29.91,656.48,234.02,63.08,1,1,1.000000
1017,69,1143.92,244.06,135.96,79.16,1,1,1.000000
1017,71,1004.74,116.46,276.13,116.65,1,1,1.000000
1017,94,406.94,65.01,436.23,147.57,1,1,1.000000
1017,75,712.52,386.30,279.46,111.92,1,1,1.000000
1017,97,592.45,0.00,301.68,60.84,1,1,1.000000
1017,98,443.71,271.05,337.92,111.99,1,1,1.000000
1017,105,544.88,480.65,499.72,124.06,1,1,1.000000
1017,114,1.69,221.49,569.72,147.08,1,1,1.000000
1017,116,325.30,575.39,256.85,69.49,1,1,1.000000
1017,91,844.15,326.72,433.53,124.89,1,1,1.000000
1017,119,257.24,386.66,283.43,99.64,1,1,1.000000
1017,72,1088.34,511.44,191.70,109.07,1,1,1.000000
1017,126,111.20,401.09,156.72,93.46,1,1,1.000000
1017,127,65.60,500.73,286.24,123.86,1,1,1.000000
1017,131,0.95,98.77,207.65,142.84,1,1,1.000000
1017,140,0.07,0.24,173.61,110.16,1,1,1.000000
1017,141,0.97,362.41,216.10,65.56,1,1,1.000000
1017,142,1.09,99.25,201.70,83.15,1,1,1.000000
1017,123,527.63,636.39,222.14,82.66,1,1,1.000000
1017,96,1150.56,613.34,128.97,81.52,1,1,1.000000
1017,77,44.66,659.86,220.64,59.44,1,1,1.000000
1018,69,1155.45,241.12,124.13,91.62,1,1,1.000000
1018,71,1012.46,113.61,268.08,119.33,1,1,1.000000
1018,94,421.56,59.25,453.53,152.99,1,1,1.000000
1018,75,718.07,385.76,303.14,110.64,1,1,1.000000
1018,97,599.86,0.00,316.01,61.87,1,1,1.000000
1018,98,449.42,270.38,343.08,112.61,1,1,1.000000
1018,105,550.81,487.94,508.91,116.72,1,1,1.000000
1018,114,2.26,235.22,418.94,136.43,1,1,1.000000
1018,116,309.87,577.88,271.16,70.37,1,1,1.000000
1018,91,849.54,326.02,429.49,122.78,1,1,1.000000
1018,119,247.69,389.38,288.69,96.89,1,1,1.000000
1018,72,1107.26,517.11,172.71,118.70,1,1,1.000000
1018,126,90.27,405.79,167.04,100.11,1,1,1.000000
1018,127,64.22,502.98,278.36,116.65,1,1,1.000000
1018,131,0.38,162.56,207.70,70.81,1,1,1.000000
1018,140,0.39,0.33,143.78,95.97,1,1,1.000000
1018,141,0.66,361.02,208.41,69.64,1,1,1.000000
1018,142,1.56,94.73,189.27,82.79,1,1,1.000000
1018,123,534.49,663.18,210.63,56.72,1,1,1.000000
1018,77,59.13,675.37,197.33,44.63,1,1,1.000000
1018,143,1.24,521.83,133.49,108.49,1,1,1.000000
1018,144,700.51,93.17,362.02,94.97,1,1,1.000000