1,1,523.69,636.03,138.90999999999997,23.470000000000027,1,2,1.0
2,1,523.72,635.72,138.98000000000002,23.279999999999973,1,2,1.0
3,1,518.25,632.69,144.25,27.6099999999999,1,2,1.0
4,1,518.69,632.15,143.80999999999995,27.550000000000068,1,2,1.0
5,1,527.63,635.51,133.16999999999996,23.190000000000055,1,2,1.0
6,1,525.73,634.24,135.97000000000003,25.75999999999999,1,2,1.0
7,1,529.29,636.63,134.41000000000008,23.870000000000005,1,2,1.0
8,1,523.32,635.31,141.17999999999995,24.690000000000055,1,2,1.0
9,1,524.3,633.75,140.5,27.149999999999977,1,2,1.0
10,1,524.9,634.46,139.5,25.539999999999964,1,2,1.0
11,1,524.6,634.59,138.39999999999998,27.50999999999999,1,2,1.0
12,1,524.6,634.59,139.10000000000002,26.909999999999968,1,2,1.0
13,1,523.6,633.78,138.89999999999998,26.82000000000005,1,2,1.0
14,1,520.2,632.96,142.0,28.24000000000001,1,2,1.0
15,1,521.9,632.15,141.99,29.629999999999995,1,2,1.0
16,1,520.1,632.55,141.39999999999998,28.25,1,2,1.0
17,1,520.2,632.34,142.0,29.75999999999999,1,2,1.0
18,1,520.67,633.22,140.23000000000002,28.67999999999995,1,2,1.0
19,1,518.51,630.97,144.69000000000005,31.629999999999995,1,2,1.0
20,1,518.51,630.97,143.49,30.029999999999973,1,2,1.0
21,1,515.61,630.51,145.09000000000003,32.289999999999964,1,2,1.0
22,1,517.52,629.66,143.68000000000006,31.840000000000032,1,2,1.0
23,1,517.52,629.66,143.27999999999997,32.139999999999986,1,2,1.0
24,1,516.92,629.58,144.43000000000006,32.569999999999936,1,2,1.0
25,1,516.31,629.5,145.59000000000003,33.0,1,2,1.0
26,1,518.3,629.42,143.9000000000001,32.879999999999995,1,2,1.0
27,1,518.0,630.38,143.70000000000005,32.72000000000003,1,2,1.0
28,1,517.7,629.01,143.29999999999995,34.09000000000003,1,2,1.0
29,1,515.95,630.52,146.3499999999999,31.480000000000018,1,2,1.0
30,1,519.14,630.45,143.96000000000004,31.449999999999932,1,2,1.0
31,1,518.06,630.0,143.1400000000001,31.700000000000045,1,2,1.0
32,1,518.0,629.9,141.5,32.0,1,2,1.0
33,1,516.11,630.56,145.09000000000003,31.040000000000077,1,2,1.0
34,1,518.1,631.0,143.29999999999995,30.399999999999977,1,2,1.0
35,1,518.2,631.3,145.0999999999999,29.700000000000045,1,2,1.0
36,1,513.9,628.0,149.70000000000005,31.700000000000045,1,2,1.0
37,1,513.9,627.3,148.89999999999998,31.200000000000045,1,2,1.0
38,1,514.6,628.0,147.60000000000002,30.200000000000045,1,2,1.0
39,1,512.69,626.88,153.90999999999997,30.32000000000005,1,2,1.0
40,1,512.69,626.88,153.6099999999999,30.91999999999996,1,2,1.0
41,1,512.1,626.7,155.29999999999995,29.899999999999977,1,2,1.0
42,1,511.4,623.2,157.20000000000005,30.5,1,2,1.0
43,1,511.4,624.1,158.89999999999998,30.100000000000023,1,2,1.0
44,1,510.5,623.42,162.39999999999998,30.480000000000018,1,2,1.0
45,1,511.8,623.8,162.21999999999997,29.350000000000023,1,2,1.0
46,1,507.6,619.4,167.54999999999995,33.0,1,2,1.0
47,1,509.6,619.25,166.66999999999996,32.39999999999998,1,2,1.0
48,1,507.5,619.09,169.89999999999998,31.809999999999945,1,2,1.0
49,1,505.31,618.01,175.69,29.49000000000001,1,2,1.0
50,1,503.21,615.35,176.88000000000005,29.620000000000005,1,2,1.0
51,1,503.28,615.65,179.12,28.75,1,2,1.0
52,1,503.28,615.65,181.72000000000003,27.149999999999977,1,2,1.0
53,1,502.06,612.44,187.33999999999997,29.959999999999923,1,2,1.0
54,1,502.0,612.66,185.26,27.200000000000045,1,2,1.0
55,1,492.7,608.4,193.66000000000003,31.090000000000032,1,2,1.0
56,1,496.1,608.25,195.23000000000002,27.66999999999996,1,2,1.0
57,1,496.0,608.07,194.60000000000002,26.92999999999995,1,2,1.0
58,1,482.7,603.1,210.90000000000003,32.69999999999993,1,2,1.0
59,1,484.9,603.08,209.93000000000006,31.25,1,2,1.0
60,1,486.7,601.28,208.32999999999998,32.49000000000001,1,2,1.0
61,1,484.2,599.6,212.2,33.5,1,2,1.0
62,1,485.0,600.86,210.39999999999998,31.639999999999986,1,2,1.0
63,1,484.43,598.9,210.36999999999995,32.80000000000007,1,2,1.0
64,1,473.3,592.7,223.8,38.299999999999955,1,2,1.0
65,1,474.8,592.9,223.49999999999994,36.30000000000007,1,2,1.0
66,1,473.1,591.9,224.5,37.200000000000045,1,2,1.0
67,1,473.77,591.24,223.02999999999997,37.960000000000036,1,2,1.0
68,1,472.59,589.82,227.41000000000003,39.67999999999995,1,2,1.0
69,1,468.51,586.2,235.09000000000003,43.19999999999993,1,2,1.0
70,1,465.99,584.69,237.30999999999995,44.20999999999992,1,2,1.0
71,1,462.3,581.78,243.8,44.01999999999998,1,2,1.0
72,1,460.01,581.43,247.49,43.270000000000095,1,2,1.0
73,1,458.94,581.68,247.26000000000005,44.32000000000005,1,2,1.0
74,1,461.46,582.39,246.94,39.50999999999999,1,2,1.0
75,1,460.39,581.07,245.81000000000006,42.229999999999905,1,2,1.0
76,1,462.56,583.0,243.73999999999995,39.200000000000045,1,2,1.0
77,1,460.48,579.56,251.22000000000003,42.1400000000001,1,2,1.0
78,1,459.11,579.98,252.18999999999994,41.51999999999998,1,2,1.0
79,1,458.84,580.47,254.06,42.02999999999997,1,2,1.0
80,1,457.37,579.07,258.03,41.52999999999997,1,2,1.0
81,1,457.43,579.48,256.17,40.819999999999936,1,2,1.0
82,1,455.91,578.15,259.09,41.14999999999998,1,2,1.0
83,1,455.81,578.34,258.69,40.860000000000014,1,2,1.0
84,1,450.8,574.9,266.09999999999997,43.89999999999998,1,2,1.0
85,1,462.3,582.35,251.7,37.14999999999998,1,2,1.0
86,1,464.34,581.86,248.76000000000005,37.139999999999986,1,2,1.0
87,1,457.3,579.7,260.33,36.02999999999997,1,2,1.0
88,1,457.0,577.7,265.0,38.799999999999955,1,2,1.0
89,1,462.52,581.61,257.20000000000005,32.10000000000002,1,2,1.0
90,1,459.4,581.15,257.65,31.950000000000045,1,2,1.0
91,1,459.6,581.16,258.75,30.850000000000023,1,2,1.0
92,1,458.19,581.39,258.60999999999996,33.210000000000036,1,2,1.0
93,1,461.91,582.3,255.69,31.90000000000009,1,2,1.0
94,1,462.01,582.72,255.49,29.779999999999973,1,2,1.0
95,1,462.36,583.7,257.43999999999994,31.59999999999991,1,2,1.0
96,1,462.16,583.41,255.94,32.59000000000003,1,2,1.0
97,1,462.28,582.95,256.9200000000001,33.049999999999955,1,2,1.0
98,1,466.17,582.48,254.32999999999998,30.41999999999996,1,2,1.0
99,1,466.08,585.49,252.12000000000006,30.909999999999968,1,2,1.0
100,1,467.82,586.39,250.47999999999996,31.110000000000014,1,2,1.0
101,1,470.01,586.92,246.78999999999996,31.180000000000064,1,2,1.0
102,1,472.42,587.57,243.47999999999996,26.329999999999927,1,2,1.0
103,1,467.8,588.85,249.99999999999994,26.25,1,2,1.0
104,1,473.28,590.65,241.62,26.25,1,2,1.0
105,1,473.8,589.8,241.2,27.700000000000045,1,2,1.0
106,1,472.86,590.88,240.43999999999994,26.120000000000005,1,2,1.0
107,1,476.87,591.66,234.78999999999996,24.040000000000077,1,2,1.0
108,1,474.09,590.95,237.99000000000007,24.899999999999977,1,2,1.0
109,1,473.57,590.95,238.22999999999996,24.889999999999986,1,2,1.0
110,1,475.28,591.62,236.92000000000007,26.17999999999995,1,2,1.0
111,1,480.16,592.63,233.39999999999992,25.66999999999996,1,2,1.0
112,1,475.2,592.14,240.89000000000004,26.210000000000036,1,2,1.0
113,1,474.79,592.56,234.81,26.6400000000001,1,2,1.0
114,1,477.18,592.19,231.32,26.729999999999905,1,2,1.0
115,1,474.96,592.26,234.91000000000003,27.32000000000005,1,2,1.0
116,1,477.85,593.37,230.95999999999992,26.539999999999964,1,2,1.0
117,1,477.7,594.18,230.8,26.550000000000068,1,2,1.0
118,1,476.03,594.09,234.04000000000008,26.100000000000023,1,2,1.0
119,1,476.6,595.16,232.0,26.780000000000086,1,2,1.0
120,1,475.71,595.2,234.48000000000008,26.66999999999996,1,2,1.0
121,1,479.04,595.2,229.86999999999995,26.769999999999982,1,2,1.0
122,1,477.8,596.22,229.49999999999994,28.279999999999973,1,2,1.0
123,1,477.42,596.17,231.18,27.730000000000018,1,2,1.0
124,1,480.23,598.68,221.47000000000003,27.220000000000027,1,2,1.0
125,1,481.45,598.48,225.34999999999997,25.649999999999977,1,2,1.0
126,1,478.7,599.86,232.40000000000003,25.639999999999986,1,2,1.0
127,1,476.64,599.51,234.76,25.99000000000001,1,2,1.0
128,1,477.6,596.26,233.0,29.940000000000055,1,2,1.0
129,1,477.56,598.93,230.73999999999995,26.970000000000027,1,2,1.0
130,1,480.06,599.63,218.2,27.57000000000005,1,2,1.0
131,1,482.65,600.38,225.35000000000002,26.31000000000006,1,2,1.0
132,1,484.7,601.24,226.50000000000006,25.399999999999977,1,2,1.0
133,1,485.4,601.41,222.20000000000005,26.590000000000032,1,2,1.0
134,1,481.42,600.6,221.37999999999994,26.149999999999977,1,2,1.0
135,1,486.4,599.93,215.51,28.370000000000005,1,2,1.0
136,1,481.9,600.09,219.5,28.00999999999999,1,2,1.0
137,1,483.99,599.66,218.11,29.639999999999986,1,2,1.0
138,1,481.06,599.48,221.23999999999995,29.620000000000005,1,2,1.0
139,1,483.08,599.26,219.45999999999998,29.019999999999982,1,2,1.0
140,1,480.54,598.1,219.8,29.67999999999995,1,2,1.0
141,1,479.3,596.8,224.09999999999997,31.25999999999999,1,2,1.0
142,1,475.49,594.16,229.01,33.17000000000007,1,2,1.0
143,1,471.1,593.25,235.79999999999995,35.14999999999998,1,2,1.0
144,1,464.7,585.3,236.40000000000003,41.879999999999995,1,2,1.0
145,1,462.7,584.3,244.2,43.5,1,2,1.0
146,1,462.47,584.73,244.02999999999997,43.370000000000005,1,2,1.0
147,1,466.0,583.6,235.69000000000005,43.51999999999998,1,2,1.0
148,1,467.0,585.5,236.89999999999998,41.889999999999986,1,2,1.0
149,1,466.3,587.5,236.59999999999997,40.870000000000005,1,2,1.0
150,1,465.1,583.6,238.10000000000002,44.59000000000003,1,2,1.0
151,1,466.8,582.9,237.7,44.690000000000055,1,2,1.0
152,1,463.5,579.4,238.5,49.710000000000036,1,2,1.0
153,1,466.0,585.4,237.29999999999995,43.39999999999998,1,2,1.0
154,1,466.98,585.82,240.72000000000003,42.57999999999993,1,2,1.0
155,1,467.32,588.05,238.47999999999996,39.35000000000002,1,2,1.0
156,1,464.4,585.8,240.30000000000007,43.0,1,2,1.0
157,1,469.9,587.8,236.10000000000002,36.700000000000045,1,2,1.0
158,1,471.9,588.5,230.30000000000007,38.89999999999998,1,2,1.0
159,1,472.9,589.8,229.30000000000007,37.40000000000009,1,2,1.0
160,1,470.7,582.4,236.00000000000006,45.39999999999998,1,2,1.0
161,1,466.9,584.2,238.80000000000007,41.0,1,2,1.0
162,1,472.6,587.2,234.19999999999993,39.19999999999993,1,2,1.0
163,1,474.2,591.2,229.90000000000003,35.59999999999991,1,2,1.0
164,1,474.7,588.7,230.8,36.5,1,2,1.0
165,1,472.7,591.0,233.90000000000003,35.60000000000002,1,2,1.0
166,1,473.3,591.9,231.59999999999997,35.30000000000007,1,2,1.0
167,1,472.7,590.6,232.8,36.60000000000002,1,2,1.0
168,1,474.2,589.1,227.40000000000003,42.10000000000002,1,2,1.0
169,1,475.9,593.8,228.0,36.5,1,2,1.0
170,1,475.15,597.09,231.85000000000002,31.409999999999968,1,2,1.0
171,1,480.52,599.74,219.68000000000006,26.960000000000036,1,2,1.0
172,1,477.14,598.46,227.26,28.639999999999986,1,2,1.0
173,1,479.46,596.36,220.00000000000006,30.710000000000036,1,2,1.0
174,1,477.54,595.12,223.35999999999996,32.67999999999995,1,2,1.0
175,1,475.1,595.7,231.19999999999993,32.09999999999991,1,2,1.0
176,1,478.9,595.9,227.39999999999998,30.5,1,2,1.0
177,1,473.5,594.5,232.0,32.39999999999998,1,2,1.0
178,1,474.4,594.0,225.14999999999998,32.82000000000005,1,2,1.0
179,1,476.7,596.5,224.50000000000006,31.799999999999955,1,2,1.0
180,1,476.01,597.35,230.78999999999996,33.35000000000002,1,2,1.0
181,1,475.3,596.0,228.40000000000003,31.610000000000014,1,2,1.0
182,1,478.1,594.6,221.69999999999993,33.0,1,2,1.0
183,1,476.7,596.2,222.04000000000002,30.969999999999914,1,2,1.0
184,1,482.67,594.62,218.86999999999995,31.799999999999955,1,2,1.0
185,1,480.8,594.7,221.11999999999995,32.120000000000005,1,2,1.0
186,1,481.7,592.9,219.40000000000003,35.30000000000007,1,2,1.0
187,1,482.4,597.2,220.60000000000002,30.0,1,2,1.0
188,1,481.76,593.9,213.39,33.51999999999998,1,2,1.0
189,1,481.51,594.75,213.59000000000003,31.049999999999955,1,2,1.0
190,1,483.13,594.81,217.07000000000005,33.79000000000008,1,2,1.0
191,1,480.5,592.74,221.20000000000005,35.65999999999997,1,2,1.0
192,1,483.34,592.6,213.66000000000003,35.39999999999998,1,2,1.0
193,1,482.22,592.97,220.88,34.92999999999995,1,2,1.0
194,1,481.66,596.3,219.73999999999995,31.300000000000068,1,2,1.0
195,1,482.05,596.22,220.55,30.579999999999927,1,2,1.0
196,1,480.81,595.86,219.19,33.139999999999986,1,2,1.0
197,1,482.9,596.78,218.70000000000005,32.120000000000005,1,2,1.0
198,1,480.62,597.21,220.98000000000002,31.389999999999986,1,2,1.0
199,1,480.57,596.47,218.63000000000005,32.23000000000002,1,2,1.0
200,1,483.59,595.44,215.41000000000003,33.95999999999992,1,2,1.0
201,1,482.22,594.9,216.72000000000003,32.950000000000045,1,2,1.0
202,1,482.43,596.1,218.24999999999994,31.600000000000023,1,2,1.0
203,1,483.06,595.53,220.13000000000005,32.860000000000014,1,2,1.0
204,1,484.5,592.0,217.35000000000002,36.39999999999998,1,2,1.0
205,1,488.1,596.4,213.10000000000002,31.800000000000068,1,2,1.0
206,1,486.86,596.3,211.89,33.29000000000008,1,2,1.0
207,1,484.87,597.4,214.33000000000004,31.700000000000045,1,2,1.0
208,1,486.2,598.3,210.26000000000005,31.3900000000001,1,2,1.0
209,1,485.9,596.4,215.70000000000005,33.30000000000007,1,2,1.0
210,1,486.17,599.97,209.77000000000004,30.24000000000001,1,2,1.0
211,1,486.2,599.2,208.14000000000004,30.979999999999905,1,2,1.0
212,1,489.8,600.0,206.34999999999997,30.590000000000032,1,2,1.0
213,1,484.6,601.74,210.19999999999993,29.659999999999968,1,2,1.0
214,1,491.5,601.7,202.96000000000004,30.819999999999936,1,2,1.0
215,1,489.8,600.5,205.49999999999994,30.700000000000045,1,2,1.0
216,1,489.8,600.8,205.49999999999994,30.800000000000068,1,2,1.0
217,1,488.3,600.8,206.8,29.800000000000068,1,2,1.0
218,1,487.1,601.86,207.89999999999998,28.43999999999994,1,2,1.0
219,1,489.0,601.04,205.10000000000002,30.56000000000006,1,2,1.0
220,1,489.21,602.12,207.79000000000002,28.08000000000004,1,2,1.0
221,1,488.29,601.66,206.23999999999995,28.940000000000055,1,2,1.0
222,1,483.7,599.6,211.59999999999997,30.399999999999977,1,2,1.0
223,1,483.3,601.62,211.99999999999994,29.379999999999995,1,2,1.0
224,1,487.0,599.62,207.60000000000002,31.480000000000018,1,2,1.0
225,1,484.3,600.91,212.95,29.710000000000036,1,2,1.0
226,1,482.8,599.2,217.7,31.899999999999977,1,2,1.0
227,1,483.64,598.95,212.46000000000004,31.549999999999955,1,2,1.0
228,1,480.9,599.59,214.5,30.809999999999945,1,2,1.0
229,1,482.12,599.18,212.98000000000002,32.020000000000095,1,2,1.0
230,1,482.59,599.02,213.41000000000003,32.180000000000064,1,2,1.0
231,1,481.03,599.58,215.17000000000007,30.41999999999996,1,2,1.0
232,1,482.51,597.85,213.89,33.049999999999955,1,2,1.0
233,1,484.43,599.18,211.27000000000004,30.32000000000005,1,2,1.0
234,1,482.93,599.71,212.27000000000004,30.49000000000001,1,2,1.0
235,1,483.0,600.69,212.10000000000002,29.809999999999945,1,2,1.0
236,1,488.0,598.5,208.70000000000005,32.60000000000002,1,2,1.0
237,1,484.38,598.03,211.91999999999996,32.57000000000005,1,2,1.0
238,1,486.1,600.85,212.24,30.379999999999995,1,2,1.0
239,1,484.65,599.49,212.75,30.610000000000014,1,2,1.0
240,1,486.1,595.7,211.39999999999998,34.09999999999991,1,2,1.0
241,1,486.71,598.96,208.69,31.139999999999986,1,2,1.0
242,1,486.6,598.6,212.02999999999997,30.079999999999927,1,2,1.0
243,1,488.2,597.8,210.59999999999997,31.100000000000023,1,2,1.0
244,1,489.89,600.84,206.71000000000004,29.159999999999968,1,2,1.0
245,1,486.12,601.82,214.17999999999995,28.17999999999995,1,2,1.0
246,1,490.18,600.15,209.52000000000004,29.649999999999977,1,2,1.0
247,1,490.78,601.84,207.62,27.659999999999968,1,2,1.0
248,1,491.91,602.26,209.98999999999995,27.039999999999964,1,2,1.0
249,1,489.73,603.97,210.87,24.92999999999995,1,2,1.0
250,1,488.0,602.52,213.79999999999995,28.680000000000064,1,2,1.0
251,1,486.3,602.2,215.82999999999998,27.209999999999923,1,2,1.0
252,1,487.22,601.98,214.95999999999992,29.029999999999973,1,2,1.0
253,1,487.07,602.17,214.03000000000003,27.730000000000018,1,2,1.0
254,1,493.6,603.66,208.5,26.340000000000032,1,2,1.0
255,1,492.3,602.62,208.49999999999994,27.480000000000018,1,2,1.0
256,1,491.38,603.52,210.01999999999998,26.279999999999973,1,2,1.0
257,1,491.22,603.16,207.07999999999993,26.440000000000055,1,2,1.0
258,1,492.75,601.35,206.95000000000005,28.049999999999955,1,2,1.0
259,1,487.16,601.48,213.93,27.629999999999995,1,2,1.0
260,1,488.44,600.36,206.66000000000003,29.24000000000001,1,2,1.0
261,1,490.65,601.85,207.05000000000007,28.449999999999932,1,2,1.0
262,1,484.38,601.18,212.70000000000005,27.300000000000068,1,2,1.0
263,1,487.33,600.96,211.77000000000004,27.539999999999964,1,2,1.0
264,1,489.58,600.86,212.21999999999997,27.43999999999994,1,2,1.0
265,1,487.62,600.52,213.38,27.680000000000064,1,2,1.0
266,1,486.86,600.93,213.24,27.020000000000095,1,2,1.0
267,1,490.88,600.09,209.62,30.719999999999914,1,2,1.0
268,1,489.41,601.34,211.69,27.860000000000014,1,2,1.0
269,1,487.53,600.22,213.76999999999998,27.67999999999995,1,2,1.0
270,1,488.22,600.78,208.30999999999995,28.149999999999977,1,2,1.0
271,1,488.18,600.6,208.92000000000002,30.5,1,2,1.0
272,1,487.5,601.02,209.70000000000005,30.180000000000064,1,2,1.0
273,1,485.41,600.68,211.58999999999997,28.020000000000095,1,2,1.0
274,1,491.92,601.54,205.62999999999994,27.170000000000073,1,2,1.0
275,1,486.76,601.46,213.35000000000002,27.279999999999973,1,2,1.0
276,1,487.21,601.55,212.08999999999997,27.82000000000005,1,2,1.0
277,1,491.07,601.35,208.63000000000005,28.350000000000023,1,2,1.0
278,1,487.23,602.42,210.87,27.280000000000086,1,2,1.0
279,1,483.33,601.05,215.27000000000004,28.15000000000009,1,2,1.0
280,1,489.55,601.99,210.72999999999996,27.66999999999996,1,2,1.0
281,1,489.17,600.83,213.66000000000003,28.059999999999945,1,2,1.0
282,1,486.5,600.57,212.99,27.839999999999918,1,2,1.0
283,1,487.29,601.25,212.50999999999993,27.49000000000001,1,2,1.0
284,1,493.28,601.04,207.36,26.840000000000032,1,2,1.0
285,1,490.48,600.71,214.41999999999996,28.319999999999936,1,2,1.0
286,1,487.8,600.54,211.99999999999994,27.600000000000023,1,2,1.0
287,1,486.4,599.9,214.60000000000002,28.670000000000073,1,2,1.0
288,1,486.0,600.33,212.57000000000005,27.91999999999996,1,2,1.0
289,1,486.1,600.52,219.10000000000002,27.139999999999986,1,2,1.0
290,1,486.4,600.51,213.45000000000005,28.289999999999964,1,2,1.0
291,1,483.9,599.84,217.5,28.469999999999914,1,2,1.0
292,1,486.6,600.33,214.69999999999993,29.75999999999999,1,2,1.0
293,1,486.5,600.39,215.20000000000005,28.610000000000014,1,2,1.0
294,1,487.1,600.77,213.69999999999993,28.029999999999973,1,2,1.0
295,1,485.97,599.37,215.13,30.83000000000004,1,2,1.0
296,1,492.08,602.82,202.52000000000004,27.379999999999995,1,2,1.0
297,1,489.3,601.85,204.39000000000004,29.49000000000001,1,2,1.0
298,1,486.87,601.78,211.58000000000004,28.110000000000014,1,2,1.0
299,1,491.3,604.4,201.60999999999996,27.360000000000014,1,2,1.0
300,1,493.84,603.98,200.66000000000003,29.41999999999996,1,2,1.0
301,1,492.84,604.34,201.45999999999998,29.959999999999923,1,2,1.0
302,1,490.0,602.99,203.70000000000005,30.480000000000018,1,2,1.0
303,1,487.0,602.79,206.70000000000005,30.75999999999999,1,2,1.0
304,1,483.77,602.79,208.67000000000007,33.610000000000014,1,2,1.0
305,1,487.4,603.27,206.0,33.73000000000002,1,2,1.0
306,1,488.16,602.46,202.94,32.139999999999986,1,2,1.0
307,1,486.88,604.76,202.94000000000005,32.139999999999986,1,2,1.0
308,1,482.1,601.3,210.27999999999997,33.30000000000007,1,2,1.0
309,1,479.5,599.24,209.90999999999997,36.450000000000045,1,2,1.0
310,1,485.9,598.0,207.0,38.10000000000002,1,2,1.0
311,1,481.91,597.7,204.95,40.389999999999986,1,2,1.0
312,1,479.91,595.22,208.36999999999995,41.819999999999936,1,2,1.0
313,1,479.95,594.44,207.17000000000002,41.69999999999993,1,2,1.0
314,1,478.02,594.98,207.89,41.059999999999945,1,2,1.0
315,1,478.45,594.22,211.24000000000007,40.27999999999997,1,2,1.0
316,1,478.79,595.15,211.10999999999996,41.120000000000005,1,2,1.0
317,1,476.94,596.72,217.06,38.539999999999964,1,2,1.0
318,1,481.2,598.22,213.40000000000003,34.360000000000014,1,2,1.0
319,1,483.95,599.45,210.75000000000006,33.74000000000001,1,2,1.0
320,1,483.46,601.79,211.44,33.35000000000002,1,2,1.0
321,1,488.33,601.98,206.77000000000004,31.18999999999994,1,2,1.0
322,1,491.87,603.17,201.17999999999995,31.08000000000004,1,2,1.0
323,1,489.8,603.65,202.64000000000004,30.899999999999977,1,2,1.0
324,1,495.11,601.94,200.36,28.729999999999905,1,2,1.0
325,1,497.07,603.1,197.98999999999995,28.559999999999945,1,2,1.0
326,1,494.8,603.13,204.32,28.370000000000005,1,2,1.0
327,1,490.64,604.91,207.01,26.210000000000036,1,2,1.0
328,1,494.1,605.57,202.89999999999998,27.209999999999923,1,2,1.0
329,1,497.58,604.91,202.21999999999997,27.690000000000055,1,2,1.0
330,1,500.4,605.38,198.39999999999998,24.620000000000005,1,2,1.0
331,1,498.73,605.32,202.37,25.379999999999995,1,2,1.0
332,1,491.8,606.82,208.59999999999997,25.779999999999973,1,2,1.0
333,1,489.56,605.68,209.04000000000002,25.720000000000027,1,2,1.0
334,1,493.96,603.95,206.04000000000002,26.949999999999932,1,2,1.0
335,1,493.71,603.18,204.53000000000003,27.960000000000036,1,2,1.0
336,1,494.95,604.08,198.00000000000006,26.92999999999995,1,2,1.0
337,1,490.53,604.75,202.88,26.590000000000032,1,2,1.0
338,1,494.4,604.84,197.58000000000004,29.149999999999977,1,2,1.0
339,1,489.4,602.17,203.76,30.110000000000014,1,2,1.0
340,1,491.6,603.42,202.77999999999997,28.480000000000018,1,2,1.0
341,1,487.5,602.5,206.19000000000005,29.58000000000004,1,2,1.0
342,1,488.9,605.26,204.48000000000002,28.0,1,2,1.0
343,1,485.46,602.9,208.38000000000005,30.25999999999999,1,2,1.0
344,1,487.7,602.14,206.57,29.690000000000055,1,2,1.0
345,1,488.3,601.98,204.73999999999995,31.120000000000005,1,2,1.0
346,1,488.89,602.35,206.77999999999997,30.870000000000005,1,2,1.0
347,1,487.0,600.64,209.51,32.680000000000064,1,2,1.0
348,1,487.46,601.0,208.40000000000003,31.120000000000005,1,2,1.0
349,1,486.35,601.73,210.07999999999993,29.379999999999995,1,2,1.0
350,1,480.82,601.86,214.26000000000005,28.850000000000023,1,2,1.0
351,1,486.69,601.67,208.45999999999998,29.0,1,2,1.0
352,1,487.23,602.09,210.04999999999995,30.319999999999936,1,2,1.0
353,1,487.49,600.39,211.24,30.800000000000068,1,2,1.0
354,1,482.68,602.35,217.71999999999997,27.049999999999955,1,2,1.0
355,1,489.3,604.5,210.21999999999997,29.789999999999964,1,2,1.0
356,1,488.4,601.57,211.76999999999998,27.5,1,2,1.0
357,1,489.8,600.9,211.11999999999995,28.74000000000001,1,2,1.0
358,1,489.46,601.86,206.68,30.340000000000032,1,2,1.0
359,1,493.5,600.87,207.09000000000003,28.710000000000036,1,2,1.0
360,1,492.6,603.04,208.70999999999992,28.49000000000001,1,2,1.0
361,1,493.5,603.3,207.99,28.790000000000077,1,2,1.0
362,1,494.3,601.88,207.09999999999997,28.889999999999986,1,2,1.0
363,1,490.8,603.99,210.7,28.159999999999968,1,2,1.0
364,1,492.96,602.62,208.83999999999997,28.07000000000005,1,2,1.0
365,1,494.64,602.31,206.65999999999997,29.120000000000005,1,2,1.0
366,1,493.33,602.91,207.77000000000004,26.379999999999995,1,2,1.0
367,1,494.67,605.17,206.82999999999998,25.24000000000001,1,2,1.0
368,1,496.1,604.27,206.64999999999998,25.769999999999982,1,2,1.0
369,1,501.4,603.23,197.5,28.269999999999982,1,2,1.0
370,1,493.3,602.8,205.40000000000003,25.800000000000068,1,2,1.0
371,1,494.0,603.06,204.70000000000005,27.540000000000077,1,2,1.0
372,1,492.7,603.55,203.81,25.75,1,2,1.0
373,1,492.6,602.72,205.19999999999993,26.879999999999995,1,2,1.0
374,1,491.83,603.09,205.20999999999998,24.730000000000018,1,2,1.0
375,1,495.55,603.17,199.71999999999997,24.350000000000023,1,2,1.0
376,1,493.34,603.88,206.35000000000008,24.67999999999995,1,2,1.0
377,1,491.79,603.4,209.91000000000003,26.480000000000018,1,2,1.0
378,1,491.4,603.12,209.60000000000002,25.49000000000001,1,2,1.0
379,1,496.6,603.61,204.5,25.059999999999945,1,2,1.0
380,1,491.16,603.33,204.93,26.209999999999923,1,2,1.0
381,1,493.45,604.05,206.32999999999998,25.030000000000086,1,2,1.0
382,1,493.0,605.39,204.10000000000002,23.629999999999995,1,2,1.0
383,1,497.3,604.74,200.90000000000003,25.129999999999995,1,2,1.0
384,1,493.5,602.8,198.75,26.220000000000027,1,2,1.0
385,1,496.85,603.15,198.45999999999992,25.74000000000001,1,2,1.0
386,1,493.0,605.9,201.39999999999998,22.590000000000032,1,2,1.0
387,1,496.0,604.87,197.95000000000005,25.019999999999982,1,2,1.0
388,1,495.13,604.2,196.21000000000004,26.139999999999986,1,2,1.0
389,1,492.23,604.09,200.72000000000003,26.319999999999936,1,2,1.0
390,1,493.42,604.24,203.28000000000003,26.620000000000005,1,2,1.0
391,1,492.46,604.67,204.83999999999997,25.32000000000005,1,2,1.0
392,1,490.4,603.86,207.70000000000005,25.559999999999945,1,2,1.0
393,1,492.0,606.6,205.39999999999998,23.850000000000023,1,2,1.0
394,1,491.9,606.9,205.5,24.230000000000018,1,2,1.0
395,1,494.39,604.78,200.81000000000006,25.720000000000027,1,2,1.0
396,1,491.09,604.01,205.95,26.730000000000018,1,2,1.0
397,1,493.7,603.6,199.91000000000003,27.41999999999996,1,2,1.0
398,1,492.48,604.22,204.91999999999996,26.00999999999999,1,2,1.0
399,1,492.52,604.26,207.51,25.379999999999995,1,2,1.0
400,1,491.25,602.92,205.63,25.720000000000027,1,2,1.0
401,1,491.63,603.39,207.31000000000006,25.840000000000032,1,2,1.0
402,1,491.57,603.65,208.43,26.550000000000068,1,2,1.0
403,1,494.96,606.4,202.14000000000004,23.800000000000068,1,2,1.0
404,1,492.42,605.7,204.18,23.84999999999991,1,2,1.0
405,1,491.31,604.74,204.48999999999995,24.409999999999968,1,2,1.0
406,1,487.79,605.5,209.00999999999993,23.730000000000018,1,2,1.0
407,1,490.6,603.54,205.03999999999996,26.160000000000082,1,2,1.0
408,1,488.15,605.34,209.45000000000005,23.370000000000005,1,2,1.0
409,1,490.29,605.38,206.91000000000003,25.289999999999964,1,2,1.0
410,1,497.0,605.6,201.0,25.649999999999977,1,2,1.0
411,1,492.0,605.9,204.20000000000005,23.58000000000004,1,2,1.0
412,1,492.41,605.07,204.64999999999992,24.629999999999995,1,2,1.0
413,1,490.66,604.0,207.23999999999995,26.83000000000004,1,2,1.0
414,1,493.36,605.1,204.24,27.41999999999996,1,2,1.0
415,1,496.44,605.63,201.16000000000003,25.220000000000027,1,2,1.0
416,1,494.8,605.22,199.59999999999997,26.399999999999977,1,2,1.0
417,1,495.79,605.77,200.00999999999993,25.210000000000036,1,2,1.0
418,1,497.0,605.39,199.10000000000002,25.00999999999999,1,2,1.0
419,1,496.57,605.06,202.23999999999995,27.360000000000014,1,2,1.0
420,1,491.73,604.89,205.37,24.31000000000006,1,2,1.0
421,1,490.8,604.67,207.49999999999994,26.33000000000004,1,2,1.0
422,1,491.5,604.93,207.29999999999995,26.270000000000095,1,2,1.0
423,1,491.2,605.89,203.07999999999998,24.159999999999968,1,2,1.0
424,1,490.8,605.7,205.3,24.149999999999977,1,2,1.0
425,1,491.9,605.57,203.54000000000008,26.039999999999964,1,2,1.0
426,1,492.2,605.06,203.00000000000006,25.38000000000011,1,2,1.0
427,1,492.08,604.49,203.92000000000002,24.710000000000036,1,2,1.0
428,1,488.62,605.45,207.71000000000004,25.079999999999927,1,2,1.0
429,1,489.2,605.37,207.3,25.230000000000018,1,2,1.0
430,1,489.1,605.37,204.60000000000002,25.029999999999973,1,2,1.0
430,2,658.13,634.75,13.409999999999968,10.909999999999968,1,1,1.0
431,1,487.4,604.61,210.0,24.68999999999994,1,2,1.0
431,2,657.2,633.12,13.5,13.759999999999991,1,1,1.0
432,1,488.11,604.58,202.68999999999994,25.620000000000005,1,2,1.0
432,2,659.53,638.31,10.07000000000005,12.490000000000009,1,1,1.0
433,1,485.9,605.45,205.80000000000007,23.75,1,2,1.0
433,2,651.95,631.71,18.149999999999977,17.589999999999918,1,1,1.0
434,1,488.81,605.58,203.19,24.719999999999914,1,2,1.0
434,2,655.59,634.84,14.709999999999923,15.059999999999945,1,1,1.0
435,1,490.73,603.87,202.26999999999998,25.42999999999995,1,2,1.0
435,2,649.46,635.27,19.74000000000001,17.600000000000023,1,1,1.0
436,1,488.22,605.21,205.07999999999993,24.089999999999918,1,2,1.0
436,2,646.02,636.13,21.279999999999973,17.769999999999982,1,1,1.0
437,1,488.51,602.97,206.69000000000005,26.029999999999973,1,2,1.0
437,2,640.89,635.53,27.210000000000036,20.870000000000005,1,1,1.0
438,1,488.36,604.77,208.53999999999996,24.930000000000064,1,2,1.0
438,2,643.29,635.64,26.81000000000006,19.56000000000006,1,1,1.0
439,1,486.8,604.04,211.3,24.56000000000006,1,2,1.0
439,2,639.18,631.51,30.3900000000001,25.340000000000032,1,1,1.0
440,1,492.5,605.48,201.70000000000005,23.620000000000005,1,2,1.0
440,2,637.7,630.92,33.0,25.480000000000018,1,1,1.0
441,1,489.7,604.35,205.40000000000003,24.949999999999932,1,2,1.0
441,2,635.78,630.42,31.220000000000027,29.379999999999995,1,1,1.0
442,1,492.6,604.35,204.60000000000002,25.25,1,2,1.0
442,2,633.83,631.74,36.370000000000005,26.559999999999945,1,1,1.0
443,1,491.31,604.45,202.19,27.149999999999977,1,2,1.0
443,2,621.84,632.01,48.860000000000014,24.789999999999964,1,1,1.0
444,1,489.74,606.34,205.26,21.75999999999999,1,2,1.0
444,2,626.14,631.79,44.58000000000004,24.629999999999995,1,1,1.0
445,1,493.19,605.47,204.70999999999998,21.92999999999995,1,2,1.0
445,2,607.46,632.1,63.289999999999964,24.74000000000001,1,1,1.0
446,1,493.81,605.26,204.48999999999995,21.539999999999964,1,2,1.0
446,2,599.79,630.99,72.11000000000001,24.409999999999968,1,1,1.0
447,1,495.22,604.86,204.57999999999993,23.93999999999994,1,2,1.0
447,2,614.31,630.38,55.09000000000003,25.91999999999996,1,1,1.0
448,1,493.34,605.62,206.86000000000007,21.779999999999973,1,2,1.0
448,2,613.93,630.75,56.47000000000003,27.25,1,1,1.0
449,1,495.05,604.48,206.84999999999997,22.620000000000005,1,2,1.0
449,2,604.7,629.2,65.0,27.799999999999955,1,1,1.0
450,1,488.77,605.06,208.83000000000004,22.1400000000001,1,2,1.0
450,2,600.93,627.67,67.67000000000007,28.530000000000086,1,1,1.0
451,1,498.38,604.81,198.12,21.690000000000055,1,2,1.0
451,2,600.56,626.47,68.04000000000008,31.329999999999927,1,1,1.0
452,1,489.9,605.36,207.5,21.639999999999986,1,2,1.0
452,2,599.5,627.89,67.60000000000002,27.909999999999968,1,1,1.0
453,1,487.68,608.23,208.76000000000005,20.980000000000018,1,2,1.0
453,2,598.35,626.49,67.85000000000002,30.50999999999999,1,1,1.0
454,1,493.0,607.12,202.90999999999997,21.480000000000018,1,2,1.0
454,2,598.9,626.97,65.60000000000002,28.629999999999995,1,1,1.0
455,1,491.3,606.83,205.17000000000002,21.67999999999995,1,2,1.0
455,2,598.8,627.22,66.70000000000005,28.17999999999995,1,1,1.0
456,1,491.9,605.83,208.89999999999998,21.66999999999996,1,2,1.0
456,2,597.49,625.0,70.61000000000001,29.399999999999977,1,1,1.0
457,1,499.7,606.34,194.2,20.360000000000014,1,2,1.0
457,2,594.86,625.5,73.93999999999994,27.700000000000045,1,1,1.0
458,1,495.74,605.69,204.76,21.309999999999945,1,2,1.0
458,2,593.22,625.19,65.88,27.209999999999923,1,1,1.0
459,1,495.8,605.85,202.07999999999998,20.129999999999995,1,2,1.0
459,2,582.5,625.63,74.5,25.950000000000045,1,1,1.0
460,1,494.1,606.79,202.38,19.82000000000005,1,2,1.0
460,2,583.02,624.98,77.38,26.720000000000027,1,1,1.0
461,1,493.6,603.89,206.28999999999996,21.440000000000055,1,2,1.0
461,2,583.61,625.43,59.789999999999964,26.170000000000073,1,1,1.0
462,1,492.7,602.57,207.25000000000006,22.870000000000005,1,2,1.0
462,2,576.58,626.87,64.01999999999998,25.41999999999996,1,1,1.0
463,1,491.09,602.23,215.16000000000003,22.49000000000001,1,2,1.0
463,2,561.33,625.68,80.69999999999993,22.920000000000073,1,1,1.0
464,1,493.21,602.67,214.99000000000007,21.030000000000086,1,2,1.0
464,2,565.5,625.9,71.89999999999998,20.100000000000023,1,1,1.0
465,1,500.64,600.96,208.06000000000006,22.839999999999918,1,2,1.0
465,2,569.21,625.27,60.559999999999945,19.930000000000064,1,1,1.0
466,1,496.15,600.62,209.15999999999997,25.220000000000027,1,2,1.0
466,2,560.02,631.3,39.39999999999998,17.40000000000009,1,1,1.0
467,1,499.92,601.8,212.35999999999996,22.840000000000032,1,2,1.0
467,2,567.15,631.81,33.180000000000064,12.690000000000055,1,1,1.0
468,1,503.0,600.75,208.19000000000005,25.00999999999999,1,2,1.0
468,2,555.54,632.56,44.98000000000002,11.940000000000055,1,1,1.0
469,1,500.16,599.53,212.3,26.120000000000005,1,2,1.0
469,2,551.4,634.74,43.430000000000064,12.759999999999991,1,1,1.0
470,1,500.1,598.25,216.13,28.75,1,2,1.0
470,2,549.9,631.15,25.840000000000032,14.950000000000045,1,1,1.0
471,1,500.5,597.6,213.67999999999995,28.799999999999955,1,2,1.0
471,2,542.0,636.16,19.129999999999995,14.340000000000032,1,1,1.0
472,1,501.2,598.2,210.91000000000003,26.59999999999991,1,2,1.0
473,1,504.78,595.87,209.89,29.25,1,2,1.0
474,1,499.4,594.29,213.77999999999997,31.139999999999986,1,2,1.0
475,1,497.0,595.33,217.33000000000004,29.84999999999991,1,2,1.0
476,1,496.7,594.89,216.95,29.940000000000055,1,2,1.0
477,1,506.29,596.15,208.60999999999996,29.529999999999973,1,2,1.0
478,1,505.3,594.32,210.90000000000003,31.67999999999995,1,2,1.0
479,1,501.0,593.8,215.21000000000004,31.800000000000068,1,2,1.0
480,1,499.8,594.35,216.12999999999994,32.389999999999986,1,2,1.0
481,1,502.6,597.65,210.02999999999997,28.920000000000073,1,2,1.0
482,1,502.4,598.0,207.23000000000002,31.0,1,2,1.0
483,1,505.1,600.0,206.93999999999994,30.309999999999945,1,2,1.0
484,1,504.19,600.65,204.55,27.230000000000018,1,2,1.0
485,1,503.84,602.93,203.29000000000002,25.470000000000027,1,2,1.0
486,1,500.6,604.19,201.80999999999995,22.709999999999923,1,2,1.0
487,1,498.28,604.04,207.22000000000003,24.269999999999982,1,2,1.0
488,1,501.11,605.33,202.24,23.549999999999955,1,2,1.0
489,1,501.08,607.14,203.82,22.5,1,2,1.0
490,1,503.14,606.52,195.84000000000003,23.81000000000006,1,2,1.0
491,1,501.5,607.62,198.89999999999998,21.120000000000005,1,2,1.0
492,1,496.8,607.87,203.97999999999996,22.779999999999973,1,2,1.0
493,1,494.2,608.01,204.16000000000003,23.850000000000023,1,2,1.0
494,1,496.91,607.08,200.19,22.649999999999977,1,2,1.0
495,1,492.8,607.62,209.11999999999995,23.590000000000032,1,2,1.0
496,1,493.34,607.04,204.42000000000002,22.519999999999982,1,2,1.0
497,1,491.5,606.05,211.51999999999998,22.49000000000001,1,2,1.0
498,1,492.7,606.34,209.64000000000004,21.850000000000023,1,2,1.0
499,1,491.73,606.49,209.44999999999993,21.42999999999995,1,2,1.0
500,1,489.62,606.21,214.65999999999997,21.620000000000005,1,2,1.0
501,1,491.17,605.93,215.62999999999994,21.730000000000018,1,2,1.0
502,1,491.05,605.79,209.65000000000003,21.280000000000086,1,2,1.0
503,1,487.3,605.88,214.71999999999997,21.730000000000018,1,2,1.0
504,1,487.45,605.58,214.45,23.589999999999918,1,2,1.0
505,1,488.24,604.97,216.03999999999996,22.860000000000014,1,2,1.0
506,1,488.26,605.37,217.31000000000006,20.779999999999973,1,2,1.0
507,1,488.7,605.37,216.27000000000004,22.33000000000004,1,2,1.0
508,1,488.45,605.46,218.76000000000005,22.889999999999986,1,2,1.0
509,1,491.11,605.79,216.23000000000002,21.730000000000018,1,2,1.0
510,1,487.84,605.93,217.05,20.65000000000009,1,2,1.0
511,1,488.8,605.92,217.99999999999994,21.690000000000055,1,2,1.0
512,1,492.54,604.88,214.25999999999993,22.039999999999964,1,2,1.0
513,1,491.98,605.88,216.04999999999995,23.350000000000023,1,2,1.0
514,1,494.38,606.35,211.91999999999996,21.850000000000023,1,2,1.0
515,1,490.5,606.23,214.24,21.41999999999996,1,2,1.0
516,1,495.51,606.44,212.39,21.449999999999932,1,2,1.0
517,1,492.07,605.37,215.82999999999998,21.99000000000001,1,2,1.0
518,1,495.99,605.87,212.33000000000004,21.25999999999999,1,2,1.0
519,1,495.0,605.68,212.52999999999997,21.780000000000086,1,2,1.0
520,1,490.9,606.71,215.67000000000007,20.589999999999918,1,2,1.0
521,1,486.84,606.19,219.95999999999998,22.6099999999999,1,2,1.0
522,1,487.9,603.4,219.27999999999997,23.850000000000023,1,2,1.0
523,1,487.91,605.13,218.04000000000002,21.389999999999986,1,2,1.0
524,1,489.8,604.5,218.90000000000003,23.210000000000036,1,2,1.0
525,1,492.46,605.03,214.44,22.480000000000018,1,2,1.0
526,1,491.13,604.32,217.16999999999996,23.719999999999914,1,2,1.0
527,1,491.22,604.69,216.07999999999993,24.069999999999936,1,2,1.0
528,1,492.84,604.31,214.95999999999998,22.790000000000077,1,2,1.0
529,1,485.5,598.2,221.10000000000002,28.979999999999905,1,2,1.0
530,1,487.6,604.32,223.79999999999995,24.699999999999932,1,2,1.0
531,1,492.38,603.8,217.07000000000005,23.24000000000001,1,2,1.0
532,1,489.41,605.19,215.79000000000002,22.829999999999927,1,2,1.0
533,1,493.98,603.31,221.52999999999997,22.690000000000055,1,2,1.0
534,1,487.49,602.15,230.06999999999994,23.550000000000068,1,2,1.0
535,1,490.7,602.15,223.50000000000006,23.550000000000068,1,2,1.0
536,1,490.08,604.68,223.21999999999997,21.180000000000064,1,2,1.0
537,1,493.4,604.5,217.60000000000002,21.66999999999996,1,2,1.0
538,1,493.2,605.45,211.74000000000007,21.84999999999991,1,2,1.0
539,1,491.2,605.45,219.40000000000003,21.84999999999991,1,2,1.0
540,1,493.79,604.95,217.41000000000003,21.699999999999932,1,2,1.0
541,1,491.15,605.38,220.95000000000005,21.370000000000005,1,2,1.0
542,1,491.15,605.38,220.95000000000005,21.370000000000005,1,2,1.0
543,1,494.2,605.57,217.50000000000006,22.199999999999932,1,2,1.0
544,1,489.47,604.59,217.01999999999998,22.589999999999918,1,2,1.0
545,1,489.15,605.08,221.05000000000007,20.829999999999927,1,2,1.0
546,1,492.84,604.85,211.56,22.25,1,2,1.0
547,1,488.87,605.2,215.83000000000004,22.319999999999936,1,2,1.0
548,1,490.33,604.42,214.57,22.49000000000001,1,2,1.0
549,1,491.26,604.5,213.74,23.100000000000023,1,2,1.0
550,1,492.6,604.63,213.10000000000002,22.41999999999996,1,2,1.0
551,1,489.7,604.84,214.8,22.139999999999986,1,2,1.0
552,1,487.6,604.84,222.0,22.139999999999986,1,2,1.0
553,1,487.3,604.25,219.45,22.639999999999986,1,2,1.0
554,1,494.0,603.67,209.89999999999998,23.120000000000005,1,2,1.0
555,1,489.01,603.08,206.78999999999996,23.620000000000005,1,2,1.0
556,1,486.98,603.14,223.81999999999994,21.800000000000068,1,2,1.0
557,1,484.0,602.7,216.80999999999995,25.049999999999955,1,2,1.0
558,1,489.6,602.1,215.65999999999997,24.75,1,2,1.0
559,1,489.63,602.65,214.46000000000004,22.83000000000004,1,2,1.0
560,1,491.85,602.43,208.26999999999998,24.120000000000005,1,2,1.0
561,1,489.5,602.11,209.0,23.269999999999982,1,2,1.0
562,1,490.1,602.26,211.60000000000002,23.480000000000018,1,2,1.0
563,1,484.85,601.84,219.0,24.269999999999982,1,2,1.0
564,1,482.69,600.51,223.45999999999998,24.75,1,2,1.0
565,1,484.49,600.93,220.30999999999995,25.110000000000014,1,2,1.0
566,1,485.1,600.65,220.89,26.220000000000027,1,2,1.0
567,1,484.0,601.38,217.71000000000004,24.860000000000014,1,2,1.0
568,1,484.09,601.1,219.02000000000004,25.25999999999999,1,2,1.0
569,1,485.56,601.93,219.39000000000004,23.49000000000001,1,2,1.0
570,1,486.4,603.97,213.96000000000004,23.49000000000001,1,2,1.0
571,1,489.01,601.93,216.19000000000005,24.620000000000005,1,2,1.0
572,1,486.16,602.01,217.01999999999992,25.980000000000018,1,2,1.0
573,1,486.82,601.79,216.97999999999996,24.720000000000027,1,2,1.0
574,1,485.99,601.64,218.76999999999998,24.629999999999995,1,2,1.0
575,1,487.1,601.23,220.54999999999995,24.899999999999977,1,2,1.0
576,1,490.54,601.68,213.19,24.129999999999995,1,2,1.0
577,1,483.0,600.8,219.26,24.590000000000032,1,2,1.0
578,1,480.87,599.25,222.45000000000005,27.92999999999995,1,2,1.0
579,1,484.96,600.68,217.18,25.58000000000004,1,2,1.0
580,1,473.63,597.15,231.36,29.300000000000068,1,2,1.0
581,1,473.79,595.6,229.86999999999995,30.019999999999982,1,2,1.0
582,1,476.45,595.08,228.84999999999997,31.159999999999968,1,2,1.0
583,1,482.84,600.58,221.78000000000003,24.329999999999927,1,2,1.0
584,1,484.13,601.57,222.85000000000002,23.659999999999968,1,2,1.0
585,1,477.97,598.68,227.01999999999998,26.360000000000014,1,2,1.0
586,1,475.82,596.99,227.8,29.83000000000004,1,2,1.0
587,1,481.12,596.19,220.75,30.379999999999995,1,2,1.0
588,1,477.24,595.46,226.21000000000004,32.20999999999992,1,2,1.0
589,1,480.98,598.71,219.22000000000003,29.17999999999995,1,2,1.0
590,1,480.36,598.68,218.34000000000003,29.450000000000045,1,2,1.0
591,1,482.74,599.01,216.05999999999995,28.100000000000023,1,2,1.0
592,1,489.07,602.71,212.03000000000003,25.149999999999977,1,2,1.0
593,1,486.45,602.95,212.84999999999997,26.779999999999973,1,2,1.0
594,1,486.45,602.95,213.65000000000003,26.779999999999973,1,2,1.0
595,1,487.01,602.51,211.70000000000005,25.879999999999995,1,2,1.0
596,1,484.98,601.79,214.81999999999994,28.470000000000027,1,2,1.0
597,1,483.16,601.19,214.89999999999992,28.0,1,2,1.0
598,1,481.76,601.3,217.48000000000002,28.230000000000018,1,2,1.0
599,1,483.98,601.8,210.39,27.3900000000001,1,2,1.0
600,1,482.58,599.94,213.32,29.539999999999964,1,2,1.0
601,1,481.69,599.3,213.81,30.840000000000032,1,2,1.0
602,1,482.92,600.74,212.87999999999994,30.58000000000004,1,2,1.0
603,1,484.36,601.72,209.44999999999993,27.799999999999955,1,2,1.0
604,1,483.83,601.13,212.12000000000006,28.649999999999977,1,2,1.0
605,1,481.11,599.49,215.25,30.120000000000005,1,2,1.0
606,1,485.41,601.59,212.89999999999992,28.360000000000014,1,2,1.0
607,1,482.49,600.26,216.24,30.480000000000018,1,2,1.0
608,1,483.9,599.17,215.90999999999997,31.040000000000077,1,2,1.0
609,1,485.9,599.48,213.47000000000003,30.559999999999945,1,2,1.0
610,1,484.03,598.06,217.42000000000007,31.49000000000001,1,2,1.0
611,1,478.78,599.24,221.62,31.029999999999973,1,2,1.0
612,1,481.12,598.64,224.58000000000004,31.050000000000068,1,2,1.0
613,1,483.21,598.06,216.93,31.950000000000045,1,2,1.0
614,1,485.37,599.47,216.41999999999996,29.339999999999918,1,2,1.0
615,1,487.05,599.66,210.70999999999998,29.019999999999982,1,2,1.0
616,1,485.07,599.53,216.60999999999996,28.690000000000055,1,2,1.0
617,1,484.91,599.61,215.08999999999997,28.67999999999995,1,2,1.0
618,1,483.02,599.83,221.23000000000002,28.909999999999968,1,2,1.0
619,1,486.12,600.69,213.52999999999997,26.91999999999996,1,2,1.0
620,1,488.56,601.64,210.26000000000005,27.720000000000027,1,2,1.0
621,1,488.62,600.09,210.16999999999996,28.5,1,2,1.0
622,1,488.53,601.1,209.29000000000008,27.699999999999932,1,2,1.0
623,1,488.97,601.29,208.55999999999995,26.31000000000006,1,2,1.0
624,1,489.37,601.57,207.63,27.949999999999932,1,2,1.0
625,1,485.8,601.6,212.59999999999997,26.92999999999995,1,2,1.0
626,1,487.12,600.61,211.48000000000002,28.460000000000036,1,2,1.0
627,1,487.74,601.09,211.76,28.799999999999955,1,2,1.0
628,1,490.44,600.96,208.28000000000003,28.42999999999995,1,2,1.0
629,1,487.81,601.67,210.38000000000005,27.24000000000001,1,2,1.0
630,1,486.33,601.12,214.37000000000006,27.889999999999986,1,2,1.0
631,1,488.08,601.18,208.70999999999998,27.870000000000005,1,2,1.0
632,1,488.12,600.75,207.27999999999997,27.649999999999977,1,2,1.0
633,1,484.94,600.62,210.16000000000003,27.620000000000005,1,2,1.0
634,1,485.41,601.22,213.58999999999997,26.959999999999923,1,2,1.0
635,1,483.56,600.25,217.54000000000002,29.039999999999964,1,2,1.0
636,1,481.64,600.3,215.46000000000004,27.460000000000036,1,2,1.0
637,1,484.3,600.54,213.3,28.389999999999986,1,2,1.0
638,1,483.22,600.58,212.48000000000002,28.899999999999977,1,2,1.0
639,1,481.12,599.5,210.36,29.350000000000023,1,2,1.0
640,1,482.36,598.0,216.43999999999994,31.74000000000001,1,2,1.0
641,1,484.78,598.6,213.01999999999998,30.049999999999955,1,2,1.0
642,1,484.97,596.6,213.56999999999994,31.470000000000027,1,2,1.0
643,1,481.83,597.3,217.44,29.81000000000006,1,2,1.0
644,1,480.46,598.5,218.98000000000008,28.470000000000027,1,2,1.0
645,1,490.25,598.83,209.26,28.899999999999977,1,2,1.0
646,1,483.1,598.32,213.91999999999996,30.17999999999995,1,2,1.0
647,1,481.9,598.42,218.34000000000003,28.770000000000095,1,2,1.0
648,1,482.93,598.6,216.57,28.789999999999964,1,2,1.0
649,1,479.32,598.61,218.97999999999996,33.18999999999994,1,2,1.0
650,1,480.24,598.06,222.23000000000002,30.280000000000086,1,2,1.0
651,1,480.69,597.98,218.28000000000003,30.659999999999968,1,2,1.0
652,1,481.67,598.34,219.62999999999994,29.24000000000001,1,2,1.0
653,1,481.84,599.94,219.76000000000005,28.309999999999945,1,2,1.0
653,3,649.07,636.8,16.059999999999945,10.280000000000086,1,1,1.0
654,1,482.02,600.02,219.08000000000004,28.420000000000073,1,2,1.0
654,3,644.25,634.23,25.049999999999955,13.470000000000027,1,1,1.0
655,1,481.27,599.49,222.13,27.230000000000018,1,2,1.0
655,3,644.58,636.8,24.719999999999914,10.900000000000091,1,1,1.0
656,1,485.23,600.2,215.87,27.529999999999973,1,2,1.0
656,3,646.82,636.8,22.979999999999905,10.900000000000091,1,1,1.0
657,1,484.83,599.68,212.06,28.75,1,2,1.0
657,3,646.5,637.35,24.100000000000023,10.049999999999955,1,1,1.0
658,1,478.25,596.78,217.88,31.960000000000036,1,2,1.0
658,3,642.98,637.99,23.019999999999982,9.610000000000014,1,1,1.0
659,1,477.71,594.23,217.69,35.60000000000002,1,2,1.0
659,3,640.98,638.63,26.819999999999936,10.470000000000027,1,1,1.0
660,1,474.3,589.8,217.3,43.34000000000003,1,2,1.0
660,3,638.02,637.05,30.379999999999995,12.850000000000023,1,1,1.0
661,1,473.92,588.19,216.65000000000003,45.3599999999999,1,2,1.0
661,3,640.05,638.49,26.75,12.110000000000014,1,1,1.0
662,1,468.91,584.83,223.58999999999997,49.569999999999936,1,2,1.0
662,3,638.55,637.11,26.050000000000068,14.889999999999986,1,1,1.0
663,1,461.8,577.6,228.7,59.69999999999993,1,2,1.0
663,3,636.8,636.41,25.90000000000009,16.590000000000032,1,1,1.0
664,1,451.4,572.6,238.39999999999998,62.299999999999955,1,2,1.0
664,3,634.53,635.25,32.17000000000007,17.850000000000023,1,1,1.0
665,1,454.1,572.55,235.19999999999993,62.950000000000045,1,2,1.0
665,3,630.2,635.19,33.89999999999998,17.909999999999968,1,1,1.0
666,1,446.66,571.11,242.83999999999997,63.99000000000001,1,2,1.0
666,3,622.35,634.41,43.44999999999993,18.790000000000077,1,1,1.0
667,1,452.02,570.53,239.08000000000004,64.17000000000007,1,2,1.0
667,3,616.94,633.3,50.95999999999992,16.40000000000009,1,1,1.0
668,1,453.66,570.97,239.83999999999997,62.629999999999995,1,2,1.0
668,3,615.85,630.8,53.75,18.700000000000045,1,1,1.0
669,1,452.56,570.61,239.64000000000004,62.99000000000001,1,2,1.0
669,3,601.0,626.66,75.20000000000005,24.639999999999986,1,1,1.0
670,1,451.77,569.74,239.43000000000006,63.960000000000036,1,2,1.0
670,3,599.86,623.55,70.13999999999999,24.75,1,1,1.0
671,1,451.6,572.11,240.60000000000002,59.789999999999964,1,2,1.0
671,3,598.75,623.47,59.450000000000045,24.629999999999995,1,1,1.0
672,1,454.2,574.7,238.90000000000003,56.39999999999998,1,2,1.0
672,3,591.43,619.75,66.67000000000007,28.0,1,1,1.0
673,1,457.93,577.3,234.77000000000004,52.0,1,2,1.0
673,3,585.66,617.55,61.80000000000007,26.540000000000077,1,1,1.0
674,1,457.85,577.6,239.04999999999995,50.799999999999955,1,2,1.0
674,3,579.31,618.62,69.79000000000008,25.480000000000018,1,1,1.0
675,1,458.21,577.18,240.49000000000007,49.520000000000095,1,2,1.0
675,3,557.8,616.71,86.17000000000007,26.360000000000014,1,1,1.0
676,1,459.6,578.44,242.89999999999998,46.15999999999997,1,2,1.0
676,3,554.82,615.7,91.14999999999998,26.779999999999973,1,1,1.0
677,1,458.07,578.17,244.63000000000005,43.930000000000064,1,2,1.0
677,3,554.01,615.2,79.94000000000005,26.449999999999932,1,1,1.0
678,1,456.4,575.3,250.27999999999997,44.90000000000009,1,2,1.0
678,3,552.46,613.86,87.96999999999991,25.549999999999955,1,1,1.0
679,1,455.09,579.1,252.81,39.60000000000002,1,2,1.0
679,3,552.52,613.4,73.13999999999999,25.75999999999999,1,1,1.0
680,1,459.63,579.58,248.66999999999996,37.219999999999914,1,2,1.0
680,3,548.46,613.34,70.24000000000001,24.519999999999982,1,1,1.0
681,1,467.01,582.04,242.73000000000002,33.370000000000005,1,2,1.0
681,3,548.04,611.9,68.66000000000008,21.899999999999977,1,1,1.0
682,1,463.47,581.41,255.61,33.530000000000086,1,2,1.0
682,3,546.03,612.0,69.37,25.5,1,1,1.0
683,1,461.0,579.2,261.34000000000003,32.91999999999996,1,2,1.0
683,3,536.77,611.0,67.33000000000004,26.090000000000032,1,1,1.0
684,1,459.1,577.5,265.29999999999995,35.15999999999997,1,2,1.0
684,3,533.3,607.01,68.85000000000002,26.91999999999996,1,1,1.0
685,1,459.5,576.64,262.87,35.039999999999964,1,2,1.0
685,3,531.26,604.2,70.63,28.84999999999991,1,1,1.0
686,1,459.7,576.01,259.3,34.49000000000001,1,2,1.0
686,3,526.46,605.56,75.62,28.120000000000005,1,1,1.0
687,1,459.0,575.46,263.47,35.389999999999986,1,2,1.0
687,3,526.24,606.0,75.25999999999999,25.82000000000005,1,1,1.0
688,1,455.81,574.09,267.65000000000003,35.99000000000001,1,2,1.0
688,3,520.09,603.1,81.00999999999999,28.25,1,1,1.0
689,1,450.58,570.61,272.92,36.68999999999994,1,2,1.0
689,3,520.23,605.0,78.76999999999998,27.690000000000055,1,1,1.0
690,1,446.12,568.34,275.67999999999995,39.45999999999992,1,2,1.0
690,3,517.21,605.4,73.08999999999992,26.220000000000027,1,1,1.0
691,1,450.02,568.77,270.94000000000005,35.460000000000036,1,2,1.0
691,3,513.48,604.1,82.91999999999996,28.860000000000014,1,1,1.0
692,1,434.5,560.6,287.9,44.5,1,2,1.0
692,3,512.25,602.5,61.75,31.129999999999995,1,1,1.0
693,1,438.4,563.8,286.6,40.0,1,2,1.0
693,3,509.52,603.8,63.27999999999997,30.020000000000095,1,1,1.0
694,1,444.31,562.82,279.98999999999995,39.379999999999995,1,2,1.0
694,3,507.45,603.2,58.650000000000034,30.17999999999995,1,1,1.0
695,1,454.29,561.42,275.10999999999996,41.08000000000004,1,2,1.0
695,3,503.22,600.0,60.379999999999995,32.360000000000014,1,1,1.0
696,1,447.19,561.11,281.81,38.59000000000003,1,2,1.0
696,3,504.41,603.1,62.19,29.149999999999977,1,1,1.0
697,1,440.18,560.74,290.02000000000004,36.960000000000036,1,2,1.0
697,3,499.66,608.2,49.63999999999993,23.6099999999999,1,1,1.0
698,1,463.06,560.92,268.71999999999997,36.97000000000003,1,2,1.0
698,3,501.5,605.2,48.10000000000002,25.49000000000001,1,1,1.0
699,1,460.3,559.53,272.73999999999995,36.66000000000008,1,2,1.0
699,3,503.27,604.9,50.629999999999995,28.129999999999995,1,1,1.0
700,1,448.69,557.69,283.21,38.95999999999992,1,2,1.0
700,3,504.35,609.1,38.98000000000002,20.43999999999994,1,1,1.0
701,1,448.75,560.18,284.89,34.73000000000002,1,2,1.0
701,3,503.7,615.22,28.390000000000043,13.67999999999995,1,1,1.0
702,1,446.17,559.72,290.15000000000003,34.27999999999997,1,2,1.0
702,3,503.7,616.82,24.859999999999957,13.67999999999995,1,1,1.0
703,1,438.1,560.62,297.5,33.77999999999997,1,2,1.0
703,3,504.99,616.82,24.850000000000023,13.67999999999995,1,1,1.0
704,1,444.9,561.36,291.73,31.590000000000032,1,2,1.0
704,3,506.9,620.36,11.06000000000006,8.840000000000032,1,1,1.0
705,1,444.4,561.26,298.5400000000001,31.210000000000036,1,2,1.0
706,1,445.3,561.2,300.8,30.699999999999932,1,2,1.0
707,1,445.59,561.44,300.31,30.25999999999999,1,2,1.0
708,1,445.8,561.39,299.7,29.409999999999968,1,2,1.0
709,1,447.09,561.66,296.67,30.050000000000068,1,2,1.0
710,1,447.42,562.07,296.46999999999997,29.779999999999973,1,2,1.0
711,1,447.59,562.45,294.78000000000003,29.24000000000001,1,2,1.0
712,1,449.43,562.94,291.79,28.50999999999999,1,2,1.0
713,1,448.24,562.48,294.36,28.970000000000027,1,2,1.0
714,1,449.66,563.32,289.23999999999995,28.25,1,2,1.0
715,1,449.12,564.35,290.28,26.649999999999977,1,2,1.0
716,1,447.85,563.92,297.43999999999994,27.670000000000073,1,2,1.0
717,1,451.82,564.14,292.64000000000004,27.100000000000023,1,2,1.0
718,1,452.0,564.9,290.75,25.00999999999999,1,2,1.0
719,1,452.96,563.53,291.93,26.220000000000027,1,2,1.0
720,1,454.22,564.03,290.5799999999999,26.08000000000004,1,2,1.0
721,1,447.43,563.61,299.36999999999995,26.299999999999955,1,2,1.0
722,1,449.22,562.45,296.78,27.789999999999964,1,2,1.0
723,1,447.4,563.06,298.20000000000005,27.550000000000068,1,2,1.0
724,1,447.6,562.46,298.29999999999995,26.09999999999991,1,2,1.0
725,1,449.49,562.66,296.90999999999997,26.889999999999986,1,2,1.0
726,1,447.47,561.87,298.13,28.33000000000004,1,2,1.0
727,1,448.44,562.54,300.16,27.160000000000082,1,2,1.0
728,1,444.7,562.29,303.90000000000003,27.710000000000036,1,2,1.0
729,1,445.2,563.1,303.40000000000003,25.199999999999932,1,2,1.0
730,1,447.95,561.97,299.75000000000006,25.829999999999927,1,2,1.0
731,1,446.95,561.83,301.55,26.269999999999982,1,2,1.0
732,1,444.93,561.44,299.96999999999997,26.8599999999999,1,2,1.0
733,1,443.93,562.09,301.07,25.709999999999923,1,2,1.0
734,1,447.28,561.92,297.82000000000005,25.680000000000064,1,2,1.0
735,1,445.58,561.54,299.02000000000004,26.25999999999999,1,2,1.0
736,1,444.3,561.49,301.99999999999994,27.610000000000014,1,2,1.0
737,1,441.22,560.17,307.98,27.200000000000045,1,2,1.0
738,1,439.89,559.73,312.11,28.269999999999982,1,2,1.0
739,1,435.35,558.41,313.15,29.410000000000082,1,2,1.0
740,1,435.26,557.76,312.44000000000005,28.539999999999964,1,2,1.0
741,1,433.33,559.43,313.57,26.870000000000005,1,2,1.0
742,1,431.91,556.67,318.69,29.83000000000004,1,2,1.0
743,1,439.33,557.09,309.3,30.100000000000023,1,2,1.0
744,1,437.75,557.97,309.82000000000005,29.720000000000027,1,2,1.0
745,1,433.64,557.7,314.25,28.899999999999977,1,2,1.0
746,1,434.28,558.37,312.34000000000003,29.019999999999982,1,2,1.0
747,1,434.01,556.54,311.98,30.58000000000004,1,2,1.0
748,1,437.11,558.1,315.49,29.75999999999999,1,2,1.0
749,1,438.71,557.72,308.89000000000004,27.5,1,2,1.0
750,1,438.34,556.16,310.18,29.0,1,2,1.0
751,1,438.85,557.84,312.04999999999995,29.659999999999968,1,2,1.0
752,1,436.39,558.9,311.31000000000006,27.700000000000045,1,2,1.0
753,1,436.14,558.15,311.77,26.430000000000064,1,2,1.0
754,1,438.12,557.84,307.40999999999997,27.199999999999932,1,2,1.0
754,4,691.76,606.93,17.379999999999995,13.170000000000073,1,1,1.0
755,1,439.02,557.23,308.78,27.269999999999982,1,2,1.0
755,4,686.3,607.57,19.300000000000068,16.42999999999995,1,1,1.0
756,1,439.16,557.58,310.54,27.120000000000005,1,2,1.0
756,4,683.09,609.2,23.50999999999999,16.409999999999968,1,1,1.0
757,1,435.14,557.07,314.69000000000005,27.16999999999996,1,2,1.0
757,4,680.2,608.56,23.50999999999999,16.40000000000009,1,1,1.0
758,1,435.28,556.61,310.22,27.789999999999964,1,2,1.0
758,4,665.1,604.7,37.60000000000002,20.899999999999977,1,1,1.0
759,1,436.0,554.3,319.1,33.0,1,2,1.0
759,4,669.4,607.35,36.370000000000005,21.350000000000023,1,1,1.0
760,1,435.6,557.0,312.69999999999993,30.5,1,2,1.0
760,4,664.52,606.62,39.680000000000064,24.879999999999995,1,1,1.0
761,1,437.97,558.32,312.13,28.779999999999973,1,2,1.0
761,4,659.66,610.25,43.54000000000008,19.25,1,1,1.0
762,1,440.86,558.74,303.67999999999995,27.519999999999982,1,2,1.0
762,4,658.86,608.11,43.27999999999997,22.68999999999994,1,1,1.0
763,1,441.12,559.26,303.78,27.940000000000055,1,2,1.0
763,4,656.93,608.95,43.1400000000001,21.449999999999932,1,1,1.0
764,1,444.13,559.95,304.14,26.639999999999986,1,2,1.0
764,4,655.39,608.19,46.940000000000055,23.6099999999999,1,1,1.0
765,1,441.32,558.71,302.90000000000003,27.789999999999964,1,2,1.0
765,4,648.53,611.9,54.879999999999995,23.5,1,1,1.0
765,5,701.5,602.2,14.710000000000036,7.219999999999914,1,1,1.0
766,1,444.9,560.49,299.57000000000005,26.43999999999994,1,2,1.0
766,4,640.96,612.44,59.93999999999994,22.559999999999945,1,1,1.0
766,5,699.0,600.81,17.5,9.490000000000009,1,1,1.0
767,1,444.75,559.84,299.21000000000004,26.93999999999994,1,2,1.0
767,4,636.14,611.4,63.56000000000006,22.200000000000045,1,1,1.0
767,5,697.61,599.7,20.289999999999964,11.199999999999932,1,1,1.0
768,1,442.81,559.39,301.29,26.460000000000036,1,2,1.0
768,4,630.54,610.66,68.46000000000004,23.840000000000032,1,1,1.0
768,5,698.45,600.81,17.75,10.8900000000001,1,1,1.0
769,1,442.5,559.01,301.41999999999996,28.370000000000005,1,2,1.0
769,4,630.42,610.33,67.38,24.870000000000005,1,1,1.0
769,5,687.94,600.51,28.25999999999999,11.56000000000006,1,1,1.0
770,1,439.8,559.53,302.97999999999996,29.090000000000032,1,2,1.0
770,4,624.99,609.27,70.61000000000001,25.930000000000064,1,1,1.0
770,5,684.73,598.58,34.370000000000005,14.120000000000005,1,1,1.0
771,1,438.0,559.18,306.99,29.360000000000014,1,2,1.0
771,4,625.39,611.51,69.72000000000003,20.190000000000055,1,1,1.0
771,5,679.87,597.06,38.52999999999997,16.74000000000001,1,1,1.0
772,1,437.8,558.03,311.3,29.720000000000027,1,2,1.0
772,4,625.02,609.8,71.92000000000007,21.700000000000045,1,1,1.0
772,5,671.28,597.12,45.82000000000005,15.779999999999973,1,1,1.0
773,1,437.8,555.81,309.3,33.60000000000002,1,2,1.0
773,4,611.06,608.7,84.11000000000001,25.079999999999927,1,1,1.0
773,5,672.65,595.52,44.14999999999998,17.279999999999973,1,1,1.0
774,1,435.9,559.02,312.80000000000007,28.470000000000027,1,2,1.0
774,4,600.1,608.6,91.0,26.399999999999977,1,1,1.0
774,5,666.37,593.56,48.84000000000003,20.530000000000086,1,1,1.0
775,1,434.4,557.48,311.64,28.590000000000032,1,2,1.0
775,4,599.1,606.64,80.39999999999998,29.360000000000014,1,1,1.0
775,5,668.3,592.27,51.10000000000002,20.529999999999973,1,1,1.0
776,1,439.61,558.34,304.13,28.100000000000023,1,2,1.0
776,4,599.4,603.82,77.10000000000002,31.279999999999973,1,1,1.0
776,5,655.8,591.83,41.5,18.16999999999996,1,1,1.0
777,1,451.81,558.11,295.57,24.090000000000032,1,2,1.0
777,4,597.58,604.8,73.21999999999991,27.270000000000095,1,1,1.0
777,6,677.98,614.0,17.66999999999996,14.769999999999982,1,1,1.0
777,5,655.03,592.32,40.23000000000002,16.549999999999955,1,1,1.0
778,1,444.99,558.01,312.71000000000004,24.41999999999996,1,2,1.0
778,4,594.75,608.3,74.25,24.410000000000082,1,1,1.0
778,6,667.38,607.25,31.519999999999982,21.549999999999955,1,1,1.0
778,5,636.83,589.61,52.870000000000005,16.789999999999964,1,1,1.0
778,7,700.67,595.82,19.129999999999995,14.479999999999905,1,1,1.0
779,1,451.18,557.0,306.21999999999997,25.08000000000004,1,2,1.0
779,4,590.18,605.76,76.24000000000001,26.480000000000018,1,1,1.0
779,6,662.88,606.29,36.620000000000005,23.110000000000014,1,1,1.0
779,5,632.5,590.4,61.57000000000005,15.470000000000027,1,1,1.0
779,7,698.72,595.82,22.480000000000018,14.779999999999973,1,1,1.0
780,1,449.91,555.92,307.12999999999994,24.660000000000082,1,2,1.0
780,4,548.35,607.2,112.54999999999995,30.16999999999996,1,1,1.0
780,6,660.63,605.65,42.07000000000005,21.850000000000023,1,1,1.0
780,5,628.32,588.15,64.17999999999995,18.350000000000023,1,1,1.0
780,7,694.84,592.76,29.459999999999923,17.840000000000032,1,1,1.0
781,1,445.85,555.44,295.1,24.729999999999905,1,2,1.0
781,4,554.3,606.55,100.72000000000003,31.25,1,1,1.0
781,6,656.47,603.77,46.32999999999993,22.129999999999995,1,1,1.0
781,5,621.08,585.76,62.65999999999997,18.789999999999964,1,1,1.0
781,7,684.85,590.82,38.049999999999955,18.379999999999995,1,1,1.0
782,1,448.25,553.65,308.54999999999995,28.460000000000036,1,2,1.0
782,4,551.29,600.7,101.61000000000001,35.68999999999994,1,1,1.0
782,6,649.7,600.48,56.69999999999993,25.220000000000027,1,1,1.0
782,5,607.29,581.4,68.21000000000004,19.210000000000036,1,1,1.0
782,7,679.02,589.71,46.98000000000002,15.889999999999986,1,1,1.0
783,1,448.68,552.3,301.02000000000004,30.420000000000073,1,2,1.0
783,4,551.29,598.4,85.91000000000008,37.99000000000001,1,1,1.0
783,6,639.5,598.28,69.88,20.620000000000005,1,1,1.0
783,5,602.5,582.6,62.700000000000045,15.110000000000014,1,1,1.0
783,7,668.75,585.8,66.64999999999998,17.58000000000004,1,1,1.0
784,1,452.13,545.47,328.97,39.08999999999992,1,2,1.0
784,4,553.1,600.2,76.79999999999995,36.19999999999993,1,1,1.0
784,6,630.2,598.28,76.59999999999991,26.120000000000005,1,1,1.0
784,5,594.27,580.2,54.83000000000004,17.409999999999968,1,1,1.0
784,7,660.4,583.02,79.72000000000003,16.180000000000064,1,1,1.0
785,1,451.0,538.96,335.29999999999995,48.539999999999964,1,2,1.0
785,4,550.5,600.1,65.20000000000005,36.299999999999955,1,1,1.0
785,6,615.39,597.39,87.21000000000004,27.25999999999999,1,1,1.0
785,5,585.93,582.7,59.97000000000003,15.719999999999914,1,1,1.0
785,7,654.95,580.7,61.049999999999955,17.09999999999991,1,1,1.0
786,1,454.9,535.53,328.4,52.97000000000003,1,2,1.0
786,4,547.0,602.0,66.89999999999998,34.299999999999955,1,1,1.0
786,6,609.88,596.25,71.87,23.450000000000045,1,1,1.0
786,5,575.85,581.0,48.94999999999993,18.210000000000036,1,1,1.0
786,7,647.7,573.6,74.69999999999993,21.799999999999955,1,1,1.0
787,1,454.9,529.0,350.1,60.299999999999955,1,2,1.0
787,4,542.9,605.8,68.10000000000002,30.700000000000045,1,1,1.0
787,6,604.37,595.1,56.52999999999997,25.720000000000027,1,1,1.0
787,5,577.46,582.59,48.319999999999936,14.969999999999914,1,1,1.0
787,7,633.3,577.1,77.40000000000009,21.019999999999982,1,1,1.0
788,1,455.7,531.41,327.2,59.49000000000001,1,2,1.0
788,4,536.27,607.88,69.88999999999999,30.549999999999955,1,1,1.0
788,6,598.86,595.0,68.53999999999996,23.909999999999968,1,1,1.0
788,5,570.07,580.0,45.729999999999905,19.809999999999945,1,1,1.0
788,7,625.09,574.55,84.00999999999999,21.450000000000045,1,1,1.0
789,1,460.0,531.01,287.78999999999996,60.09000000000003,1,2,1.0
789,4,535.2,612.9,61.299999999999955,26.700000000000045,1,1,1.0
789,6,593.34,594.16,68.25999999999999,22.83000000000004,1,1,1.0
789,5,567.18,579.7,48.620000000000005,21.719999999999914,1,1,1.0
789,7,623.1,577.4,77.0,18.100000000000023,1,1,1.0
789,8,724.13,575.81,20.039999999999964,15.200000000000045,1,1,1.0
790,1,456.9,528.51,300.83000000000004,63.190000000000055,1,2,1.0
790,4,533.1,609.7,51.69999999999993,32.299999999999955,1,1,1.0
790,6,581.81,598.1,70.29000000000008,27.819999999999936,1,1,1.0
790,5,563.33,591.0,15.870000000000005,11.379999999999995,1,1,1.0
790,7,601.46,577.66,98.83999999999992,29.040000000000077,1,1,1.0
790,8,722.73,576.7,23.769999999999982,14.849999999999909,1,1,1.0
791,1,456.0,524.28,337.98,68.01999999999998,1,2,1.0
791,4,531.3,613.4,52.90000000000009,31.200000000000045,1,1,1.0
791,6,579.4,597.77,71.39999999999998,28.730000000000018,1,1,1.0
791,5,555.62,592.93,15.870000000000005,11.379999999999995,1,1,1.0
791,7,617.36,577.3,76.03999999999996,24.58000000000004,1,1,1.0
791,8,719.83,579.1,24.069999999999936,12.879999999999995,1,1,1.0
792,1,458.7,524.31,324.42,68.09000000000003,1,2,1.0
792,4,529.1,614.8,57.89999999999998,32.30000000000007,1,1,1.0
792,6,576.7,595.97,79.5,28.730000000000018,1,1,1.0
792,5,550.8,593.89,15.870000000000005,11.669999999999959,1,1,1.0
792,7,617.63,576.5,76.87,23.75,1,1,1.0
792,8,711.54,577.6,35.360000000000014,16.639999999999986,1,1,1.0
793,1,463.99,521.91,337.98,72.68000000000006,1,2,1.0
793,4,526.8,619.8,69.0,25.200000000000045,1,1,1.0
793,6,565.1,600.98,76.60000000000002,20.220000000000027,1,1,1.0
793,7,604.4,579.15,73.95000000000005,23.649999999999977,1,1,1.0
793,8,708.88,579.6,35.01999999999998,14.970000000000027,1,1,1.0
794,1,452.4,523.16,310.1700000000001,69.13999999999999,1,2,1.0
794,4,524.4,625.1,65.30000000000007,17.799999999999955,1,1,1.0
794,6,550.23,599.35,74.91999999999996,25.75999999999999,1,1,1.0
794,7,601.39,582.4,57.00999999999999,18.300000000000068,1,1,1.0
794,8,708.54,580.4,26.56000000000006,14.5,1,1,1.0
795,1,462.7,521.2,301.09999999999997,73.09999999999991,1,2,1.0
795,4,527.22,626.16,41.860000000000014,20.75,1,1,1.0
795,6,545.6,603.1,82.92999999999995,31.5,1,1,1.0
795,7,597.23,577.9,75.56999999999994,23.940000000000055,1,1,1.0
795,8,694.22,578.57,42.379999999999995,16.629999999999995,1,1,1.0
796,1,464.2,519.3,297.97999999999996,75.40000000000009,1,2,1.0
796,4,531.1,627.77,30.269999999999982,14.930000000000064,1,1,1.0
796,6,553.7,603.9,100.5,30.5,1,1,1.0
796,7,593.06,581.8,69.6400000000001,22.940000000000055,1,1,1.0
796,8,687.92,579.92,53.58000000000004,18.680000000000064,1,1,1.0
797,1,463.7,519.1,322.59999999999997,76.39999999999998,1,2,1.0
797,4,527.89,628.1,30.269999999999982,16.850000000000023,1,1,1.0
797,6,551.1,604.6,70.79999999999995,31.100000000000023,1,1,1.0
797,5,529.92,597.08,28.420000000000073,16.50999999999999,1,1,1.0
797,7,588.06,581.8,79.67000000000007,23.25999999999999,1,1,1.0
797,8,686.41,577.88,49.690000000000055,19.519999999999982,1,1,1.0
798,1,467.1,519.31,299.77,75.49000000000001,1,2,1.0
798,4,525.0,630.93,21.840000000000032,14.970000000000027,1,1,1.0
798,6,545.7,611.69,55.19999999999993,28.709999999999923,1,1,1.0
798,7,588.74,581.77,80.41999999999996,32.450000000000045,1,1,1.0
798,8,685.99,579.71,46.110000000000014,17.589999999999918,1,1,1.0
799,1,461.4,530.1,299.6,64.29999999999995,1,2,1.0
799,4,524.6,635.98,14.199999999999932,9.620000000000005,1,1,1.0
799,6,532.0,610.25,67.79999999999995,28.75,1,1,1.0
799,7,582.48,583.8,79.12,30.0,1,1,1.0
799,8,683.33,582.9,51.870000000000005,15.57000000000005,1,1,1.0
800,1,470.4,533.1,301.30000000000007,60.89999999999998,1,2,1.0
800,4,523.58,635.44,13.719999999999914,8.259999999999991,1,1,1.0
800,6,533.3,611.6,68.20000000000005,27.379999999999995,1,1,1.0
800,7,579.29,583.2,82.61000000000001,28.6099999999999,1,1,1.0
800,8,682.66,587.1,51.940000000000055,14.539999999999964,1,1,1.0
801,1,458.1,530.4,335.79999999999995,61.200000000000045,1,2,1.0
801,6,529.28,608.0,69.22000000000003,34.460000000000036,1,1,1.0
801,7,580.49,584.7,65.71000000000004,26.49000000000001,1,1,1.0
801,8,676.16,586.7,58.34000000000003,18.629999999999995,1,1,1.0
802,1,453.9,538.5,298.1,51.10000000000002,1,2,1.0
802,6,528.94,610.0,72.05999999999995,32.539999999999964,1,1,1.0
802,5,512.58,607.9,11.419999999999959,8.5,1,1,1.0
802,7,572.91,583.0,73.48000000000002,30.269999999999982,1,1,1.0
802,8,677.39,589.5,46.90999999999997,16.299999999999955,1,1,1.0
803,1,448.8,545.8,319.90000000000003,41.90000000000009,1,2,1.0
803,6,522.8,610.1,76.40000000000009,32.19999999999993,1,1,1.0
803,5,512.9,598.99,25.5,17.819999999999936,1,1,1.0
803,7,579.12,590.63,70.0,22.049999999999955,1,1,1.0
803,8,673.27,590.7,50.23000000000002,16.59999999999991,1,1,1.0
804,1,448.8,544.91,303.91,37.389999999999986,1,2,1.0
804,6,524.8,610.44,64.67000000000007,36.559999999999945,1,1,1.0
804,7,578.74,590.77,71.15999999999997,24.940000000000055,1,1,1.0
804,8,671.18,592.7,51.22000000000003,19.75,1,1,1.0
805,1,450.29,545.91,316.28000000000003,36.139999999999986,1,2,1.0
805,6,523.2,607.13,75.79999999999995,39.57000000000005,1,1,1.0
805,5,513.2,599.95,21.059999999999945,13.949999999999932,1,1,1.0
805,7,584.1,591.3,74.89999999999998,23.74000000000001,1,1,1.0
805,8,668.69,593.2,50.50999999999999,21.129999999999995,1,1,1.0
806,1,444.06,548.53,326.73999999999995,30.340000000000032,1,2,1.0
806,6,524.1,607.9,63.39999999999998,38.5,1,1,1.0
806,7,577.19,590.3,67.30999999999995,27.50999999999999,1,1,1.0
806,8,667.86,595.0,50.039999999999964,18.629999999999995,1,1,1.0
807,1,438.9,548.53,327.6,30.340000000000032,1,2,1.0
807,6,520.5,606.5,52.0,39.39999999999998,1,1,1.0
807,7,573.89,591.8,73.21000000000004,25.710000000000036,1,1,1.0
807,8,666.95,598.2,50.84999999999991,18.16999999999996,1,1,1.0
808,1,457.3,548.05,312.90000000000003,29.970000000000027,1,2,1.0
808,6,519.55,607.0,51.15000000000009,38.51999999999998,1,1,1.0
808,7,573.9,590.7,67.80000000000007,33.08999999999992,1,1,1.0
808,8,667.04,598.2,49.960000000000036,19.019999999999982,1,1,1.0
809,1,428.5,547.57,329.0,29.6099999999999,1,2,1.0
809,6,518.59,614.2,46.809999999999945,30.899999999999977,1,1,1.0
809,7,572.38,592.8,68.62,29.50999999999999,1,1,1.0
809,8,666.61,600.8,47.49000000000001,17.129999999999995,1,1,1.0
810,1,435.0,544.58,318.29999999999995,33.319999999999936,1,2,1.0
810,6,518.8,615.8,45.32000000000005,28.32000000000005,1,1,1.0
810,7,571.28,593.9,83.42000000000007,24.970000000000027,1,1,1.0
810,8,664.35,600.1,42.75,24.019999999999982,1,1,1.0
811,1,414.7,538.02,341.3,40.58000000000004,1,2,1.0
811,6,514.17,610.4,63.430000000000064,31.600000000000023,1,1,1.0
811,7,579.57,594.2,66.52999999999997,24.329999999999927,1,1,1.0
811,8,664.69,598.8,43.57999999999993,24.360000000000014,1,1,1.0
812,1,418.1,536.28,335.7099999999999,43.860000000000014,1,2,1.0
812,6,516.9,614.92,54.09000000000003,28.06000000000006,1,1,1.0
812,7,569.41,593.9,70.79000000000008,28.100000000000023,1,1,1.0
812,8,665.78,601.6,37.84000000000003,22.659999999999968,1,1,1.0
813,1,392.81,523.44,359.09,57.799999999999955,1,2,1.0
813,6,514.0,616.39,57.299999999999955,25.909999999999968,1,1,1.0
813,7,573.04,597.5,74.75999999999999,25.059999999999945,1,1,1.0
813,8,663.2,604.3,42.879999999999995,22.56000000000006,1,1,1.0
814,1,392.41,519.25,355.61999999999995,63.17999999999995,1,2,1.0
814,6,516.09,616.5,40.74000000000001,26.0,1,1,1.0
814,7,564.6,597.0,71.60000000000002,21.940000000000055,1,1,1.0
814,8,661.34,602.8,42.719999999999914,23.6400000000001,1,1,1.0
815,1,388.61,518.63,358.38,63.200000000000045,1,2,1.0
815,6,513.2,612.71,42.889999999999986,30.389999999999986,1,1,1.0
815,7,561.49,596.8,70.80999999999995,24.710000000000036,1,1,1.0
815,8,659.05,605.2,44.110000000000014,23.120000000000005,1,1,1.0
816,1,386.25,514.36,361.01,67.66999999999996,1,2,1.0
816,6,513.0,615.43,36.210000000000036,26.370000000000005,1,1,1.0
816,7,567.16,598.5,58.940000000000055,20.58000000000004,1,1,1.0
816,8,656.86,603.9,46.18999999999994,25.790000000000077,1,1,1.0
817,1,384.94,514.78,365.01000000000005,68.58000000000004,1,2,1.0
817,6,513.2,617.17,35.18999999999994,22.129999999999995,1,1,1.0
817,7,554.08,599.6,67.31999999999994,18.66999999999996,1,1,1.0
817,8,653.87,601.2,53.629999999999995,30.289999999999964,1,1,1.0
818,1,385.02,512.12,361.45000000000005,71.38999999999999,1,2,1.0
818,6,518.2,620.77,24.639999999999986,19.33000000000004,1,1,1.0
818,7,553.4,600.7,66.96000000000004,17.449999999999932,1,1,1.0
818,8,645.53,605.1,65.57000000000005,24.409999999999968,1,1,1.0
819,1,378.5,512.6,370.02,71.75,1,2,1.0
819,6,518.5,624.66,19.07000000000005,14.040000000000077,1,1,1.0
819,7,558.7,600.4,56.08999999999992,16.540000000000077,1,1,1.0
819,8,646.12,606.9,58.08000000000004,25.25999999999999,1,1,1.0
820,1,395.3,507.6,350.10999999999996,78.38,1,2,1.0
820,6,517.4,627.16,17.940000000000055,11.840000000000032,1,1,1.0
820,7,542.8,605.0,63.82000000000005,16.600000000000023,1,1,1.0
820,8,641.28,605.9,64.62,24.75,1,1,1.0
821,1,379.83,511.05,369.59999999999997,73.15000000000003,1,2,1.0
821,7,553.13,603.6,45.07000000000005,17.309999999999945,1,1,1.0
821,8,633.6,604.6,63.299999999999955,27.799999999999955,1,1,1.0
822,1,382.28,508.5,365.31000000000006,76.75,1,2,1.0
822,7,553.75,599.5,42.64999999999998,20.519999999999982,1,1,1.0
822,8,625.9,603.9,65.0,22.800000000000068,1,1,1.0
822,9,667.15,623.63,26.340000000000032,10.919999999999959,1,1,1.0
823,1,381.32,507.58,363.88000000000005,77.41000000000003,1,2,1.0
823,7,543.34,600.4,46.65999999999997,22.540000000000077,1,1,1.0
823,8,622.4,603.7,65.89999999999998,21.0,1,1,1.0
823,9,662.65,622.34,28.550000000000068,11.559999999999945,1,1,1.0
824,1,405.62,505.23,341.02,81.05999999999995,1,2,1.0
824,8,601.4,603.9,86.70000000000005,19.5,1,1,1.0
824,9,656.55,619.77,33.75,16.730000000000018,1,1,1.0
824,10,683.85,593.76,31.449999999999932,24.440000000000055,1,1,1.0
825,1,391.6,506.07,354.97,77.20999999999998,1,2,1.0
825,8,600.4,601.4,79.70000000000005,21.200000000000045,1,1,1.0
825,9,647.88,618.5,41.08000000000004,16.090000000000032,1,1,1.0
825,10,675.82,592.15,40.479999999999905,27.649999999999977,1,1,1.0
826,1,385.59,508.83,359.77000000000004,74.31,1,2,1.0
826,8,600.42,601.69,78.18000000000006,21.709999999999923,1,1,1.0
826,9,649.48,619.77,41.07999999999993,15.830000000000041,1,1,1.0
826,10,672.93,592.79,41.770000000000095,28.610000000000014,1,1,1.0
827,1,384.2,508.95,362.97999999999996,74.55000000000001,1,2,1.0
827,8,599.8,601.0,72.80000000000007,23.5,1,1,1.0
827,9,648.84,618.17,41.360000000000014,18.430000000000064,1,1,1.0
827,10,672.93,590.87,45.97000000000003,30.83000000000004,1,1,1.0
828,1,379.86,511.08,368.24,71.82,1,2,1.0
828,8,599.3,599.5,68.30000000000007,26.399999999999977,1,1,1.0
828,9,644.34,617.53,45.559999999999945,19.07000000000005,1,1,1.0
828,10,675.18,592.2,45.97000000000003,29.17999999999995,1,1,1.0
829,1,384.27,512.19,364.13,71.40999999999997,1,2,1.0
829,8,590.7,598.6,68.0,28.799999999999955,1,1,1.0
829,9,648.2,616.56,41.09999999999991,16.540000000000077,1,1,1.0
829,10,666.83,592.52,45.969999999999914,29.180000000000064,1,1,1.0
830,1,389.6,511.88,363.79999999999995,69.12,1,2,1.0
830,8,583.34,596.78,68.36000000000001,29.019999999999982,1,1,1.0
830,9,647.24,616.24,41.10000000000002,16.539999999999964,1,1,1.0
830,10,662.01,594.1,59.49000000000001,25.350000000000023,1,1,1.0
831,1,387.44,511.75,365.66,67.25,1,2,1.0
831,8,582.84,595.95,63.75999999999999,28.25,1,1,1.0
831,9,640.49,613.03,45.309999999999945,19.470000000000027,1,1,1.0
831,10,652.44,588.71,67.15999999999997,28.289999999999964,1,1,1.0
832,1,390.69,519.36,367.10999999999996,56.24000000000001,1,2,1.0
832,8,552.08,594.52,88.12,24.480000000000018,1,1,1.0
832,9,616.72,611.4,64.88,17.300000000000068,1,1,1.0
832,10,646.16,589.41,75.34000000000003,26.690000000000055,1,1,1.0
833,1,386.42,522.77,361.37999999999994,51.629999999999995,1,2,1.0
833,8,547.1,592.36,95.39999999999998,33.74000000000001,1,1,1.0
833,9,609.5,611.56,57.0,16.340000000000032,1,1,1.0
833,10,643.03,589.5,80.57000000000005,24.75,1,1,1.0
834,1,388.25,521.11,373.75,51.99000000000001,1,2,1.0
834,8,544.9,595.07,108.35000000000002,31.729999999999905,1,1,1.0
834,9,602.27,611.72,49.129999999999995,15.379999999999995,1,1,1.0
834,10,636.13,581.8,85.47000000000003,30.110000000000014,1,1,1.0
835,1,400.1,527.52,366.85,40.57000000000005,1,2,1.0
835,8,541.1,595.48,87.61000000000001,27.819999999999936,1,1,1.0
835,9,598.1,606.9,52.34000000000003,18.300000000000068,1,1,1.0
835,10,626.58,586.0,88.62,28.480000000000018,1,1,1.0
836,1,398.8,530.47,367.44,35.44999999999993,1,2,1.0
836,8,540.0,600.32,79.10000000000002,24.379999999999995,1,1,1.0
836,9,586.86,609.5,58.74000000000001,16.659999999999968,1,1,1.0
836,10,606.07,579.01,97.4899999999999,33.72000000000003,1,1,1.0
837,1,409.6,531.49,366.29999999999995,33.49000000000001,1,2,1.0
837,8,538.0,597.44,66.70000000000005,26.3599999999999,1,1,1.0
837,9,581.72,607.9,58.74000000000001,18.58000000000004,1,1,1.0
837,10,610.0,577.55,82.13,29.970000000000027,1,1,1.0
838,1,417.84,534.06,356.96,29.040000000000077,1,2,1.0
838,8,525.83,598.62,75.06999999999994,25.879999999999995,1,1,1.0
838,9,577.87,605.97,58.74000000000001,20.230000000000018,1,1,1.0
838,10,602.64,577.35,72.82000000000005,29.809999999999945,1,1,1.0
839,1,411.45,533.69,369.05,26.989999999999895,1,2,1.0
839,8,506.8,600.89,96.19999999999999,26.07000000000005,1,1,1.0
839,9,572.08,606.0,60.719999999999914,22.090000000000032,1,1,1.0
839,10,593.63,577.83,73.27999999999997,29.229999999999905,1,1,1.0
840,1,415.3,534.27,365.74999999999994,25.600000000000023,1,2,1.0
840,8,505.9,600.89,96.20000000000005,26.07000000000005,1,1,1.0
840,9,565.98,606.6,70.01999999999998,22.129999999999995,1,1,1.0
840,10,599.1,577.03,69.70999999999992,30.170000000000073,1,1,1.0
841,1,414.23,532.67,367.16999999999996,28.210000000000036,1,2,1.0
841,8,505.45,600.7,90.05000000000001,27.269999999999982,1,1,1.0
841,9,557.95,607.9,55.25,22.75999999999999,1,1,1.0
841,11,727.21,576.41,17.66999999999996,13.490000000000009,1,1,1.0
841,10,596.0,577.79,74.10000000000002,29.610000000000014,1,1,1.0
842,1,414.0,532.37,362.48,28.67999999999995,1,2,1.0
842,8,504.47,605.4,82.52999999999997,25.450000000000045,1,1,1.0
842,9,560.5,610.79,53.34000000000003,22.110000000000014,1,1,1.0
842,11,724.64,578.02,17.66999999999996,13.490000000000009,1,1,1.0
842,10,582.48,580.61,86.68999999999994,29.319999999999936,1,1,1.0
843,1,425.84,532.58,345.36000000000007,28.949999999999932,1,2,1.0
843,8,510.03,596.5,58.57000000000005,35.10000000000002,1,1,1.0
843,9,555.04,613.7,51.460000000000036,20.5,1,1,1.0
843,11,725.61,574.49,22.789999999999964,13.490000000000009,1,1,1.0
843,10,575.24,578.35,81.55999999999995,35.549999999999955,1,1,1.0
844,1,435.57,531.84,334.62000000000006,32.76999999999998,1,2,1.0
844,8,509.51,603.71,48.06000000000006,29.089999999999918,1,1,1.0
844,9,548.62,614.0,52.379999999999995,22.129999999999995,1,1,1.0
844,11,712.76,573.2,38.539999999999964,14.779999999999973,1,1,1.0
844,10,570.79,576.4,73.91000000000008,38.180000000000064,1,1,1.0
845,1,421.0,531.31,373.0,35.30000000000007,1,2,1.0
845,8,509.56,600.1,44.04000000000002,34.629999999999995,1,1,1.0
845,9,542.19,611.8,54.00999999999999,28.5,1,1,1.0
845,11,708.26,573.2,38.539999999999964,14.779999999999973,1,1,1.0
845,10,564.57,577.6,74.2299999999999,34.84000000000003,1,1,1.0
846,1,421.5,528.05,377.4,38.370000000000005,1,2,1.0
846,8,509.2,598.8,40.19999999999999,37.91000000000008,1,1,1.0
846,9,540.59,612.8,51.70999999999992,29.430000000000064,1,1,1.0
846,12,687.71,592.15,38.539999999999964,10.920000000000073,1,1,1.0
846,11,704.09,572.88,38.539999999999964,14.769999999999982,1,1,1.0
846,10,556.94,580.2,76.05999999999995,35.14999999999998,1,1,1.0
847,1,434.0,529.43,358.1,37.17000000000007,1,2,1.0
847,8,505.04,607.65,37.47999999999996,29.950000000000045,1,1,1.0
847,9,531.91,614.7,48.190000000000055,27.899999999999977,1,1,1.0
847,12,687.71,589.58,41.389999999999986,12.819999999999936,1,1,1.0
847,11,688.35,573.52,56.25,13.180000000000064,1,1,1.0
847,10,555.29,578.4,73.81000000000006,36.629999999999995,1,1,1.0
848,1,423.31,524.01,369.09,43.16999999999996,1,2,1.0
848,8,508.46,611.62,33.00000000000006,25.58000000000004,1,1,1.0
848,9,535.45,619.2,42.44999999999993,23.399999999999977,1,1,1.0
848,12,706.33,587.33,24.370000000000005,15.370000000000005,1,1,1.0
848,11,686.42,573.2,59.180000000000064,14.099999999999909,1,1,1.0
848,10,549.74,582.8,78.15999999999997,36.15000000000009,1,1,1.0
849,1,424.21,524.95,372.76000000000005,39.979999999999905,1,2,1.0
849,8,508.16,610.43,30.63999999999993,25.57000000000005,1,1,1.0
849,9,531.91,620.5,44.690000000000055,22.41999999999996,1,1,1.0
849,12,690.42,587.69,39.58000000000004,18.6099999999999,1,1,1.0
849,11,683.85,572.24,61.75,14.909999999999968,1,1,1.0
849,10,538.8,581.5,88.0,38.440000000000055,1,1,1.0
850,1,425.12,527.32,357.51,36.39999999999998,1,2,1.0
850,8,508.75,610.24,31.850000000000023,24.860000000000014,1,1,1.0
850,9,528.38,622.1,43.72000000000003,20.5,1,1,1.0
850,12,686.43,591.87,40.270000000000095,13.730000000000018,1,1,1.0
850,11,681.28,571.27,64.32000000000005,15.740000000000009,1,1,1.0
850,10,543.71,582.5,84.68999999999994,39.700000000000045,1,1,1.0
851,1,414.4,529.71,361.05000000000007,28.91999999999996,1,2,1.0
851,8,510.23,597.22,41.47000000000003,43.789999999999964,1,1,1.0
851,9,528.38,624.03,43.72000000000003,20.5,1,1,1.0
851,12,684.46,593.12,38.33999999999992,15.080000000000041,1,1,1.0
851,11,680.96,574.16,64.31999999999994,15.740000000000009,1,1,1.0
851,10,552.04,582.0,81.96000000000004,37.73000000000002,1,1,1.0
852,1,418.26,529.34,356.29999999999995,24.449999999999932,1,2,1.0
852,8,507.54,605.9,39.95999999999998,30.33000000000004,1,1,1.0
852,9,525.49,621.78,42.72000000000003,22.019999999999982,1,1,1.0
852,12,693.45,596.98,25.149999999999977,12.519999999999982,1,1,1.0
852,11,680.0,577.7,64.30999999999995,15.729999999999905,1,1,1.0
852,10,547.08,582.1,75.81999999999994,38.819999999999936,1,1,1.0
853,1,401.8,525.22,374.90000000000003,31.16999999999996,1,2,1.0
853,8,502.8,610.38,40.21999999999997,24.32000000000005,1,1,1.0
853,9,519.71,620.5,42.719999999999914,22.019999999999982,1,1,1.0
853,11,677.43,582.51,64.32000000000005,15.740000000000009,1,1,1.0
853,10,542.72,581.7,76.67999999999995,38.40999999999997,1,1,1.0
854,1,391.0,517.28,370.24,48.05000000000007,1,2,1.0
854,8,502.5,609.78,36.639999999999986,26.120000000000005,1,1,1.0
854,9,529.79,617.76,34.030000000000086,20.110000000000014,1,1,1.0
854,11,675.18,586.05,64.32000000000005,15.730000000000018,1,1,1.0
854,10,539.71,582.6,81.78999999999996,37.319999999999936,1,1,1.0
855,1,394.45,513.74,377.84999999999997,50.15999999999997,1,2,1.0
855,8,499.22,604.11,36.629999999999995,26.120000000000005,1,1,1.0
855,9,529.6,622.1,25.329999999999927,18.199999999999932,1,1,1.0
855,11,677.75,588.94,36.64999999999998,27.959999999999923,1,1,1.0
855,10,538.29,582.1,83.11000000000001,40.110000000000014,1,1,1.0
856,1,386.75,507.72,381.85,55.17999999999995,1,2,1.0
856,8,496.86,598.18,39.559999999999945,28.5,1,1,1.0
856,9,526.85,621.3,27.220000000000027,17.25,1,1,1.0
856,11,674.86,588.3,36.64999999999998,27.960000000000036,1,1,1.0
856,10,541.94,584.2,77.55999999999995,40.129999999999995,1,1,1.0
857,1,379.6,505.99,384.6,61.40999999999997,1,2,1.0
857,8,496.77,594.46,39.80000000000007,34.389999999999986,1,1,1.0
857,9,524.1,620.5,29.110000000000014,16.299999999999955,1,1,1.0
857,12,691.04,608.29,16.460000000000036,12.610000000000014,1,1,1.0
857,11,668.01,588.2,58.32000000000005,18.93999999999994,1,1,1.0
857,10,536.15,583.7,78.75,39.120000000000005,1,1,1.0
858,1,379.2,498.93,390.2,68.86999999999995,1,2,1.0
858,8,496.23,590.22,44.039999999999964,37.02999999999997,1,1,1.0
858,9,516.82,620.5,34.08999999999992,16.899999999999977,1,1,1.0
858,12,684.94,608.61,23.75999999999999,13.590000000000032,1,1,1.0
858,11,664.21,588.7,52.809999999999945,16.59999999999991,1,1,1.0
858,10,534.89,582.8,77.31000000000006,36.99000000000001,1,1,1.0
859,1,371.5,497.22,394.20000000000005,70.27999999999997,1,2,1.0
859,8,491.09,598.57,44.04000000000002,37.02999999999997,1,1,1.0
859,9,519.71,620.5,31.49000000000001,12.399999999999977,1,1,1.0
859,12,682.05,608.29,23.75999999999999,13.590000000000032,1,1,1.0
859,11,662.89,590.54,57.610000000000014,17.06000000000006,1,1,1.0
859,10,536.5,582.2,73.39999999999998,37.26999999999998,1,1,1.0
860,1,396.77,493.41,368.33000000000004,74.69,1,2,1.0
860,8,491.1,598.57,35.69999999999993,31.92999999999995,1,1,1.0
860,9,513.93,618.89,24.770000000000095,13.009999999999991,1,1,1.0
860,12,682.05,608.29,23.75999999999999,13.590000000000032,1,1,1.0
860,11,658.68,592.53,58.72000000000003,15.670000000000073,1,1,1.0
860,10,529.75,582.2,76.25,37.58999999999992,1,1,1.0
